1	Аврора біла	498	2	39	14.0
2	Аґапантіїні	3	0	1	0.0
3	Аґапантія	10	0	1	0.0
4	Акантоліда жовтоголова	4	0	1	0.0
5	Акантоліда сланцева	7	0	1	0.5
6	Акарапідоз	46	0	8	1.0
7	Акариформні кліщі	69	0	10	2.0
8	Акарициди	149	0	10	4.0
9	Акарологія	91	0	10	3.0
10	Американський білий метелик	101	1	8	3.0
11	Анадримадуза Ретовського	89	0	9	2.5
12	Анатомія комах	589	4	39	17.0
13	Андрена велика	127	0	11	4.0
14	Андрена золотонога	100	1	14	3.0
15	Андрена ошатна	60	0	10	1.0
16	Андрена степова	81	0	9	2.5
17	Андрена червоноплямиста	30	0	4	1.0
18	Андреніди	40	0	12	1.0
19	Аністиди	5	0	2	0.0
20	Аноплій самарський	136	1	13	3.0
21	Антени (біологія)	125	0	11	3.0
22	Антофора коренаста	43	0	4	2.0
23	Антофора чорновійчаста	33	0	6	1.0
24	Апростема Карпентера	29	0	27	0.0
25	Апростема Пелетьє	5	0	1	0.0
26	Аранеоморфні	20	0	8	1.0
27	Арахнологія	69	0	9	2.0
28	Аргасові кліщі	265	2	26	7.0
29	Арге Беккера	51	0	8	2.0
30	Арге Фрівальдського	4	0	1	0.0
31	Аргіопа тигрова	498	4	83	13.0
32	Артроплевра	22	0	3	1.0
33	Архіметаболія	10	0	2	1.0
34	Архостемати	8	0	2	1.0
35	Аскалаф строкатий	65	0	5	2.0
36	Аскалафові	23	0	13	1.0
37	Афелінус	3	0	1	0.0
38	Африканізована бджола	73	0	8	2.0
39	Бабка перев'язана	476	2	103	12.0
40	Бабки	1039	11	53	34.0
41	Багатозв'яз гірський український	84	1	6	3.0
42	Барвниця грушева	60	0	12	1.0
43	Бджола (геральдика)	31	0	5	1.0
44	Бджола (рід)	342	3	25	10.0
45	Бджола велика	51	0	5	2.0
46	Бджола східна	14	0	3	1.0
47	Бджола-муляр Лефебвра	65	0	6	2.0
48	Бджоли	4016	57	263	122.0
49	Бджолині	92	0	7	3.0
50	Бджоловидка	17	0	2	1.0
51	Бджоловидка звичайна	22	0	4	0.0
52	Бджоловидка лісова	10	0	3	0.0
53	Безвусикові	23	0	5	1.0
54	Бей-Бієнко Григорій Якович	16	0	2	1.0
55	Білан брукв'яний	99	1	62	1.5
56	Білан гірський	18	0	2	1.0
57	Білан жилкуватий	56	0	6	2.0
58	Білан капустяний	452	2	25	15.0
59	Білан ріпаковий	49	0	9	1.0
60	Біланові	39	0	5	1.0
61	Білокрилки	30	0	4	1.0
62	Білюх степовий	18	1	17	9.0
63	Білюшок Дюпоншеля	26	1	18	1.0
64	Білюшок Морзе	22	0	3	1.0
65	Бірміт	162	0	141	1.0
66	Бірроїдні	3	0	1	0.0
67	Блискітники	6	0	1	0.0
68	Блідий луговий метелик	21	0	7	1.0
69	Блідонога садова мурашка	22	0	3	1.0
70	Блішка бурякова звичайна	52	0	4	2.0
71	Блішка бурякова південна	17	0	2	1.0
72	Блішка льонова синя	32	0	4	1.0
73	Блішка смугаста хлібна	59	0	5	2.5
74	Блішки лляні	7	0	2	1.0
75	Блохи	900	7	76	25.0
76	Богомол звичайний	435	4	42	12.0
77	Богомоли	468	7	38	13.0
78	Богомольчик Гельдрейха	6	0	2	0.0
79	Богомольчик кримський	18	0	3	1.0
80	Боліварія короткокрила	48	0	5	1.0
81	Больбелязм однорогий	43	0	5	1.0
82	Борошнистий червець	25	0	5	1.0
83	Борошнисті червеці	37	0	6	1.0
84	Борошняний кліщ	56	0	6	2.0
85	Бражник дубовий	195	1	15	6.5
86	Бражник карликовий	47	0	5	2.0
87	Бражник Комарова	10	0	2	1.0
88	Бражник Маака	3	0	1	0.0
89	Бражник мертва голова	634	3	50	21.0
90	Бражник олеандровий	38	0	5	1.0
91	Бражник очкастий	58	0	7	2.0
92	Бражник південний молочайний	42	0	5	1.0
93	Бражник підмаренниковий	17	0	3	1.0
94	Бражник прозерпіна	125	0	38	3.0
95	Бражник скабіозовий	48	0	5	1.0
96	Бражник тополевий	28	0	3	1.0
97	Бражник тютюновий	12	0	2	1.0
98	Бражник хорватський	37	0	4	1.0
99	Бражникові	198	0	15	6.0
100	Браконіди	15	0	4	1.0
101	Брахіцерус зморшкуватий	27	0	3	1.0
102	Бренівкові	13	0	2	0.0
103	Бронзівка волохата	942	7	61	30.0
104	Бронзівка гладка	55	0	4	2.0
105	Бронзівка мармурова	38	0	5	1.0
106	Бронзівка особлива	75	0	6	2.0
107	Бронзівки	86	1	9	2.0
108	Бронтоскорпіо	11	0	3	1.0
109	Букарка	73	1	6	2.0
110	Бупрестоїдні	1	0	1	0.0
111	Буравниця борщевична	20	0	3	1.0
112	Ванесса чорно-руда	67	0	7	2.0
113	Ведмедиці	29	0	4	1.0
114	Ведмедиця велика	487	2	35	16.0
115	Ведмедиця Геба	25	0	4	1.0
116	Ведмедиця Гера	72	0	9	2.0
117	Ведмедиця кайя	29	0	3	1.0
118	Ведмедиця-господиня	258	2	23	8.0
119	Велетенський мурашиний лев західний	145	0	13	4.5
120	Великий в'язовий заболонник	46	0	15	1.0
121	Великокрильці	13	0	4	1.0
122	Веслокрилі	30	0	15	1.0
123	Веснянка велика	44	0	4	1.0
124	Веснянки (комахи)	126	0	17	3.0
125	Віллі Хенніг	4	0	1	0.0
126	Вільгельм Фердинанд Еріхсон	3	0	1	0.5
127	Віялокрилі	16	0	3	1.0
128	Вовчок звичайний	1154	10	64	34.0
129	Вогнівка акацієва	33	0	21	1.0
130	Вогнівка інжирна	36	0	4	1.0
131	Вогнівка яблунева	44	0	12	1.0
132	Вогнівки	58	0	12	1.0
133	Вогнівки-трав'янки	11	0	2	0.0
134	Водомірки	375	2	31	8.0
135	Водяні скорпіони	84	0	10	2.0
136	Волохокрилець звичайний	15	0	2	1.0
137	Волохокрильці	134	0	15	3.0
138	Воші	1642	26	82	55.0
139	Всеїдні жуки	27	0	3	1.0
140	Вузьконадкрил	2	0	1	0.0
141	Вузьконадкрил рудий	1	0	1	0.0
142	Вусач дубовий	33	0	4	1.0
143	Вусач дубовий великий західний	202	1	20	6.0
144	Вусач дубовий малий	32	0	3	1.0
145	Вусач земляний Мокржецького	26	0	4	1.0
146	Вусач ліщиновий	45	0	11	1.0
147	Вусач пахучий	11	0	2	0.0
148	Вусач пахучий мускусний	56	0	5	2.0
149	Вусач сірий кленовий	49	0	14	1.0
150	Вусач-великозуб оленерогий	4	0	1	0.0
151	Вусач-коренеїд	16	0	7	0.5
152	Вусач-коренеїд елегантний	13	0	2	1.0
153	Вусач-коренеїд кримський	24	0	20	0.0
154	Вусач-коренеїд хрестоносець	58	0	6	2.0
155	Вусач-пурпуронадкрил Келера	12	0	2	1.0
156	Вусач-стенокор дубовий	5	0	1	0.0
157	Вусач-титан	6	0	2	0.0
158	Вусач-титан велетенський	31	0	7	1.0
159	Вусач-товстун	12	0	7	0.0
160	Вусач-товстун вербовий	23	0	5	1.0
161	Вусачик-акмеопс	8	0	4	0.0
162	Вусачик-акмеопс семикрапковий	14	0	4	1.0
163	Вусачі	474	5	30	15.0
164	Вусачі Українських Карпат	44	0	5	1.0
165	Вуховертка звичайна	154	0	17	4.0
166	Вуховертки	65	0	8	2.0
167	Гал (біологія)	67	0	5	3.0
168	Галеруцини	7	0	1	0.5
169	Галиці	50	0	9	2.0
170	Галиця виноградна	18	0	4	1.0
171	Галиця вічкова	16	0	3	1.0
172	Галиця пагонова смородинова	25	0	6	1.0
173	Галиця плодова грушева	6	0	1	0.5
174	Гармонія азійська	92	1	9	3.0
175	Гарячка паппатачі	148	1	14	5.0
176	Гемолімфа	304	2	16	9.0
177	Гемоціанін	106	0	11	3.0
178	Гігантський азійський шершень	173	0	12	5.0
179	Гілл-топпінг	26	0	14	1.0
180	Гіляров Меркурій Сергійович	28	0	8	1.0
181	Гіперметаморфоз	15	0	2	1.0
182	Гірняк Евриала	12	0	2	1.0
183	Гірняк полонинець	12	0	2	1.0
184	Гірняк Проноя	9	0	2	1.0
185	Гірняк темнорудий	13	0	2	1.0
186	Гниди	284	2	28	8.0
187	Гнойовик звичайний	186	1	26	5.0
188	Гнус	387	3	92	10.0
189	Голова комах	84	0	6	3.0
190	Головогруди	41	0	6	1.0
191	Головотрубка	6	0	1	0.0
192	Головчак Актеон	13	0	2	1.0
193	Головчак Андромеда	6	0	1	0.0
194	Головчак гратчастий	10	0	2	1.0
195	Головчак жилкуватий	18	0	4	1.0
196	Головчак карчоховий	8	0	2	0.0
197	Головчак кома	14	0	2	1.0
198	Головчак крокісовий	29	0	13	1.0
199	Головчак кружало	8	0	1	0.0
200	Головчак лісовий	13	0	2	1.0
201	Головчак мальвовий	19	0	2	1.0
202	Головчак мозаїчний	6	0	2	0.0
203	Головчак Морфей	13	0	6	0.0
204	Головчак Палемон	13	0	2	1.0
205	Головчак поцяткований	12	0	2	1.0
206	Головчак Прото	7	0	1	1.0
207	Головчак серпійний	8	0	1	0.0
208	Головчак сида	11	0	2	0.0
209	Головчак строкатий	7	0	2	0.0
210	Головчак східний	10	10	10	10.0
211	Головчак Таґес	11	0	2	1.0
212	Головчак тире	10	0	2	1.0
213	Головчак французький	7	0	1	0.0
214	Головчак чистецевий	9	0	3	0.5
215	Головчак-лісовик	8	0	2	0.5
216	Головчаки	18	0	3	1.0
217	Голометабола	14	0	3	1.0
218	Горохова попелиця	45	0	8	1.0
219	Гохгут Йоганн Хайнріх	15	0	5	0.0
220	Гребенников Віктор Степанович	29	0	5	1.0
221	Грибоподібні тіла	12	0	2	0.0
222	Грилоблатиди	7	0	1	0.0
223	Груди комах	73	0	10	2.0
224	Губоногі	111	1	16	3.0
225	Гусениця	443	5	26	13.0
226	Ґедзі	882	9	42	29.0
227	Ґедзь бичачий	87	0	9	2.5
228	Давньокрилі	16	0	6	1.0
229	Данаєць Хрисипп	17	0	3	1.0
230	Данилевський Олександр Сергійович	62	0	33	1.0
231	Двокрилі	467	3	31	13.0
232	Двопарноногі багатоніжки	62	0	6	2.0
233	Двопорі	10	0	2	0.0
234	Дендрометріни	2	0	1	0.0
235	Деревинник дубовий	35	0	7	1.0
236	Деревний богомол закавказький	16	0	4	1.0
237	Джміль	1980	30	100	64.0
238	Джміль альпійський	14	0	4	1.0
239	Джміль золотисто-підперезаний	10	0	2	1.0
240	Джміль мінливий	20	0	3	1.0
241	Джміль полярний	10	0	2	0.0
242	Джон Обадія Вествуд	5	0	2	0.0
243	Джордж Генрі Горн	4	0	2	0.0
244	Дзвінцеві	32	0	5	1.0
245	Дзюрчалки	83	0	7	3.0
246	Дибка степова	179	1	14	5.5
247	Династес	8	0	1	1.0
248	Династес Мая	5	0	1	0.5
249	Династес титис	3	0	1	0.0
250	Дихальце	25	0	8	1.0
251	Діапауза	70	0	11	1.0
252	Діаприїди	7	0	1	0.0
253	Довговус	19	0	6	1.0
254	Довговусі	22	0	4	1.0
255	Довговусі прямокрилі	14	0	3	1.0
256	Довговуска білоплямиста	13	0	2	1.0
257	Довгоніжка шкідлива	35	0	5	1.0
258	Довгоносик бульбочковий сірий щетинистий	28	0	3	1.0
259	Довгоносик бульбочковий смугастий	63	0	7	2.0
260	Довгоносик буряковий звичайний	314	1	89	7.0
261	Довгоносик візерунковий	23	0	6	1.0
262	Довгоносик грушевий листковий	22	0	2	1.0
263	Довгоносик двокільовий	33	0	5	1.0
264	Довгоносик землистий	32	0	3	2.0
265	Довгоносик комірний	173	0	26	4.0
266	Довгоносик ліщиновий	61	0	6	1.5
267	Довгоносик малиново-суничний	74	0	8	2.0
268	Довгоносик рисовий	36	0	5	1.0
269	Довгоносик сірий бруньковий	136	1	15	4.0
270	Довгоносик сірий буряковий	78	0	13	2.0
271	Довгоносик стебловий	10	0	3	0.0
272	Довгоносики	350	4	23	11.0
273	Довгоносикоподібні	37	0	6	1.0
274	Дозорець-імператор	164	0	12	6.0
275	Домашній чорний павук	245	2	13	8.0
276	Дріофториди	3	0	1	0.0
277	Дрозофіла чорночерева	81	0	10	2.0
278	Дрозофіли	749	4	63	24.0
279	Дукачик блакитнуватий	17	0	3	1.0
280	Дукачик бурий	14	0	3	1.0
281	Дукачик ватрак	16	0	4	1.0
282	Дукачик обочень	11	0	2	0.5
283	Дукачик Терсамон	12	0	2	1.0
284	Дукачик фіялковий	12	0	3	1.0
285	Дядечко Микола Платонович	20	0	3	1.0
286	Евцера вірменська	7	0	1	0.5
287	Евцера далматська	5	0	1	0.5
288	Ейлія іржава	14	0	3	0.5
289	Екдізон	4	0	2	0.0
290	Екологія комах	267	2	22	8.0
291	Елія гостроголова	18	0	4	1.0
292	Ембії	16	0	2	1.0
293	Емпуза	9	0	2	0.0
294	Емпуза піщана	41	0	4	1.0
295	Емпуза смугаста	96	1	9	3.0
296	Емпузові	10	0	3	0.0
297	Ентомологічна зброя	157	0	135	1.0
298	Ентомологічний сачок	4	0	1	0.0
299	Ентомологія	443	3	26	14.0
300	Ентомохорія	27	0	15	1.0
301	Ентоцид (Метаризин)	124	0	10	4.0
302	Ернст Людвиг Ташенберг	2	0	1	0.0
303	Євген Йоганн Крістоф Еспер	13	0	10	0.0
304	Жалібниця	59	0	7	2.0
305	Жало (тварин)	315	1	46	7.0
306	Жан Анрі Фабр	22	0	4	0.5
307	Жирове тіло	122	0	13	3.0
308	Життєвий цикл комах	1490	9	104	54.0
309	Жовтюх	10	0	2	1.0
310	Жовтюх альфакарець	18	0	3	0.0
311	Жовтюх помаранчик	22	0	4	1.0
312	Жовтюх шапранець	22	0	3	1.0
313	Жужелиця дама	39	0	4	2.0
314	Жужелиця Шеврола	12	0	2	1.0
315	Жук малиновий	58	0	4	2.0
316	Жук музейний	26	0	4	1.0
317	Жук хлібний	110	1	10	3.0
318	Жук-Геркулес	77	0	6	2.0
319	Жук-носоріг європейський	262	2	17	8.0
320	Жук-олень	1791	17	143	57.0
321	Жук-самітник	109	0	13	3.0
322	Жуки-бомбардири	60	0	9	2.0
323	Жуки-гнойовики	554	2	67	13.0
324	Жуки-точильники	143	1	11	4.0
325	Жуки-хижаки	57	0	8	2.0
326	Заболонник	8	0	1	0.5
327	Заболонник грабовий	21	0	3	1.0
328	Західна бурякова муха	22	0	2	1.0
329	Західний квітковий трипс	32	0	6	1.0
330	Зелена цитрусова попелиця	3	0	1	0.0
331	Зеленоочка	14	0	1	1.0
332	Земледухи	463	2	43	12.0
333	Зернова міль	48	0	5	1.0
334	Зерноїд гороховий	33	0	3	1.0
335	Златка блискуча	60	0	6	2.0
336	Златка бронзова дубова	27	0	4	1.0
337	Златка смородинова вузькотіла	42	0	6	1.5
338	Златка чорна	26	0	2	1.0
339	Златки	62	0	12	1.0
340	Знойко Дмитро Васильович	24	0	14	0.0
341	Золотогуз	80	0	10	2.0
342	Золотоочки	129	0	12	4.0
343	Зораптери	13	0	6	0.0
344	Зоряниця Аврора	50	0	4	2.0
345	Зубарик стегнуватий	20	0	4	1.0
346	Зубарик чорнолапий	50	0	6	1.0
347	Іксодові кліщі	1093	22	54	35.0
348	Імаго	468	4	30	15.0
349	Інсектициди	1247	13	76	36.0
350	Ірис плямистий	130	1	12	3.0
351	Історія диптерології	14	0	4	1.0
352	Їздці	87	0	9	3.0
353	Їздці-іхневмоніди	22	0	5	1.0
354	Йоганн Зігфрід Хуфнагель	2	0	1	0.0
355	Йоганн Ігнац Шіффермюллер	2	0	1	0.0
356	Йоганн Карл Вільгельм Іллігер	1	0	1	0.0
357	Йоганн Каспар Фюсслі	4	0	2	0.0
358	Йоганн Фрідріх Вільгельм Гербст	4	0	3	0.0
359	Казарка (комаха)	53	0	6	1.0
360	Каліфориди	40	0	5	1.0
361	Каптурники	5	0	2	0.0
362	Карадрина	18	0	2	1.0
363	Каракурт	1798	28	96	58.0
364	Карл Пенеке	32	0	20	1.0
365	Касти комах	49	0	5	1.0
366	Катаптерикс кримський	11	0	2	1.0
367	Квіткоїд грушевий	42	0	5	1.0
368	Квіткоїд ріпаковий	82	1	9	2.0
369	Квіткоїд яблуневий	156	0	16	5.0
370	Кененії	15	0	3	1.0
371	Кератофаги	9	0	3	0.0
372	Кержнер Ізяслав Мойсейович	16	0	10	0.5
373	Кириченко Олександр Миколайович	10	0	1	0.5
374	Ківсяки	107	0	24	3.0
375	Кістянки	35	0	6	1.0
376	Кліщ собачий	495	6	27	15.0
377	Кліщі	2639	29	124	91.0
378	Клоп грушевий	29	0	5	1.0
379	Клоп маврський	17	0	4	1.0
380	Клоп шкідлива черепашка	207	0	18	5.0
381	Клоп щавлевий	35	0	7	1.0
382	Клоп-арлекін	6	0	2	0.0
383	Клопи	987	13	56	31.0
384	Книжковий скорпіон	49	0	11	1.0
385	Кобилка (Прямокрилі)	25	0	5	1.0
386	Кобилка хрестова	18	0	4	1.0
387	Ковалик смугастий	49	0	7	2.0
388	Ковалики	224	1	15	7.0
389	Коконопряди	14	0	3	1.0
390	Коконопрядоподібні	3	0	1	0.5
391	Колемболи	450	1	344	2.0
392	Колорадський жук	935	10	62	28.0
393	Кольпа Клюге	10	0	2	1.0
394	Комар блискучий	5	0	1	0.0
395	Комар звичайний	340	4	23	10.0
396	Комарик черенковий	9	0	2	1.0
397	Комарі	1340	19	71	45.0
398	Комахи	5939	58	307	208.0
399	Комахи в культурі	146	1	12	5.0
400	Комахозапилення	514	3	50	16.0
401	Коник блакитнокрилий	23	0	3	1.0
402	Коник зелений	846	6	57	29.0
403	Кордулегастер кільчастий	38	0	10	1.0
404	Коренегриз звичайний	21	0	3	1.0
405	Коретра	6	0	2	0.0
406	Корнєєв Валерій Олексійович	42	0	5	1.0
407	Короїд	330	1	25	10.0
408	Короїд зморшкуватий	46	0	20	1.0
409	Короїд непарний багатоїдний	23	0	3	1.0
410	Короїд непарний західний	63	0	6	2.0
411	Короїди	192	1	15	6.0
412	Коромисла	36	0	13	1.0
413	Коромисло (рід)	33	0	6	1.0
414	Коротковусі двокрилі	13	0	3	0.0
415	Коротковусі прямокрилі	29	0	8	1.0
416	Кортодера волохата	3	0	1	0.0
417	Коршунов Юрій Петрович	1	0	1	0.0
418	Косарики (ентомологія)	163	0	17	4.0
419	Косатцеві	46	0	5	1.0
420	Косатці	7	0	2	0.5
421	Косатцюваті	23	0	3	1.0
422	Костянтин Гормузакі	35	0	29	0.0
423	Краброніди	19	0	12	0.5
424	Кравчик-головач	166	0	22	4.0
425	Красновуска Маккара	11	0	1	1.0
426	Красотіл пахучий	107	1	10	3.0
427	Красуня блискуча кримська	60	0	10	2.0
428	Красуня діва	162	1	16	5.0
429	Крила комах	391	3	29	12.0
430	Крилаті комахи	62	0	10	2.0
431	Круглошовні мухи	8	0	2	0.0
432	Круліковський Леонід Костянтинович	35	0	26	1.0
433	Крупноголови	3	0	2	0.0
434	Ксєнжопольський Антон Владиславович	16	0	8	0.0
435	Ксилокопа	42	0	4	1.5
436	Ксилокопа звичайна	178	0	17	4.0
437	Ксилокопа райдужна	25	0	3	1.0
438	Ксилокопа фіолетова	107	0	8	3.5
439	Ктир велетенський	38	0	4	1.0
440	Ктир шершенеподібний	43	0	6	1.0
441	Кубіталія чорна	28	0	4	1.0
442	Кукуїформні	14	0	3	0.0
443	Кукуйоїдні	11	0	4	0.0
444	Кутикула безхребетних	166	1	12	5.0
445	Левкоринія білолоба	21	0	2	1.0
446	Легіт березовий	14	0	3	1.0
447	Легіт дубовий	16	0	4	1.0
448	Лептура	6	0	2	0.0
449	Лептура етіопка	4	0	1	0.0
450	Лептура золотиста	16	0	2	1.0
451	Лептура кривонога	5	0	1	1.0
452	Лептура червоноспинкова	2	0	1	0.0
453	Лептура чотирисмуга	6	0	1	0.0
454	Лептурини	15	0	4	1.0
455	Листоблішка грушева	49	0	11	2.0
456	Листоблішка зонтична	12	0	2	0.5
457	Листоблішка яблунева	32	0	5	1.0
458	Листоблішки	13	0	2	1.0
459	Листоїд в'язовий	54	0	6	1.5
460	Листоїд рудий	4	0	1	0.0
461	Листоїд фіолетовий вільховий	40	0	6	1.0
462	Листоїди	145	0	13	3.0
463	Листокрутка брунькова	46	0	6	2.0
464	Листокрутка вербова кривовуса	13	0	4	1.0
465	Листокрутка виноградна	18	0	4	1.0
466	Листокрутка вишнева	15	0	3	1.0
467	Листокрутка кривовуса ліщинова	12	0	2	1.0
468	Листокрутка кривовуса смородинова	13	0	2	1.0
469	Листокрутка полохлива	11	0	2	0.0
470	Листокрутка різноколірна плодова	8	0	2	0.0
471	Листокрутка розанова	20	0	3	1.0
472	Листокрутка свинцевосмугаста	11	0	3	0.0
473	Листокрутка сітчаста	16	0	3	1.0
474	Листокрутка строкато-золотиста	9	0	2	0.0
475	Листокрутка сунична	11	0	2	1.0
476	Лівшиц Іссахар Зельманович	12	0	3	0.5
477	Ліксус катрановий	25	0	3	1.0
478	Лук'янович Федір Костянтинович	5	0	1	0.0
479	Лунка срібляста	13	0	2	1.0
480	Луски	330	1	26	9.0
481	Лускокрилі	1771	16	133	57.0
482	Лусочниця звичайна	122	1	7	4.0
483	Людвиг Ганглбавер	2	0	1	0.0
484	Людовико ді Капоріакко	2	0	1	0.0
485	Лялечка	252	1	22	8.0
486	Ляміїні	3	0	1	0.0
487	М'якотілки	42	0	6	1.0
488	Макрофія тевтонська	1	0	1	0.0
489	Максили	76	0	7	2.0
490	Мальпігієві судини	209	0	19	6.0
491	Малярійні комарі	244	2	17	7.0
492	Мандибули	116	1	7	4.0
493	Мантиспові	6	0	3	0.0
494	Мариковський Павло Іустинович	22	0	3	1.0
495	Маріо Бецці	3	0	1	0.0
496	Матка (бджільництво)	294	2	24	10.0
497	Махаон (комаха)	1268	18	82	37.0
498	Мацумура Шенен	4	0	1	0.0
499	Мегалара гаруда	5	0	1	0.0
500	Мегахілиди	18	0	6	1.0
501	Мереживниця Галатея	18	0	3	1.0
502	Мертвоїди	51	0	8	1.0
503	Метелівкові	50	0	7	2.0
504	Міксофаги	6	0	2	0.0
505	Міль бурякова мінуюча	23	0	7	1.0
506	Міль довговуса зелена	11	0	2	1.0
507	Міль зонтична	26	0	3	1.0
508	Міль капустяна	43	0	4	2.0
509	Міль листкова	9	0	2	0.0
510	Міль плодова	38	0	4	2.0
511	Міль серпокрила персикова	13	0	3	1.0
512	Міль цибулева	20	0	4	1.0
513	Міль яблунева	70	0	8	2.0
514	Мінери	22	0	4	1.0
515	Мінливець великий	74	0	10	2.0
516	Мінливець Метис	18	0	4	1.0
517	Мокреці	56	0	6	2.0
518	Мокржецький Сигізмунд Олександрович	16	0	2	1.0
519	Молі довговусі	15	0	3	0.5
520	Молі-строкатки	18	0	3	1.0
521	Мольорх малий	2	0	1	0.0
522	Монарх (метелик)	580	5	39	16.0
523	Морімус	3	0	2	0.0
524	Морімус блакитний	21	0	3	1.0
525	Морімус справжній	29	0	11	1.0
526	Морфо	66	0	7	2.0
527	Москіт	105	1	9	3.0
528	Москіти	131	1	18	4.0
529	Мотиль	210	0	15	7.0
530	Мурахи	3417	41	209	101.0
531	Мурашиний лев звичайний	120	1	11	3.5
532	Мурашині леви	68	0	5	2.0
533	Муха вишнева	52	0	7	2.0
534	Муха гессенська	51	0	7	2.0
535	Муха капустяна весняна	45	0	3	2.0
536	Муха кімнатна	984	7	59	33.0
537	Муха морквяна	53	0	32	1.0
538	Мухи	586	5	48	17.0
539	Мухи-стрічкокрилки	9	0	1	0.0
540	Мухоловка звичайна	641	6	64	18.0
541	Надкрила	102	0	13	3.0
542	Наличник (біологія)	5	0	1	0.0
543	Настінні павуки-краби	11	0	2	1.0
544	Непарний шовкопряд	62	0	8	2.0
545	Неуротома фауста	2	0	1	0.0
546	Нівелія кров'янистонадкрила	17	0	4	1.0
547	Німфа (біологія)	295	2	20	9.0
548	Новокрилі	42	0	6	1.0
549	Ноги комах	471	2	51	11.0
550	Ноліди	4	0	1	0.0
551	Носачка-листовидка	29	0	6	1.0
552	Носачки	20	0	18	0.0
553	Нотум	14	0	2	1.0
554	Образцов Микола Сергійович	8	0	3	0.0
555	Оводи	432	4	26	13.0
556	Оглоблін Дмитро Олексійович	6	0	1	0.0
557	Оглоблін Олександр Олексійович	13	0	2	0.5
558	Одноденки	216	1	20	6.0
559	Однопорі	6	0	1	0.0
560	Оксамитниця аретуса	14	0	3	1.0
561	Оксамитниця Тарпея	27	0	15	1.0
562	Оксамитниця Ютта	23	0	19	1.0
563	Онтофаг	3	0	1	0.0
564	Опариш	172	0	14	6.0
565	Опістосома	17	0	4	1.0
566	Опостегіди	2	0	1	0.0
567	Орусус паразитичний	17	0	2	1.0
568	Орхідейний богомол	26	0	4	1.0
569	Оса	1039	13	61	33.0
570	Осадець білозір	16	0	3	1.0
571	Осадець великий	31	0	19	1.5
572	Осадець Егерія	30	0	4	1.0
573	Осадець Мегера	15	0	3	0.5
574	Осмія руда	172	1	13	5.0
575	Очняк жовтогарячий	16	0	2	1.0
576	Очняк квітковий	27	0	5	1.0
577	Очняк ферульний	15	0	2	1.0
578	П'явиця синя	34	0	6	1.0
579	П'ядун аґрусовий	35	0	4	1.0
580	П'ядун березовий	73	0	8	2.0
581	П'ядун зимовий	47	0	6	1.0
582	П'ядун обведений	9	0	2	0.0
583	П'ядун щавлевий	5	0	3	0.0
584	П'ядуни	46	0	5	1.0
585	Павук жовтий	379	1	29	11.0
586	Павук-краб	16	0	3	1.0
587	Павук-сріблянка	402	5	27	11.0
588	Павук-хрестовик	1452	21	70	50.0
589	Павуки	2598	48	120	85.0
590	Павуки роду Argiope	72	0	61	0.0
591	Павуки-краби	45	0	5	1.0
592	Павуки-тенетники	40	0	5	1.0
593	Павукоподібні	1584	16	94	51.0
594	Павутинні кліщі	94	0	8	3.0
595	Панцирні кліщі	58	0	5	2.0
596	Паперові оси	63	0	7	2.0
597	Паразитоформні кліщі	75	0	8	3.0
598	Пауроподи	29	0	3	2.0
599	Пахіта	7	0	4	0.0
600	Пахіта смугаста	4	0	2	0.0
601	Пахіта чотириплямиста	4	0	1	0.0
602	Пацюкова блоха	50	0	7	1.5
603	Педикульоз	1688	23	97	61.0
604	Пелекоцера широколоба	9	0	4	1.0
605	Первиннобезкрилі комахи	74	0	6	2.5
606	Передньоспинка	7	0	3	0.0
607	Перетинчастокрилі	485	6	29	15.0
608	Періодичні цикади	69	0	5	2.0
609	Перламутрівка ніоба	42	0	9	1.0
610	Перлівець Геката	15	0	3	1.0
611	Перлівець Дафна	28	0	8	1.0
612	Перлівець Евномія	12	0	3	0.0
613	Перлівець Єфросина	14	0	3	1.0
614	Перлівець Іно	10	0	2	0.5
615	Перлівець малий	14	0	3	1.0
616	Перлівець північний	11	0	2	0.0
617	Перлівець Селена	14	0	4	1.0
618	Перлівець Титанія	13	0	3	1.0
619	Петрункевич Олександр Іванович	7	0	1	1.0
620	Печерний коник кавказький	3	0	3	0.0
621	Пилкоротиця південна	7	0	1	0.5
622	Пилкохвіст	4	0	1	0.0
623	Пилкохвіст український	21	0	3	1.0
624	Пилові кліщі	320	3	20	9.0
625	Пильщик березовий	13	0	2	1.0
626	Пильщики	80	0	9	2.5
627	Північна бурякова муха	30	0	14	1.0
628	Піґулочники	2	0	1	0.0
629	Підсрібник габовий	18	0	3	1.0
630	Підсрібник Лаодіка	14	0	2	1.0
631	Підсрібник Латонія	30	0	15	1.0
632	Підсрібник Пандора	16	0	3	1.0
633	Плавунець облямований	122	0	13	3.0
634	Плавунець широкий	34	0	5	1.0
635	Плавунцеві	343	3	25	10.0
636	Плавунці	24	0	3	1.0
637	Пластинчастовусі	115	0	14	2.0
638	Платтяна воша	232	2	17	7.0
639	Плішивий шершень	39	0	6	1.0
640	Плодожерка яблунева	144	1	11	5.0
641	Плоский червоний кліщ	40	0	4	1.0
642	Плоскотілка червона	19	0	2	1.0
643	Плоскотілки	12	0	3	0.5
644	Політ комах	115	0	9	3.0
645	Пономаренко Олександр Георгійович	4	0	1	0.0
646	Попелиці	1292	9	74	40.0
647	Попелиця баштанна	54	0	8	1.0
648	Порчинський Йосип Алоїзович	2	0	1	0.0
649	Постільний клоп	1030	15	54	31.0
650	Примарові	210	1	79	4.0
651	Прихованохоботник стебловий капустяний	44	0	7	1.5
652	Прихованощелепні	35	0	12	1.0
653	Прочанок Арканія	14	0	3	1.0
654	Прочанок Глікеріон	13	0	3	1.0
655	Прочанок Едип	10	0	2	1.0
656	Прочанок Леандр	10	0	3	0.0
657	Прочанок памфіл	26	0	3	1.0
658	Прус італійський	26	0	4	1.0
659	Прусак	81	1	9	2.5
660	Прусак рудий	232	2	16	7.0
661	Прямокрилі	289	2	23	8.0
662	Псарус черевастий	25	0	3	1.0
663	Псевдоскорпіони	180	0	50	3.0
664	Псевдофаенопс Якобсона	6	0	2	0.0
665	Псевдощитівки	9	0	2	0.0
666	Птахокрилка королеви Олександри	20	0	3	1.0
667	Птеростих	2	0	1	0.0
668	Пухоїди	42	0	5	1.0
669	Ранатра звичайна	39	0	7	1.0
670	Рафідофоріди	10	0	2	0.0
671	Рицинулеї	8	0	3	0.0
672	Рівнокрилі	119	0	11	3.0
673	Рівнокрилі бабки	81	0	8	3.0
674	Різнокрилі	27	0	5	1.0
675	Рогач малий	40	0	3	1.0
676	Рогачі	43	0	4	1.0
677	Рогохвіст-авгур	32	0	5	1.0
678	Рогохвости	22	0	6	1.0
679	Ротовий апарат комах	550	1	36	18.0
680	Руднєв Дмитро Федорович	2	0	1	0.0
681	Рябець Аврелія	41	0	20	1.0
682	Рябець Авринія	0	0	0	0.0
683	Рябець Бритомартида	31	0	14	1.0
684	Рябець великий	19	0	2	1.0
685	Рябець діаміна	8	0	2	0.0
686	Рябець звичайний	33	0	18	1.0
687	Рябець рудий	18	0	3	1.0
688	Сарана	557	4	42	17.0
689	Сарана марокська	47	0	31	1.0
690	Сарана перелітна	255	2	20	8.0
691	Саранові	36	0	7	1.0
692	Сатир боровий південний	15	0	2	1.0
693	Сатир Брісеїда	9	0	2	1.0
694	Сатир буковий	10	0	2	0.5
695	Сатир Герміона	7	0	1	1.0
696	Сатир Цирцея	24	0	10	1.0
697	Сатурнієві	84	0	37	1.0
698	Сатурнія (метелик)	16	0	5	1.0
699	Сатурнія велика	221	1	44	4.0
700	Світлякові	1203	0	293	11.0
701	Сидячечеревні	18	0	5	1.0
702	Сизириди	7	0	2	0.0
703	Симфіли	29	0	7	1.0
704	Синдром руйнування колоній	44	0	5	1.0
705	Синявець Алькон	13	0	3	1.0
706	Синявець Альцет	11	0	2	0.0
707	Синявець Антерос	27	0	21	1.0
708	Синявець Аргирогномон	9	0	1	1.0
709	Синявець Аргіад	15	0	2	1.0
710	Синявець Аргус	10	0	3	0.0
711	Синявець Аріон	12	0	3	1.0
712	Синявець Вікрама	13	0	2	1.0
713	Синявець голуб'як	18	0	4	1.0
714	Синявець гороховий	11	0	1	1.0
715	Синявець Дамон	27	0	22	2.0
716	Синявець Дамоне	14	0	2	1.0
717	Синявець евмедон	11	0	2	1.0
718	Синявець Ідас	16	0	2	1.0
719	Синявець Ікар	74	0	9	2.0
720	Синявець карликовий	9	0	1	0.5
721	Синявець конюшиновий	12	0	2	1.0
722	Синявець Коридон	9	0	1	1.0
723	Синявець кримський	7	0	1	0.0
724	Синявець крушиновий	20	0	3	1.0
725	Синявець Мелеагр	15	0	3	1.0
726	Синявець Озиріс	15	0	2	1.0
727	Синявець Оріон	15	0	2	1.0
728	Синявець Піритой	8	0	1	0.0
729	Синявець приязний	13	0	2	1.0
730	Синявець Рипарта	10	0	2	0.0
731	Синявець Телей	20	0	5	1.0
732	Синявець Терсит	11	0	2	0.0
733	Синявець торфовищний	10	0	2	1.0
734	Синявець туркусовий	11	0	2	1.0
735	Синявець хазарський	8	0	2	0.0
736	Синявець чорнуватий	14	0	3	1.0
737	Синявцеві	232	0	196	1.0
738	Система Комстока-Нідема	5	0	2	0.0
739	Систематичний перелік родин жуків світу	26	0	3	1.0
740	Сінниця Геро	27	0	4	1.0
741	Сіноїди	27	0	3	1.0
742	Сітчастокрилі	60	0	6	2.0
743	Скарабей	84	1	7	3.0
744	Скарабей священний	699	7	38	23.0
745	Сколія-гігант	86	0	6	3.0
746	Сколопендра	1037	12	193	26.0
747	Сколопендра гігантська	156	1	17	5.0
748	Сколопендра кільчаста	38	0	4	1.5
749	Сколопендра товста	16	0	4	1.0
750	Скорпіон кримський	200	1	17	6.0
751	Скорпіони	1727	10	191	42.0
752	Скорпіонові мухи	40	0	5	1.0
753	Слимакоїд кримський	79	0	8	3.0
754	Сліпняк буряковий	23	0	8	1.0
755	Сліпняк люцерновий	42	0	23	1.0
756	Слоник люцерновий	21	0	2	1.0
757	Совинський Вадим Васильович	5	0	2	0.0
758	Совка Агриппіна	17	0	2	1.0
759	Совка капустяна	58	0	7	2.0
760	Совка озима	85	0	8	2.0
761	Совка пірамідальна	18	0	3	1.0
762	Совка соснова	47	0	9	1.0
763	Совка-гамма	85	0	6	3.0
764	Совки	113	0	8	4.0
765	Совки-п'ядуни	5	0	1	0.0
766	Сольпуга звичайна	62	0	7	2.0
767	Сольпуги	174	1	11	5.0
768	Соміти	88	0	11	2.0
769	Сонечка	2109	34	106	65.0
770	Сонечко двокрапкове	156	1	25	5.0
771	Сонечко семикрапкове	567	6	34	18.0
772	Сонцевик адмірал	97	0	14	2.0
773	Сонцевик будяковий	68	0	11	2.0
774	Сонцевик кропив'яний	112	0	14	3.0
775	Сонцевик павиче око	516	3	35	16.0
776	Сонцевик фау-біле	26	0	6	1.0
777	Сонцевики	107	0	9	3.0
778	Сонцевичок змінний	30	0	4	1.0
779	Список аністид України	18	0	2	1.0
780	Список бабок Польщі	4	0	1	0.0
781	Список бабок Росії	5	0	1	0.0
782	Список бабок України	95	0	16	2.5
783	Список богомолів Алжиру	3	0	1	0.0
784	Список богомолів В'єтнаму	32	0	19	0.5
785	Список богомолів Європи	298	0	275	1.0
786	Список богомолів Непалу	3	0	1	0.0
787	Список богомолів України	107	0	10	3.0
788	Список богомолів Шрі-Ланки	3	0	1	0.0
789	Список видів бджіл Ізраїлю	23	0	19	0.0
790	Список видів джмелів України	174	1	21	5.0
791	Список видів мурах Грузії	2	0	1	0.0
792	Список видів мурах Данії	6	0	3	0.0
793	Список видів мурах Польщі	9	0	3	1.0
794	Список видів мурах роду Camponotus	4	0	1	0.0
795	Список видів мурах Росії	6	0	3	0.5
796	Список видів мурах Швеції	1	0	1	0.0
797	Список видів мурах Шрі-Ланки	4	0	2	0.0
798	Список видів роду джміль	26	0	4	1.0
799	Список видів роду Aedes	2	0	2	0.0
800	Список видів роду Cicindela	2	0	1	0.0
801	Список двокрилих Польщі	28	0	4	1.0
802	Список денних метеликів Азербайджану	1	0	1	0.0
803	Список денних метеликів Алжиру	2	0	1	0.0
804	Список денних метеликів Вірменії	7	0	2	1.0
805	Список денних метеликів Ірану	3	0	2	0.0
806	Список денних метеликів Російської Федерації	2	0	2	0.0
807	Список денних метеликів Санкт-Петербурга і Ленінградської області	3	0	2	0.0
808	Список денних метеликів Туреччини	2	0	1	0.0
809	Список денних метеликів України	583	6	37	17.0
810	Список комах, занесених до Червоної книги України	327	1	26	9.0
811	Список лускокрилих Австрії	4	0	1	0.0
812	Список лускокрилих Албанії	3	0	1	0.0
813	Список лускокрилих Андорри	1	0	1	0.0
814	Список лускокрилих Бельгії	4	0	2	0.0
815	Список лускокрилих Білорусі	1	0	1	0.0
816	Список лускокрилих Болгарії	3	0	1	0.0
817	Список лускокрилих Боснії і Герцеговини	5	0	1	0.0
818	Список лускокрилих Греції	3	0	1	0.0
819	Список лускокрилих Данії	5	0	2	0.0
820	Список лускокрилих Естонії	2	0	1	0.0
821	Список лускокрилих Ірану	2	0	1	0.0
822	Список лускокрилих Кіпру	1	0	1	0.0
823	Список лускокрилих Латвії	4	0	1	0.0
824	Список лускокрилих Литви	5	0	1	0.0
825	Список лускокрилих Ліхтенштейну	1	0	1	0.0
826	Список лускокрилих Люксембургу	3	0	1	0.0
827	Список лускокрилих Молдови	1	0	1	0.0
828	Список лускокрилих Норвегії	4	0	1	0.0
829	Список лускокрилих Острова Пасхи	1	0	1	0.0
830	Список лускокрилих Островів Святої Єлени, Вознесіння і Тристан-да-Кунья	1	0	1	0.0
831	Список лускокрилих Північної Македонії	3	0	1	0.0
832	Список лускокрилих Польщі	5	0	1	0.5
833	Список лускокрилих Російської Федерації	201	0	190	0.0
834	Список лускокрилих Румунії	4	0	1	0.0
835	Список лускокрилих Сербії, Чорногорії та Косова	1	0	1	0.0
836	Список лускокрилих Словаччини	7	0	2	0.0
837	Список лускокрилих Танзанії	9	0	2	1.0
838	Список лускокрилих Угорщини	4	0	2	1.0
839	Список лускокрилих України	332	1	246	3.0
840	Список лускокрилих Фінляндії	4	0	1	0.0
841	Список лускокрилих Хорватії	4	0	1	0.0
842	Список лускокрилих Чехії	3	0	1	0.0
843	Список лускокрилих Швеції	6	0	2	0.0
844	Список лускокрилих Шрі-Ланки	3	0	1	0.0
845	Список метеликів родини Coleophoridae Туреччини	1	0	1	0.0
846	Список молей Туреччини	6	0	3	0.0
847	Список павуків Польщі	32	0	4	1.0
848	Список павуків Шрі-Ланки	1	0	1	0.0
849	Список скорпіонів Шрі-Ланки	5	0	2	1.0
850	Список совок Туреччини	1	0	1	0.0
851	Список тарганів Польщі	5	0	2	0.5
852	Список турунів Білорусі	2	0	1	0.0
853	Список турунів Естонії	4	0	2	0.0
854	Список турунів Молдови	4	0	2	0.0
855	Справжні ківсяки	48	0	25	1.0
856	Справжні клопи	137	0	12	4.0
857	Справжні коники	479	3	41	15.0
858	Справжні оси	46	0	6	1.0
859	Справжні попелиці	225	2	13	7.0
860	Справжні цвіркуни	64	0	5	2.0
861	Стафілін волохатий	31	0	4	1.0
862	Стафілін пахучий	36	0	4	1.0
863	Стебельчасточеревні	40	0	16	1.0
864	Стенурелла	3	0	1	0.0
865	Стерніт	43	0	6	1.0
866	Странгалія	6	0	4	0.0
867	Странґаліна вузькотіла	13	0	2	1.0
868	Стрибуни	19	0	7	0.5
869	Стрілка (бабка)	21	0	4	1.0
870	Стрілка Ліндена	34	0	8	1.0
871	Стрілка Меркурія	19	0	3	1.0
872	Стрілки (родина)	26	0	5	1.0
873	Стрільчатка псі	4	0	1	0.0
874	Стрільчатка тризубець	4	0	1	0.0
875	Стрільчатка щавлева	15	0	7	0.0
876	Стрічкарка диз'юнктивна	5	0	2	0.5
877	Стрічкарка орденська малинова	28	0	3	1.0
878	Стрічкарка тополева	52	0	8	2.0
879	Стрічкарка червоно-жовта	14	0	4	0.0
880	Стрічкарки	5	0	1	0.0
881	Строкатки (метелики)	37	0	5	1.0
882	Строкатокрилки	15	0	2	1.0
883	Тагма	20	0	4	1.0
884	Тарантул	1170	15	71	33.0
885	Тарантул південноруський	808	9	98	21.0
886	Тарган чорний	233	2	16	6.0
887	Таргани	884	16	45	26.0
888	Тарганові перегони	10	0	2	0.0
889	Тарганоподібні	15	0	2	1.0
890	Твердокрилі	906	13	48	26.0
891	Теленга Микола Абрамович	20	0	4	1.0
892	Тельсон	24	0	8	0.0
893	Тенебріоноїдні	11	0	2	0.0
894	Теодор Генрі Фрісон	5	0	2	0.0
895	Тер-Мінасян Маргарита Єрвандівна	3	0	1	0.0
896	Тергіт	47	0	17	1.0
897	Терміти	488	5	30	15.0
898	Томарес Каллімах	5	0	2	0.0
899	Томас Волластон	5	0	1	0.0
900	Тонкі ківсяки	28	0	17	2.0
901	Тонкопряди	5	0	2	0.0
902	Тонкочеревець Фонсколомба	6	0	1	0.0
903	Торакс (зоологія)	86	0	25	2.0
904	Трахеї	198	1	19	6.0
905	Трахейнодишні	66	0	11	1.5
906	Триктенотоміди	5	0	1	0.0
907	Трипси	128	0	14	3.0
908	Тріскачка ширококрила	16	0	4	1.0
909	Тромбідіформні кліщі	47	0	4	2.0
910	Трубкокрут дубовий	24	0	4	1.0
911	Трубкокрути	20	0	5	1.0
912	Трубконосики	3	0	1	0.0
913	Трутень	717	11	33	23.0
914	Турун	174	0	18	5.0
915	Турун бесарабський	11	0	3	1.0
916	Турун Менетріє	15	0	3	0.0
917	Турун печерний Дублянського	5	0	2	1.0
918	Турун угорський	22	0	6	1.0
919	Турун Фабра	3	0	1	0.0
920	Турун Фабра український	36	0	5	1.0
921	Турун хлібний	65	0	7	2.0
922	Турун Щеглова	8	0	2	0.0
923	Туруни	280	1	20	9.0
924	Туруноїдні	7	0	1	1.0
925	Фасеткове око	287	1	24	10.0
926	Філоксера виноградна	78	0	6	3.0
927	Фредерік Мур	2	0	2	0.0
928	Френсіс Песко	3	0	1	0.0
929	Хвостюшки	8	0	1	1.0
930	Хвостюшок акацієвий	8	0	2	0.0
931	Хвостюшок в'язовий	8	0	2	1.0
932	Хвостюшок падубник	11	0	3	1.0
933	Хвостюшок сливовий	9	0	2	0.0
934	Хвостюшок терновий	7	0	2	0.0
935	Хижі жуки	34	0	6	1.0
936	Хітин	1265	10	96	38.0
937	Хоботкові метелики	29	0	3	1.0
938	Хребтоплав звичайний	25	0	4	1.0
939	Хризоліна	4	0	1	0.0
940	Хризомеліни	5	0	1	0.0
941	Хрущ	825	5	104	15.0
942	Хрущ волохатий	84	0	10	2.0
943	Хрущ мармуровий	138	1	13	3.5
944	Хрущ травневий	2359	25	225	59.0
945	Хрущак борошняний	74	0	7	3.0
946	Хрущі	394	3	52	7.0
947	Царічкова Діана Борисівна	41	0	19	0.0
948	Цвіркун польовий	213	1	24	6.0
949	Цвіркуни	208	1	27	5.0
950	Целонітес абревіатус кримський	4	0	2	0.0
951	Церамбікоїдні	5	0	1	0.0
952	Цератофій багаторогий	40	0	4	1.0
953	Цеце	487	7	29	16.0
954	Цикади	294	3	18	9.0
955	Цикадки	41	0	5	1.0
956	Чарльз Ротшильд	9	0	2	0.0
957	Червеці	22	0	3	1.0
958	Червець	655	4	67	10.0
959	Червиця пахуча	18	0	3	1.0
960	Червоноклоп червоний	1518	19	113	46.0
961	Червонолоб	3	0	1	0.0
962	Червчик Комстока	12	0	3	1.0
963	Черевце	68	0	6	2.0
964	Черевце комах	118	0	12	3.0
965	Чорнотілки	65	0	8	2.0
966	Чубатка пишновуса	10	0	4	0.0
967	Шапіро Дора Самійлівна	11	0	7	1.0
968	Шведські мухи	34	0	5	1.0
969	Шелюжко Лев Андрійович	45	0	16	1.0
970	Шершень	1101	15	81	33.0
971	Шершень звичайний	266	1	19	8.0
972	Шершень східний	28	0	3	1.0
973	Шизоміди	28	0	7	1.0
974	Шкіроїди	50	0	8	1.0
975	Шовкопряд шовковичний	259	1	19	9.0
976	Шовкопряди	19	0	4	0.0
977	Шовкопряди похідні	7	0	2	0.0
978	Щербатка c-біле	24	0	4	1.0
979	Щетинкохвості	20	0	3	1.0
980	Щитівки	48	0	5	2.0
981	Щитники	34	0	7	1.0
982	Щупальця	48	0	7	1.0
983	Яйцеклад	60	0	8	2.0
984	Aaaba	5	0	2	0.0
985	Aaata finchi	3	0	1	0.0
986	Abax	17	0	2	0.0
987	Abiromorphus anceyi	5	0	1	0.0
988	Acalyptratae	6	0	1	0.0
989	Acanthaeschna victoria	2	0	1	0.0
990	Acanthopsychops triaina	24	0	18	0.0
991	Acanthopteroctetidae	6	0	1	0.5
992	Aconurella	3	0	1	0.0
993	Acorius	3	0	1	0.0
994	Acostemminae	2	0	1	0.0
995	Acraea horta	23	0	19	0.0
996	Acronicta	3	0	2	0.0
997	Actenicerus	3	0	1	0.0
998	Adela cuprella	7	0	2	0.5
999	Adelowalkeria	3	0	1	0.0
1000	Adelpholeon lithophorus	33	0	11	3.0
1001	Adosomus	7	0	1	0.0
1002	Adrapsa	3	0	1	0.0
1003	Adrapsoides	7	0	1	1.0
1004	Aedes	75	0	10	2.0
1005	Aedes aegypti	47	0	12	1.0
1006	Aedes albopictus	46	0	6	1.0
1007	Aedes dorsalis	1	0	1	0.0
1008	Aedes nigromaculis	1	0	1	0.0
1009	Aenictus	3	0	2	0.0
1010	Aethiocarenus	49	0	36	0.0
1011	Afghanocleonus	2	0	1	1.0
1012	Afrolarinus	1	0	1	0.0
1013	Agabinae	2	0	1	0.0
1014	Agapanthia amicula	2	0	1	0.0
1015	Agapanthia angelicae	1	0	1	0.0
1016	Agapanthia annularis	2	0	1	0.0
1017	Agapanthia asphodeli	1	0	1	0.0
1018	Agapanthia detrita	1	0	1	0.0
1019	Agapanthia pesarinii	1	0	1	0.0
1020	Agelenidae	11	0	3	0.5
1021	Agelenoidea	3	0	1	0.0
1022	Ageleradix	3	0	2	0.5
1023	Ageleradix cymbiforma	2	0	1	0.0
1024	Ageleradix otiforma	2	0	1	0.5
1025	Agonum	17	0	15	0.0
1026	Agonum dolens	2	0	1	0.0
1027	Agonum ericeti	2	0	1	0.0
1028	Agonum gracilipes	2	0	1	0.0
1029	Agonum lugens	2	0	1	0.0
1030	Agonum sexpunctatum	2	0	1	0.0
1031	Agonum versutum	2	0	1	0.0
1032	Agraulis vanillae	5	0	1	0.0
1033	Aguriahana	1	0	1	0.0
1034	Albicostella	5	0	1	0.0
1035	Alebra	4	0	2	0.0
1036	Aleocharinae	9	0	3	1.0
1037	Allantinae	4	0	1	0.0
1038	Allolarinus	1	0	1	0.0
1039	Alobaldia	2	0	1	0.0
1040	Alucita karadagica	17	1	16	8.5
1041	Alysiinae	5	0	3	0.0
1042	Amarixys	2	0	1	0.0
1043	Amarixys gracilis	1	0	1	0.0
1044	Ameles	9	0	5	0.0
1045	Ameles decolor	4	4	4	4.0
1046	Ameles fasciipennis	10	0	2	1.0
1047	Ameles spallanzania	18	1	9	4.0
1048	Amelini	9	0	3	0.0
1049	Amimenus	2	0	1	0.0
1050	Ammocleonus	1	0	1	0.0
1051	Anareolatae	2	0	1	0.0
1052	Aneuretus simoni	4	0	2	0.0
1053	Anomala binotata	1	0	1	0.0
1054	Anomaloninae	7	0	2	0.0
1055	Anopheles	194	0	18	6.0
1056	Anopheles (підрід)	4	0	1	0.0
1057	Anopheles freeborni	5	0	2	1.0
1058	Anopheles minor	1	0	1	0.0
1059	Anoplognathini	2	0	1	0.0
1060	Anoplura	65	0	7	2.0
1061	Anthrenus	15	0	3	1.0
1062	Apamea	2	0	1	0.0
1063	Apamea barbara	2	0	1	0.0
1064	Apamea glenura	1	0	1	0.0
1065	Apameini	1	0	1	0.0
1066	Aparotopus	3	0	1	0.0
1067	Aphelinidae	11	0	3	0.0
1068	Aphidiinae	5	0	1	0.0
1069	Aphidoletes	2	0	1	0.0
1070	Aphis	5	0	2	0.0
1071	Aphis baccharicola	1	0	1	0.0
1072	Aphthartopsychops scutatus	17	0	12	1.0
1073	Aphthona herbigrada	2	0	1	0.0
1074	Aphthona melancholica	1	0	1	0.0
1075	Aplesilus	2	0	1	0.0
1076	Apleurus	3	0	1	0.0
1077	Apoditrysia	4	0	2	0.0
1078	Apoidea	33	0	3	1.0
1079	Aprosthema	29	0	28	0.0
1080	Aptenoperissus	101	0	55	1.0
1081	Aptenoperissus etius	30	0	16	1.0
1082	Aptenoperissus magnifemoris	56	0	25	4.0
1083	Aptenoperissus pusillus	12	0	4	1.0
1084	Apteromantis aptera	5	0	1	0.0
1085	Araneoidea	5	0	2	0.0
1086	Arbelana	1	0	1	0.0
1087	Arboridia	1	0	1	0.0
1088	Archaeolepis mane	1	0	1	0.0
1089	Archiearinae	3	0	1	0.0
1090	Archiinocellia oligoneura	1	0	1	0.0
1091	Architendipedidae	2	0	1	0.0
1092	Archizelmiridae	5	0	2	0.5
1093	Arctiinae	3	0	2	0.0
1094	Arctoperlaria	4	0	1	0.0
1095	Arge pallidinervis	1	0	1	0.0
1096	Argema	5	0	1	0.0
1097	Argema mittrei	18	0	3	1.0
1098	Argiope	35	0	5	1.0
1099	Argiope aemula	2	0	1	0.0
1100	Argiope aetheroides	2	0	1	0.0
1101	Argiope amoena	22	0	10	0.0
1102	Argiope anasuja	2	0	1	0.0
1103	Argiope argentata	30	0	11	0.0
1104	Argiope aurantia	27	0	10	1.0
1105	Argiope boesenbergi	2	0	1	0.0
1106	Argiope catenulata	4	0	1	0.0
1107	Argiope chloreis	3	0	1	0.0
1108	Argiope dang	5	0	3	0.0
1109	Argiope doleschalli	2	0	1	0.0
1110	Argiope hoiseni	5	0	2	0.5
1111	Argiope lobata	192	1	19	5.0
1112	Argiope mangal	2	0	1	0.0
1113	Argiope minuta	4	0	1	0.0
1114	Argiope modesta	5	0	2	0.0
1115	Argiope ocula	4	0	1	0.0
1116	Argiope perforata	4	0	2	0.0
1117	Argiope picta	3	0	1	0.0
1118	Argiope pulchella	7	0	2	1.0
1119	Argiope reinwardti	3	0	1	0.0
1120	Argiope trifasciata	22	0	18	0.0
1121	Argynnini	20	0	4	1.0
1122	Argyrotaenia brimuncus	3	0	1	0.0
1123	Aricia artaxerxes	5	0	1	0.0
1124	Arractocetus	3	0	1	0.0
1125	Aruena apicimaculata	1	0	1	0.0
1126	Asiarge	12	0	11	0.0
1127	Asiarge centralis	8	0	7	1.0
1128	Asiarge regeli	8	0	7	0.0
1129	Asinocleonus	2	0	1	0.0
1130	Asiochaoboridae	2	0	1	0.0
1131	Aspidiotinae	2	0	1	0.0
1132	Asproparthenis	9	0	1	1.0
1133	Atactogaster	2	0	1	0.5
1134	Atherigoninae	4	0	1	0.0
1135	Athysanella	2	0	1	0.0
1136	Athysanopsis	3	0	1	0.0
1137	Athysanus	1	0	1	0.0
1138	Atolmis rubricollis	2	0	1	0.0
1139	Atrax sutherlandi	5	0	2	0.0
1140	Attacus atlas	33	0	3	1.0
1141	Attercopus fimbriunguis	5	0	1	0.0
1142	Austroasca	2	0	1	0.0
1143	Aztecarpalus	5	0	1	1.0
1144	Balclutha	3	0	2	0.0
1145	Balinskycercella	4	0	2	0.0
1146	Bambusana	3	0	1	0.0
1147	Bangasternus	1	0	1	0.0
1148	Barbitistes constrictus	5	0	1	1.0
1149	Barbitistini	2	0	1	0.0
1150	Bathyphlebia	2	0	1	0.0
1151	Batrisini	1	0	1	0.0
1152	Bellinympha	2	0	1	0.0
1153	Besuchetiella	19	0	14	0.0
1154	Blaberidae	17	0	5	0.0
1155	Blattellidae	15	0	3	1.0
1156	Blattuloidea	2	0	1	0.0
1157	Blepharodinae	3	0	1	0.0
1158	Blepharopsis mendica	3	0	1	0.0
1159	Bobacella	2	0	1	0.0
1160	Bodemeyeria	1	0	1	0.0
1161	Boganiidae	5	0	2	0.0
1162	Bolivaria	6	0	2	0.0
1163	Bombus transversalis	5	0	2	0.0
1164	Bombus tricornis	3	0	1	0.0
1165	Bothriurus olaen	1	0	1	0.0
1166	Bothrogonia	2	0	1	0.0
1167	Bothynoderes	9	0	1	1.0
1168	Brachyceridae	5	0	2	0.0
1169	Brachycerinae	6	0	2	0.5
1170	Brachycerini	6	0	1	0.0
1171	Brachycerus	12	0	4	0.0
1172	Brachycleonus	2	0	1	0.5
1173	Brachysternus	1	0	1	0.0
1174	Brachysternus angustus	3	0	2	0.0
1175	Brachysternus germaini	1	0	1	0.0
1176	Brachysternus marginatus	1	0	1	0.0
1177	Brachysternus patagoniensis	1	0	1	0.0
1178	Brachysternus prasinus	2	0	1	0.0
1179	Brachysternus solier	1	0	1	0.0
1180	Brachysternus spectabilis	1	0	1	0.0
1181	Bracon hebetor	9	0	2	0.0
1182	Broconius	7	0	1	1.0
1183	Bryodemella	6	0	1	0.0
1184	Bubas bubalus	2	0	1	0.0
1185	Bubopsis agrionoides	25	0	20	1.0
1186	Buprestinae	4	0	1	0.0
1187	Buprestis	4	0	1	0.0
1188	Burmocorynus jarzembowski	1	0	1	0.0
1189	Burmogramma liui	1	0	1	0.0
1190	Burmomacer kirejtshuki	1	0	1	0.0
1191	Burmopsychops	1	0	1	0.0
1192	Cacopsylla	2	0	1	0.0
1193	Cacopsylla costalis	3	0	1	0.0
1194	Cacopsylla crataegi	4	0	2	0.0
1195	Cacopsylla cretica	2	0	1	0.0
1196	Cacopsylla curta	3	0	1	0.0
1197	Cacopsylla difficilis	2	0	1	0.0
1198	Cacopsylla dilonchi	2	0	1	0.0
1199	Cacopsylla elegantula	2	0	1	0.0
1200	Cacopsylla exima	3	0	1	0.5
1201	Caligula	11	0	2	1.0
1202	Callistolixus	8	0	1	1.0
1203	Calodemas	3	0	1	0.5
1204	Calopterygoidea	4	0	1	0.0
1205	Calyptratae	7	0	1	0.0
1206	Camponotus	20	0	4	1.0
1207	Camptopterohelea odora	1	0	1	0.0
1208	Carabinae	9	0	3	0.0
1209	Catocalini	6	0	4	0.0
1210	Cecidomyiinae	6	0	2	0.0
1211	Centrocleonus	2	0	1	0.0
1212	Cerambyx welensii	6	0	2	1.0
1213	Ceratocampinae	1	0	1	0.0
1214	Chalcophora mariana	8	0	1	0.0
1215	Charaxes candiope	2	0	1	0.0
1216	Chauliognathus pensylvanicus	6	0	2	0.0
1217	Cheiracanthium inclusum	23	0	6	1.0
1218	Chilocorus bipustulatus	4	0	1	0.0
1219	Chilognatha	6	0	2	0.0
1220	Chimerarachne yingi	5	0	3	0.0
1221	Chironomoidea	10	0	4	0.0
1222	Chorthippus dorsatus	3	0	1	0.0
1223	Chromonotus	5	0	1	0.0
1224	Chromosomus	2	0	1	0.0
1225	Chrysididae	16	0	3	1.0
1226	Chrysidoidea	4	0	1	0.0
1227	Chrysis comparata	1	0	1	0.0
1228	Chrysis fulgida	4	0	1	0.0
1229	Chrysis pulchella	1	0	1	0.0
1230	Chrysis zetterstedti	3	0	1	0.0
1231	Chrysolina (підрід)	3	0	1	0.0
1232	Chrysops	64	0	6	2.0
1233	Chthonioidea	4	0	1	0.0
1234	Cicadula	2	0	1	0.0
1235	Cicindela	7	0	2	0.0
1236	Cicindela hybrida	11	0	2	0.0
1237	Cicindelina	4	0	2	0.0
1238	Cicindelinae	12	0	4	0.0
1239	Cicindelini	3	0	2	0.0
1240	Cimicoidea	2	0	2	0.0
1241	Cimicomorpha	8	0	3	0.0
1242	Citheronia	2	0	1	0.0
1243	Citioica	2	0	1	0.0
1244	Cladofer huangi	25	0	12	1.0
1245	Cleonini	8	0	3	0.0
1246	Cleonis	6	0	2	0.0
1247	Cleonolithus	3	0	2	0.0
1248	Cleridae	11	0	2	0.0
1249	Clitumninae	6	0	2	0.0
1250	Cnemodontus	2	0	1	0.0
1251	Coccidulinae	4	0	1	0.0
1252	Coccinellinae	11	0	2	1.0
1253	Coccophagus	3	0	1	0.0
1254	Coccophagus lycimnia	4	0	1	0.5
1255	Coccophagus maculipennis	3	0	1	0.0
1256	Coccophagus malthusi	7	0	2	1.0
1257	Coccophagus margaritatus	4	0	1	0.0
1258	Coelidiinae	1	0	1	0.0
1259	Coenagrionoidea	5	0	1	0.5
1260	Colladonus	2	0	1	0.0
1261	Compsolixus	4	0	1	1.0
1262	Coniocleonus	7	0	1	1.0
1263	Conorhynchus	5	0	1	0.5
1264	Coptera anka	2	0	1	0.0
1265	Coreana raphaelis	15	0	11	0.0
1266	Coreoidea	5	0	2	0.0
1267	Cornupalpatum burmanicum	5	0	2	0.0
1268	Cosmogaster	2	0	1	0.0
1269	Cosmophasis bitaeniata	4	0	1	1.0
1270	Cotesia glomerata	2	0	1	0.0
1271	Coulinus	1	0	1	0.0
1272	Creatonotos gangis	27	0	4	1.0
1273	Crematogaster schmidti	20	0	4	1.0
1274	Creobroter	17	0	13	0.0
1275	Creoleon lugdunensis	20	0	16	1.0
1276	Cretanallachius magnificus	1	0	1	0.0
1277	Cretogramma engeli	1	0	1	0.0
1278	Cretoparacucujus cycadophilus	2	0	1	0.0
1279	Cryphopus	3	0	1	0.0
1280	Ctenurella	1	0	1	0.0
1281	Cuculliinae	1	0	1	0.0
1282	Culicomorpha	8	0	4	0.0
1283	Cupiennius	4	0	1	0.0
1284	Cupiennius salei	10	0	2	1.0
1285	Curculioididae	2	0	1	0.0
1286	Curculioninae	4	0	1	0.0
1287	Curculionites	2	0	2	0.0
1288	Cybister lateralimarginalis	7	0	4	0.0
1289	Cylindera	4	0	1	0.0
1290	Cylindera germanica	4	0	1	0.0
1291	Cylindera glabra	2	0	1	0.0
1292	Cymothoe sangaris	5	0	1	0.0
1293	Cynthia	14	0	2	0.0
1294	Cyphocleonus	10	0	2	0.5
1295	Daphnusa	6	0	1	0.0
1296	Daphnusa ailanti	2	0	1	0.0
1297	Daphnusa sinocontinentalis	4	0	1	0.5
1298	Darwinylus marcosi	5	0	1	0.0
1299	Dasineura	9	0	2	0.0
1300	Deinocroton draculi	4	0	2	0.0
1301	Deltocephalus	12	0	6	0.0
1302	Demodex cyonis	3	0	1	0.5
1303	Desis bobmarleyi	4	0	1	0.0
1304	Diaea	4	0	1	0.0
1305	Diaea dorsata	2	0	1	0.0
1306	Diaea ergandros	6	0	1	0.0
1307	Diaea evanida	8	0	2	0.5
1308	Diaea giltayi	4	0	1	1.0
1309	Diaeini	3	0	1	0.0
1310	Dikraneura	8	0	4	0.0
1311	Dilixellus	4	0	1	0.0
1312	Diodontognathus papillatus	26	0	13	3.0
1313	Dolichopoda	4	0	1	0.0
1314	Dolichopoda geniculata	3	0	1	0.0
1315	Dolichopoda graeca	3	0	1	0.0
1316	Dolichopoda hussoni	2	0	1	0.0
1317	Dolichopoda makrykapa	1	0	1	0.0
1318	Dolomedes	36	0	22	1.0
1319	Donacia semicuprea	5	0	1	0.0
1320	Doratura	8	0	4	0.0
1321	Dorcadion cinerarium	2	0	1	0.0
1322	Dorcadion fuliginator	3	0	1	0.0
1323	Dorcadion mokrzeckii	11	0	1	1.0
1324	Dorcadion pedestre	5	0	2	0.0
1325	Dorcadion sareptanum	4	0	2	0.0
1326	Dryocampa	2	0	1	0.0
1327	Dryops	3	0	2	0.0
1328	Dysaphis	5	0	2	0.0
1329	Eacles	1	0	1	0.0
1330	Eacles barnesi	1	0	1	0.0
1331	Eacles oslari	1	0	1	0.0
1332	Eciton	4	0	2	0.0
1333	Ecitophya	3	0	1	0.0
1334	Ectinogonia buqueti	10	0	9	0.0
1335	Ederranus	8	0	4	0.0
1336	Edessena	3	0	1	0.0
1337	Eduardoxenus unicus	0	0	0	0.0
1338	Edwardsiana	8	0	4	0.0
1339	Elaea	3	0	1	0.0
1340	Elaterinae	4	0	1	0.0
1341	Electrocaptivus xui	47	0	23	0.5
1342	Elymana	8	0	4	0.0
1343	Empoa	7	0	4	0.0
1344	Empoasca	7	0	4	0.0
1345	Empusa guttula	3	0	1	0.0
1346	Empusa hedenborgii	4	0	1	0.0
1347	Empusa longicollis	4	0	2	0.0
1348	Empusa pennata	4	0	1	0.0
1349	Empusa uvarovi	4	0	1	0.0
1350	Entiminae	5	0	1	0.0
1351	Entymetopus	2	0	1	0.0
1352	Eocleonus	0	0	0	0.0
1353	Eophyllium messelensis	3	0	1	0.0
1354	Epexochus	3	0	1	0.5
1355	Ephimeronotus	2	0	1	0.5
1356	Epiacanthus	10	0	5	0.0
1357	Epimeces	5	0	1	0.5
1358	Epiocheirata	3	0	1	0.0
1359	Episyrphus balteatus	6	0	2	0.0
1360	Erebidae	10	0	3	0.0
1361	Eremiaphila	5	0	2	0.0
1362	Eremiaphilidae	13	0	6	1.0
1363	Eriovixia gryffindori	5	0	2	0.5
1364	Eristalis bardus	3	0	1	0.5
1365	Erythracarinae	2	0	1	0.0
1366	Erythromma	3	0	1	0.0
1367	Euacanthellinae	10	0	5	1.0
1368	Eugeniodecus	1	0	1	0.0
1369	Euhypnorna grata	3	0	1	1.0
1370	Eukoenenia	5	0	1	1.0
1371	Eukoenenia christiani	2	0	1	0.0
1372	Eukoenenia strinatii	2	0	1	0.0
1373	Eukoeneniidae	3	0	1	0.0
1374	Eulixus	5	0	1	0.5
1375	Eumecops	4	0	1	0.0
1376	Euophrys omnisuperstes	1	0	1	0.0
1377	Eupelix	9	0	4	1.0
1378	Eupithecia basurmanca	2	0	1	0.0
1379	Eupteryx	7	0	4	0.0
1380	Eurhadina	8	0	4	0.0
1381	Eurycleonus	3	0	1	0.0
1382	Eurythyrea	5	0	4	0.0
1383	Euscelis	8	0	4	0.0
1384	Euscorpius beroni	8	0	3	1.0
1385	Eusparassus dufouri	3	0	1	0.0
1386	Eustenopus	1	0	1	0.0
1387	Eutulomatus	1	0	1	0.0
1388	Evacanthus	7	0	4	0.0
1389	Extatosoma tiaratum	14	0	2	1.0
1390	Fagina silvatica	2	0	1	0.0
1391	Fideliinae	2	0	1	0.0
1392	Filistata maguirei	3	0	1	0.0
1393	Forcipata	7	0	4	0.0
1394	Formiciinae	14	0	2	0.5
1395	Formicini	4	0	1	0.0
1396	Furcantenna yangi	1	0	1	0.0
1397	Gasteroclisus	1	0	1	0.0
1398	Gastrophysa	3	0	1	0.0
1399	Geomantis	2	0	1	0.0
1400	Geomantis larvoides	4	0	1	0.0
1401	Georginus	3	0	1	0.5
1402	Girtesma	3	0	1	0.0
1403	Glebius	3	0	1	0.0
1404	Gluphisia	1	0	1	0.0
1405	Gluphisia crenata	5	0	2	0.0
1406	Gluphisia lintneri	2	0	1	0.0
1407	Gluphisia oxiana	22	0	20	0.0
1408	Goliathus regius	4	0	1	0.0
1409	Gondwanascorpio emzantsiensis	10	0	3	0.0
1410	Gonioctena	4	0	1	0.0
1411	Gonocleonus	5	0	2	1.0
1412	Gonometa postica	5	0	2	0.0
1413	Grant viridifluvius	1	0	1	0.0
1414	Gromphadorhina portentosa	159	0	98	2.0
1415	Gyranusoidea iranica	2	0	1	0.0
1416	Habralictus	5	0	2	0.0
1417	Hadeninae	3	0	1	0.0
1418	Halter halteratus	29	0	24	0.0
1419	Haplopelma schmidti	3	0	1	0.0
1420	Harmonia (комаха)	11	0	3	1.0
1421	Harpalinae	20	0	12	0.0
1422	Hedychrum nobile	1	0	1	0.0
1423	Helaeomyia petrolei	290	0	36	15.0
1424	Helichus ussuriensis	2	0	1	0.0
1425	Heliconiinae	11	0	3	0.5
1426	Heliconius erato	9	0	3	1.0
1427	Helicoverpa zea	15	0	5	1.0
1428	Heliozona	3	0	1	0.0
1429	Helminthomorpha	7	0	2	0.5
1430	Hermetia illucens	45	0	7	1.0
1431	Heterocleonus	1	0	1	0.0
1432	Heteropterinae	3	0	1	0.0
1433	Hexarthrius	3	0	1	0.0
1434	Hierodula	7	0	1	0.0
1435	Holaptilon	1	0	1	0.0
1436	Holaptilon pusillulum	2	0	1	0.0
1437	Hololixus	1	0	1	0.0
1438	Hovalarinus	1	0	1	0.0
1439	Hybomitra	4	0	1	0.0
1440	Hybomitra altaica	2	0	1	0.0
1441	Hybomitra alticola	1	0	1	0.0
1442	Hydrillodes	3	0	2	0.0
1443	Hyles	8	0	3	0.0
1444	Hylobius abietis	66	0	6	2.0
1445	Hymenopodidae	17	0	4	0.0
1446	Hypogastruroidea	6	0	2	1.0
1447	Hypolixus	2	0	1	0.5
1448	Hypsicorypha gracilis	3	0	1	0.0
1449	Idolomantis diabolica	7	0	2	0.0
1450	Ileomus	1	0	1	0.0
1451	Ilybius	2	0	1	0.0
1452	Integripalpia	7	0	2	0.0
1453	Iolana iolas	6	0	1	0.0
1454	Iris oratoria	9	0	3	0.0
1455	Isomerops	3	0	1	1.0
1456	Isotogastrura	2	0	1	0.0
1457	Isotomidae	4	0	1	0.0
1458	Ixodida	185	1	28	5.0
1459	Junonia coenia	4	0	1	0.0
1460	Kalligramma	2	0	1	0.0
1461	Kalligramma paradoxum	3	0	1	0.0
1462	Kalligrammatidae	6	0	1	0.0
1463	Kallima inachus	11	0	3	0.0
1464	Katha	1	0	1	0.0
1465	Katha depressa	1	0	1	0.0
1466	Katha laevis	1	0	1	0.0
1467	Katha magnata	6	0	4	0.5
1468	Katha moorei	1	0	1	0.0
1469	Katha nankunshanica	2	0	1	0.0
1470	Katha nigropoda	2	0	1	0.0
1471	Katha prabana	1	0	1	0.0
1472	Katha suffusa	2	0	1	0.0
1473	Kekveus jason	1	0	1	0.0
1474	Klassius	3	0	1	0.0
1475	Koenigius	3	0	1	0.5
1476	Labidura riparia	10	0	2	0.5
1477	Lachnaeus	5	0	1	0.0
1478	Lambula	1	0	1	0.0
1479	Lambula aethalocis	1	0	1	0.0
1480	Lambula agraphia	1	0	1	0.0
1481	Lambula aroa	1	0	1	0.0
1482	Lambula bilineata	2	0	1	0.0
1483	Lambula bivittata	2	0	1	0.0
1484	Lambula buergersi	2	0	1	0.0
1485	Larentiinae	1	0	1	0.0
1486	Larinodontes	1	0	1	0.0
1487	Larinomesius	5	0	1	0.0
1488	Larinus	5	0	1	0.0
1489	Larinus (підрід)	5	0	2	0.0
1490	Larinus turbinatus	6	0	2	0.5
1491	Larinus vulpes	4	0	1	0.0
1492	Lasiocampinae	4	0	2	0.0
1493	Lasiommata	0	0	0	0.0
1494	Latrodectinae	4	0	2	0.0
1495	Leptopodomorpha	8	0	2	1.0
1496	Lestremiinae	4	0	1	0.0
1497	Lestremiini	3	0	1	0.0
1498	Lethocerus indicus	88	0	23	1.0
1499	Leucochromus	3	0	1	0.5
1500	Leucomigus	5	0	1	1.0
1501	Leucophyes	8	0	1	1.0
1502	Libelloides italicus	23	0	17	1.0
1503	Libelluloidea	3	0	1	0.0
1504	Limnichidae	3	0	1	0.0
1505	Liocleonus	2	0	1	0.0
1506	Lithosiinae	3	0	1	0.0
1507	Lithosiini	2	0	1	0.0
1508	Lixinae	122	0	13	4.0
1509	Lixini	7	0	2	0.0
1510	Lixocleonus	3	0	1	1.0
1511	Lixoglyptus	4	1	1	1.0
1512	Lixomorphus	4	0	1	0.0
1513	Lixopachys	3	0	1	0.5
1514	Lixus	9	0	2	1.0
1515	Lixus (підрід)	5	0	1	0.0
1516	Lophocorona	5	0	1	0.0
1517	Lucaninae	9	0	2	0.5
1518	Lucanus	21	0	3	1.0
1519	Lucanus placidus	3	0	1	0.0
1520	Luciliinae	1	0	1	0.0
1521	Lycosa aragogi	17	0	3	1.0
1522	Lysibia nana	5	0	1	0.0
1523	Machaerotypus sibiricus	1	0	1	0.0
1524	Macleodiella electrina	20	0	15	1.0
1525	Macroglossinae	8	0	3	0.0
1526	Macrolepidoptera	6	0	1	0.0
1527	Macrosiphini	3	0	1	0.0
1528	Macroxiphus	2	0	1	0.0
1529	Macroxiphus nasicornis	2	0	1	1.0
1530	Macroxiphus sumatranus	2	0	1	0.0
1531	Manica	4	0	1	0.0
1532	Mantidae	11	0	3	0.0
1533	Maratus personatus	3	0	1	0.0
1534	Marumba spectabilis	3	0	1	0.0
1535	Marumba tigrina	2	0	1	0.0
1536	Maximus	10	0	2	1.0
1537	Mecaspis	2	0	1	0.0
1538	Medaurini	3	0	1	0.0
1539	Medauroidea	6	0	2	0.5
1540	Megachilinae	9	0	3	1.0
1541	Megatominae	2	0	1	0.0
1542	Melitaea didyma	11	0	3	1.0
1543	Melitaea ornata	5	0	2	0.0
1544	Menecleonus	5	0	1	0.0
1545	Menthastriella	1	0	1	0.0
1546	Mesocleonus	3	0	1	0.0
1547	Mesostigmata	15	0	2	1.0
1548	Mesothelae	19	0	6	1.0
1549	Metacucujus	3	0	1	0.0
1550	Metallyticus	3	0	1	0.0
1551	Metopininae	6	0	4	0.0
1552	Microcleonus	3	0	1	0.0
1553	Microlarinus	2	0	1	0.0
1554	Microlixus	2	0	1	0.0
1555	Microplitis croceipes	4	0	1	0.0
1556	Micropterix calthella	4	0	2	0.0
1557	Microthespis	3	0	1	0.0
1558	Mionycha	2	0	1	0.0
1559	Misumena vatia	202	1	15	6.0
1560	Misumenoides formosipes	7	0	2	0.0
1561	Molytinae	10	0	2	1.0
1562	Mongolocleonus	3	0	1	0.0
1563	Monolophus	4	0	1	0.0
1564	Morphini	5	0	2	0.5
1565	Morpho rhetenor	6	0	2	0.0
1566	Muschampia	3	0	1	0.0
1567	Muscoidea	2	0	1	0.0
1568	Mycotrichus	2	0	1	0.5
1569	Myrmarachne	28	0	21	0.0
1570	Myrmarachne assimilis	3	0	1	0.5
1571	Myrmarachne caliraya	2	0	1	0.0
1572	Myrmarachne plataleoides	44	0	41	0.0
1573	Myrmekiaphila neilyoungi	2	0	1	0.0
1574	Myrmeleon fasciatus	27	0	23	1.0
1575	Myrmeleon quinquemaculatus	21	0	18	0.0
1576	Myrmeleontiformia	22	0	14	0.0
1577	Myrmica angulata	27	0	24	0.5
1578	Myrmicini	7	0	1	1.0
1579	Myrmozercon cyrusi	2	0	1	0.0
1580	Mystrium camillae	2	0	1	0.0
1581	Myzocallis	3	0	2	0.0
1582	Nastus (жуки)	1	0	1	0.0
1583	Nauphoeta cinerea	7	0	2	0.0
1584	Naxa seriaria	2	0	1	0.5
1585	Nefis	1	0	1	0.0
1586	Negastriinae	4	0	1	0.5
1587	Neivamyrmex	2	0	1	0.0
1588	Nemaspela ladae	3	0	1	0.0
1589	Nemophora degeerella	57	0	24	1.0
1590	Nemopteridae	22	0	14	0.0
1591	Nemopteroidea	12	0	3	0.0
1592	Neocleonus	3	0	1	0.0
1593	Neodermaptera	4	0	1	0.0
1594	Nepa cinerea	44	0	14	1.0
1595	Nicrophorinae	4	0	1	0.0
1596	Nicrophorus	17	0	3	1.0
1597	Nicrophorus interruptus	3	0	1	0.0
1598	Nicrophorus investigator	0	0	0	0.0
1599	Nicrophorus japonicus	1	0	1	0.0
1600	Nomimonyx	3	0	1	0.0
1601	Notiothauma reedi	9	0	4	0.0
1602	Nudobius lentus	6	0	2	0.0
1603	Nuttalliella namaqua	6	0	3	0.0
1604	Nymphavus progenitor	17	0	9	1.0
1605	Nymphidae	31	0	22	1.0
1606	Obtectomera	3	0	1	0.0
1607	Ochyrocera aragogue	1	0	1	0.0
1608	Oecophylla	32	0	5	1.0
1609	Oecophylla taurica	4	0	3	0.0
1610	Oestroidea	5	0	3	0.0
1611	Oligochlora semirugosa	2	0	2	0.0
1612	Oligopsychopsis	1	0	1	0.0
1613	Oligotomidae	3	0	1	0.0
1614	Oligotrophini	3	0	1	0.0
1615	Oniticellini	2	0	1	0.0
1616	Onthophagini	2	0	1	0.0
1617	Onthophagus vacca	5	0	1	0.0
1618	Opostega	1	0	1	0.0
1619	Opostegoides	1	0	1	0.0
1620	Oramiella wisei	4	0	1	0.0
1621	Orsunius electronefelus	0	0	0	0.0
1622	Orthodera novaezealandiae	6	0	2	0.0
1623	Ortholixus	9	0	4	1.0
1624	Oryctes	8	0	4	0.0
1625	Oryctes agamemnon	7	0	2	0.0
1626	Oryctes rhinoceros	9	0	2	0.0
1627	Osmia cornuta	19	0	3	1.0
1628	Osmylops	16	0	12	1.0
1629	Othorene	4	0	2	0.0
1630	Pachycerus	8	0	2	1.0
1631	Pachyiulus humicola	1	0	1	0.0
1632	Pachymerium tabacarui	1	0	1	0.0
1633	Paederinae	4	0	1	0.0
1634	Pajnisoodes	3	0	1	1.0
1635	Palaeortona quercyensis	3	0	1	0.0
1636	Palaeotendipes alexii	1	0	1	0.0
1637	Palomena prasina	47	0	11	1.0
1638	Paracucujus rostratus	7	0	1	1.0
1639	Paradoxosisyra groehni	6	0	4	0.0
1640	Parastrachiidae	6	0	1	0.5
1641	Paratarsotomus	2	0	1	0.0
1642	Paratarsotomus sabulosus	6	0	1	1.0
1643	Parileomus	2	0	1	0.0
1644	Parnopes grandior	11	0	3	1.0
1645	Pedanoptera arachnophila	2	0	1	0.0
1646	Peltosyne triassica	2	0	1	0.0
1647	Pemphigidae	3	0	1	0.0
1648	Pentatominae	7	0	1	1.0
1649	Pentatomoidea	13	0	3	0.0
1650	Pentatomomorpha	10	0	2	0.0
1651	Pentatropis	3	0	1	0.0
1652	Perlamantis allibertii	8	0	4	0.0
1653	Permarachne novokshonovi	2	0	1	0.0
1654	Phaneropterinae	10	0	2	1.0
1655	Phasmatidae	10	0	3	0.0
1656	Phaulosomus	2	0	1	0.0
1657	Philidris nagasau	2	0	1	0.0
1658	Phillixus	4	0	1	0.0
1659	Phlebotomus papatasi	86	0	10	3.0
1660	Phlebotomus papuensis	4	0	1	0.0
1661	Phlebotomus pedifer	3	0	1	0.0
1662	Phlebotomus perfiliewi	3	0	1	0.0
1663	Phlebotomus perniciosus	5	0	1	0.0
1664	Phlebotomus pexopharynx	3	0	1	0.0
1665	Phlebotomus sergenti	7	0	1	0.5
1666	Phobaeticus chani	4	0	1	0.0
1667	Phobaeticus kirbyi	2	0	1	0.0
1668	Phyllochrysa huangi	1	0	1	0.0
1669	Phyllodromica	3	0	1	0.0
1670	Phyllodromica merrakescha	2	0	1	0.0
1671	Phyllonomeus	5	0	1	0.0
1672	Phytotelmatrichis osopaddington	4	0	1	0.0
1673	Pisaura mirabilis	205	2	20	6.0
1674	Pison	3	0	1	0.0
1675	Planodiscus	3	0	1	0.5
1676	Planodiscus foreli	2	0	1	0.0
1677	Planodiscus furcatus	2	0	1	0.0
1678	Platyscelidini	4	0	1	0.0
1679	Pleurocleonus	5	0	1	1.0
1680	Pliocleonus	1	0	1	0.0
1681	Poduromorpha	6	0	2	0.0
1682	Poecilimon ampliatus	3	0	1	0.0
1683	Poecilimon elegans	3	0	1	0.0
1684	Poecilimon gracilis	2	0	1	0.0
1685	Poliochera	1	0	1	0.0
1686	Poliochera cretacea	2	0	1	0.0
1687	Poliochera gibbsi	3	0	2	0.0
1688	Poliochera glabra	4	0	2	0.0
1689	Poliochera punctulata	3	0	1	1.0
1690	Poliochera pustulatus	5	0	2	1.0
1691	Poliocheridae	2	0	1	0.0
1692	Polyommatus eros	5	0	1	0.0
1693	Polyommatus pljushtchi	11	0	2	1.0
1694	Ponomarenkia belmonthensis	1	0	1	0.0
1695	Porocleonus	3	0	1	0.5
1696	Prionolixus	1	0	1	0.0
1697	Prionorhinus	2	0	1	0.0
1698	Pritha garfieldi	4	0	1	0.0
1699	Prodryas persephone	3	0	1	0.0
1700	Prokoenenia	2	0	1	0.0
1701	Prokoeneniidae	2	0	1	0.0
1702	Prostigmata	16	0	2	1.0
1703	Psephenidae	2	0	1	0.0
1704	Pseudeumecops	3	0	1	1.0
1705	Pseudisomerus	3	0	1	0.5
1706	Pseudocleonus	7	0	2	1.0
1707	Pseudopostega	1	0	1	0.0
1708	Pseudopulex	6	0	2	0.0
1709	Pseudoyersinia	12	0	3	0.0
1710	Pseudoyersinia brevipennis	58	0	43	1.0
1711	Pseudoyersinia canariensis	40	0	35	0.0
1712	Pseudoyersinia lagrecai	8	0	2	0.0
1713	Pseudoyersinia paui	3	0	1	0.0
1714	Psychodomorpha	5	0	1	0.0
1715	Psychopsidae	28	0	18	1.0
1716	Psyllobora	2	0	1	0.0
1717	Pterocroce capillaris	17	0	8	0.5
1718	Pteromalidae	5	0	1	0.0
1719	Pterostichinae	7	0	2	0.0
1720	Pterostichus alexeji	1	0	1	0.0
1721	Pterostichus burkhan	1	0	1	0.0
1722	Pterostichus rodionovi	1	0	1	0.0
1723	Ptilodon	1	0	1	0.0
1724	Ptilodoninae	1	0	1	0.0
1725	Ptilophora	5	0	4	0.0
1726	Ptiloscola	3	0	1	0.0
1727	Puer maculatus	18	0	14	1.0
1728	Pycnodactylopsis	3	0	1	0.0
1729	Pygaerinae	3	0	1	0.0
1730	Rachesa	4	0	1	0.0
1731	Reclinervellus nielseni	8	0	2	0.5
1732	Rhabdorrhynchus	8	0	2	1.0
1733	Rhinocyllus	11	0	3	1.0
1734	Rhinocyllus conicus	7	0	1	1.0
1735	Rhizoglyphus robini	4	0	1	0.0
1736	Rhopalocera	47	0	6	1.0
1737	Rhopalosomatidae	3	0	1	0.0
1738	Rhynchophorus	10	0	2	1.0
1739	Rhynchophorus ferrugineus	14	0	3	0.0
1740	Ricinoides	7	0	2	1.0
1741	Ricinoides feae	3	0	1	0.5
1742	Ricinoides hanseni	5	0	2	1.0
1743	Ricinoides karschii	5	0	1	1.0
1744	Ricinoides leonensis	2	0	1	0.5
1745	Ricinoides megahanseni	2	0	1	0.0
1746	Ricinoides olounoua	8	0	2	1.0
1747	Ricinoides sjostedtii	4	0	1	1.0
1748	Ricinoididae	2	0	1	0.0
1749	Rivetina	4	0	1	0.0
1750	Rivetinini	9	0	2	1.0
1751	Rovnoholoneurus	1	0	1	0.0
1752	Sabatinca	3	0	1	0.0
1753	Sahastata sinuspersica	8	0	2	1.0
1754	Samia	1	0	1	0.0
1755	Saturnia pinratanai	3	0	1	0.0
1756	Saturniini	3	0	1	0.0
1757	Satyrus virbius	0	0	0	0.0
1758	Saurophthirus	3	0	2	0.0
1759	Saurophthirus longipes	2	0	1	0.0
1760	Scaphomorphus	5	0	1	1.0
1761	Scarabaeinae	4	0	1	0.0
1762	Scarabaeus fraterculus	4	0	1	0.0
1763	Schausiella	2	0	1	0.0
1764	Schizophora	8	0	2	0.0
1765	Sciaroidea	4	0	1	0.0
1766	Scymninae	7	0	1	0.0
1767	Selandriinae	3	0	1	0.0
1768	Sepsidae	7	0	2	0.0
1769	Sericomyrmex radioheadi	4	0	2	0.0
1770	Sicarius hahni	18	0	2	1.0
1771	Sipalinus gigas	4	0	1	0.0
1772	Sitophilus	6	0	2	0.0
1773	Smerinthini	5	0	1	0.5
1774	Sphaerites	1	0	1	0.0
1775	Sphingonotini	4	0	1	1.0
1776	Sphodromantis	5	0	2	0.0
1777	Sphodromantis viridis	13	0	4	0.0
1778	Stalagtia skadarensis	2	0	1	0.0
1779	Stenurella sennii	3	0	1	0.0
1780	Stephanocleonus	9	0	1	1.0
1781	Stephanoidea	26	0	8	1.0
1782	Sterrhinae	1	0	1	0.0
1783	Stethophyma grossum	37	0	27	0.5
1784	Stilbum cyanurum	2	0	1	0.0
1785	Streblote	2	0	1	0.0
1786	Streblote fainae	4	0	1	1.0
1787	Streblote finitorum	2	0	1	0.0
1788	Stromboscerinae	1	0	1	0.0
1789	Stromboscerus	3	0	1	0.0
1790	Sublarinus	1	0	1	0.0
1791	Surchania	2	0	1	0.0
1792	Symphypleona	3	0	1	0.0
1793	Syndesinae	5	0	1	0.0
1794	Syssphinx	1	0	1	0.0
1795	Tabaninae	3	0	2	0.0
1796	Taeniopterygidae	5	0	3	0.0
1797	Taeniopteryx	3	0	2	0.0
1798	Taeniopteryx lita	2	0	1	0.0
1799	Taeniopteryx lonicera	2	0	1	0.0
1800	Taeniopteryx maura	3	0	1	0.0
1801	Taeniopteryx mercuryi	2	0	1	0.5
1802	Taeniopteryx metequi	3	1	1	1.0
1803	Taeniopteryx nebulosa	6	0	1	1.0
1804	Tanymecus	2	0	1	0.0
1805	Taurodemus	2	0	1	0.0
1806	Temnorhinus	9	0	2	1.0
1807	Temnothorax nylanderi	6	0	2	0.0
1808	Tenthredininae	2	0	1	0.0
1809	Tenthredinoidea	8	0	1	1.0
1810	Terminasiania	3	0	1	0.0
1811	Terpsicroton alticeps	2	0	1	0.0
1812	Tetragnatha	5	0	1	0.0
1813	Tetragonothorax	3	0	1	0.0
1814	Tetrigidae	10	0	6	0.0
1815	Thermesiini	2	0	1	0.0
1816	Thomisinae	8	0	2	0.5
1817	Thomisoidea	6	0	1	1.0
1818	Thysania	3	0	1	0.0
1819	Tibiceninae	1	0	1	0.0
1820	Tilloidea	3	0	1	0.0
1821	Timarcha lugens	2	0	1	0.0
1822	Timema cristinae	4	0	2	0.0
1823	Timogenes elegans	1	0	1	0.0
1824	Tineoidea	8	0	2	0.0
1825	Tortricinae	2	0	1	0.0
1826	Trachydemus	3	0	1	0.0
1827	Trichocleonus	5	0	1	0.5
1828	Trichopria	8	0	1	1.0
1829	Trichotocleonus	4	0	1	0.0
1830	Trigonotarbida	18	0	4	1.0
1831	Trychopeplus laciniatus	7	0	2	1.0
1832	Ulomoides dermestoides	13	0	3	1.0
1833	Umma gumma	3	0	2	0.0
1834	Uraraneida	10	0	2	1.0
1835	Verophasmatodea	4	0	1	0.0
1836	Vespa basalis	12	0	2	1.0
1837	Vestalis amethystina	2	0	1	0.0
1838	Wasmanniella	3	0	2	0.0
1839	Whiteheadia	1	0	1	0.0
1840	Xanthochelus	2	0	1	0.0
1841	Xanthorhoe	4	0	1	0.0
1842	Xanthorhoe fluctuata	2	0	1	0.0
1843	Xanthorhoe heliopharia	2	0	1	0.5
1844	Xanthorhoini	4	0	1	0.0
1845	Xenomacrus	3	0	1	0.0
1846	Xenomorphia	6	0	1	0.0
1847	Xenomorphia handschini	2	0	1	0.0
1848	Xenomorphia resurrecta	3	0	1	0.0
1849	Xyleborini	4	0	1	0.0
1850	Xylodromus affinis	1	0	1	0.0
1851	Yponomeutoidea	5	0	1	0.0
1852	Zerynthia	3	0	1	0.0
1853	Zygaena carniolica	4	0	1	0.0
