1	*-алгебра	9	0	2	0.0
2	0 (число)	687	5	37	24.0
3	0,(9)	36	0	4	1.0
4	1 (число)	244	0	16	8.0
5	2 (число)	156	0	14	4.0
6	3-сфера	12	0	3	0.0
7	4-вектор	66	0	8	2.0
8	6 (число)	149	0	15	4.0
9	Абак (рахівниця)	300	2	25	9.0
10	Абелева група	133	1	19	3.0
11	Абсолютна похибка вимірювання	1497	3	107	55.0
12	Абстрактна алгебра	81	0	8	2.0
13	Абстракція	1732	34	90	57.0
14	Азартна гра (теорія ігор)	2	0	1	0.0
15	Аксіома	1546	27	83	52.0
16	Аксіома вибору	55	0	5	2.0
17	Аксіома паралельності Евкліда	114	0	21	3.0
18	Аксіоматика Гільберта	53	0	6	2.0
19	Аксіоми Пеано	47	0	6	2.0
20	Актуарій	183	0	16	4.5
21	Актуарна математика	130	0	15	4.0
22	Алан Тюрінг	1003	15	49	31.0
23	Алгебра	673	7	101	18.0
24	Алгебра Кліфорда	11	0	3	0.0
25	Алгебра Лі	20	0	3	1.0
26	Алгебра логіки	499	5	30	15.0
27	Алгебраїчне числове поле	7	0	1	0.0
28	Алгебраїчні числа	67	0	7	2.0
29	Алгебрична геометрія	35	0	5	1.0
30	Алгебрична топологія	26	0	4	1.0
31	Алгебричний многовид	17	0	2	1.0
32	Алгебрично замкнуте поле	10	0	2	0.0
33	Алгоритм	4738	40	280	162.0
34	Алгоритм Евкліда	613	7	46	18.0
35	Алгоритм імітації відпалу	107	0	11	3.0
36	Александр Гротендік	26	0	3	1.0
37	Аль-Хорезмі	294	0	27	8.0
38	Альберт Ейнштейн	5634	82	262	196.0
39	Альфред Грей	1	0	1	0.0
40	Альфред Тарський	30	0	3	1.0
41	Американське математичне товариство	18	0	2	1.0
42	Аналітична геометрія	322	3	22	8.0
43	Аналітична теорія чисел	30	0	4	1.0
44	Аналітична функція	95	0	8	3.0
45	Аналогова обчислювальна машина	107	0	9	3.0
46	Андре Вейль	19	0	3	1.0
47	Анрі Леон Лебег	32	0	9	1.0
48	Анрі Пуанкаре	181	1	30	5.0
49	Антіфон	6	0	2	0.0
50	Аполлоній Перзький	44	0	11	1.0
51	Апостеріорна ймовірність	128	1	14	3.0
52	Арифметика	377	2	29	12.0
53	Арифметична функція	38	0	6	1.0
54	Арістотель	3689	22	216	129.0
55	Арнольд Володимир Ігорович	48	0	8	1.0
56	Артур Кейлі	12	0	2	0.0
57	Архімед	4498	16	311	121.0
58	Асимптота	320	3	30	10.0
59	Асоціативність	292	2	21	9.0
60	Атлас (математика)	4	0	2	0.0
61	Атле Сельберг	8	0	2	0.0
62	Атрактор	160	0	13	4.0
63	Аттична система числення	34	0	5	1.5
64	Афінна геометрія	70	0	25	2.0
65	Багатократний інтеграл	130	0	14	4.0
66	Багатокритеріальна оптимізація	106	0	7	3.0
67	Баєсів інформаційний критерій	11	0	2	0.0
68	Баєсова ймовірність	187	0	126	1.5
69	Баєсова лінійна регресія	54	0	6	2.0
70	Баєсова мережа	199	3	27	5.0
71	Баєсова оцінка	41	0	8	1.0
72	Баєсове виведення	66	0	7	2.0
73	Банахів простір	118	0	16	3.0
74	Банахова алгебра	9	0	3	0.0
75	Басейн притягання	9	0	7	0.0
76	Безвиграшна ситуація	46	0	10	1.0
77	Безкоаліційна гра	13	0	3	1.0
78	Безмасштабна мережа	29	0	8	1.0
79	Бенуа Мандельброт	71	0	5	2.0
80	Бернгард Ріман	73	0	6	2.0
81	Бертран Расселл	553	3	191	12.0
82	Бета-функція	50	0	5	2.0
83	Бієкція	179	0	19	5.5
84	Білінійне відображення	13	0	2	0.5
85	Бінарна класифікація	40	0	5	1.0
86	Біном Ньютона	625	7	41	21.0
87	Біноміальний коефіцієнт	233	1	19	6.0
88	Біноміальний розподіл	550	1	53	15.0
89	Блез Паскаль	3683	10	271	100.0
90	Броунівське дерево	18	0	3	1.0
91	Броунівський рух	2112	5	441	44.0
92	Булеан	140	0	11	4.0
93	Булева алгебра (структура)	113	0	11	3.0
94	Булева функція	742	9	47	25.0
95	Буняковський Віктор Якович	52	0	10	1.0
96	Варіаційне числення	111	0	7	4.0
97	Вейвлет	127	1	13	4.0
98	Вектор (математика)	1625	10	94	49.0
99	Векторне поле	95	0	8	3.0
100	Векторне числення	40	0	4	1.0
101	Векторний простір	338	2	29	9.0
102	Велика теорема Ферма	552	4	49	16.0
103	Верхня і нижня границі	65	0	15	1.0
104	Взаємна інформація	45	0	5	1.0
105	Взаємно прості числа	889	9	55	28.0
106	Вибірка	1510	9	97	48.0
107	Визначник	684	3	47	21.0
108	Виключна диз'юнкція	901	7	47	30.0
109	Вимірна функція	47	0	6	2.0
110	Випадкова величина	635	5	60	17.0
111	Випадкова подія	472	3	42	13.0
112	Випадкове блукання	58	0	10	2.0
113	Випадковий процес	323	2	38	8.0
114	Випадковий процес з довгою пам'яттю	3	0	1	0.0
115	Випадкові числа	91	0	31	2.5
116	Вироджений розподіл	18	0	3	1.0
117	Висковатов Василь Іванович	5	0	3	0.5
118	Висота (величина)	7	0	1	0.0
119	Від'ємне число	448	0	31	15.0
120	Відкрита множина	97	0	14	2.5
121	Відкриті математичні питання	252	1	25	6.0
122	Віднімання	909	2	59	29.0
123	Відношення	270	2	23	9.0
124	Відношення еквівалентності	350	3	25	9.0
125	Відношення порядку	205	0	21	5.0
126	Відособлений розподіл	24	0	3	1.0
127	Відсоток	1994	10	122	68.0
128	Відстань	1273	3	89	40.0
129	Вільна група	10	0	3	1.0
130	Вільний параметр	3	0	1	0.0
131	Вільні і зв'язані змінні	25	0	3	1.0
132	Вільям Ровен Гамільтон	64	0	13	2.0
133	Вільям Терстон	10	0	2	0.0
134	Вісімкова система числення	247	1	16	9.0
135	Вісь	332	2	25	11.0
136	Вкладення Сегре	3	0	1	0.0
137	Власні вектори та власні числа	431	3	32	12.0
138	Гамма-розподіл	103	0	9	3.0
139	Гамма-функція	279	3	20	8.0
140	Гармонічна функція	43	0	6	1.0
141	Гармонічний аналіз	37	0	5	1.0
142	Гаусові числа	93	0	14	2.0
143	Гельфанд Ізраїль Мойсейович	43	0	13	1.0
144	Генератор псевдовипадкових чисел	194	1	13	6.0
145	Генератриса	105	0	20	3.0
146	Генерація випадкових чисел	230	2	17	7.0
147	Геодезична лінія	168	1	14	5.0
148	Геометрична прогресія	3815	39	208	119.0
149	Геометричний броунівський рух	13	0	4	0.0
150	Геометрія	948	6	52	34.0
151	Геометрія Лобачевського	249	1	41	7.0
152	Георг Кантор	55	0	7	2.0
153	Герман Вейль	27	0	4	1.0
154	Гідроаеромеханіка	61	0	6	1.5
155	Гідромеханіка	58	0	5	2.0
156	Гійом де Лопіталь	16	0	2	1.0
157	Гільбертів простір	160	0	13	5.0
158	Гіпербола (математика)	991	11	53	32.0
159	Гіпергеометричний розподіл	101	0	9	2.0
160	Гіперграф	13	0	3	1.0
161	Гіперповерхня	24	0	5	1.0
162	Гіпотеза Гольдбаха	60	0	7	2.0
163	Гіпотеза Пуанкаре	318	3	20	9.0
164	Гіпотеза Рімана	189	2	13	6.0
165	Гістограма	779	2	54	24.0
166	Голоморфна функція	71	0	5	2.5
167	Гомеоморфізм	35	0	4	1.0
168	Гомологічна алгебра	14	0	3	1.0
169	Гомоморфізм	96	0	11	2.0
170	Гомоморфізм груп	37	0	4	1.0
171	Гомоморфне шифрування	15	0	3	1.0
172	Гомотопія	18	0	3	0.0
173	Готлоб Фреге	77	0	9	2.0
174	Готфрід Вільгельм Ляйбніц	694	1	114	19.5
175	Гра без побічних платежів	2	0	1	0.0
176	Градієнтний спуск	227	1	18	6.0
177	Градієнтні методи	86	0	9	3.5
178	Границя	372	2	22	11.0
179	Границя функції в точці	494	0	42	13.0
180	Границя числової послідовності	173	1	16	5.0
181	Граф (математика)	1243	15	82	37.0
182	Група (математика)	240	0	22	7.0
183	Група Галуа	8	0	3	0.0
184	Група Лі	27	0	6	1.0
185	Густина імовірності	262	0	20	9.0
186	Ґратка (порядок)	64	0	9	2.0
187	Давид Гільберт	173	2	15	5.0
188	Дванадцяткова система числення	68	0	8	2.0
189	Девід Мамфорд	14	0	7	0.0
190	Декартова система координат	1736	22	99	54.0
191	Дельта-метод	31	0	5	1.0
192	Дельта-функція Дірака	174	0	24	5.0
193	Дерево (теорія графів)	534	3	40	13.0
194	Джеймс Клерк Максвелл	419	2	34	13.0
195	Джон Конвей	12	0	3	0.0
196	Джон Мілнор	10	0	2	0.0
197	Джон фон Нейман	276	0	19	9.0
198	Джон Форбс Неш	756	6	49	24.0
199	Джордж Буль	131	0	10	4.0
200	Джуліо Асколі	6	0	3	0.0
201	Дзета-функція Рімана	123	0	9	3.5
202	Диз'юнкт Горна	17	0	7	0.0
203	Динамічна гра	10	0	3	0.0
204	Динамічна система	207	0	17	6.0
205	Дискретна група	4	0	1	0.0
206	Дискретна математика	568	6	38	18.0
207	Дискретний логарифм	40	0	5	1.0
208	Дискримінант	593	5	38	17.0
209	Дисперсійний аналіз	736	3	65	19.0
210	Дисперсія випадкової величини	2189	10	123	79.0
211	Дистрибутивність	143	0	14	4.0
212	Дифеоморфізм	18	0	4	1.0
213	Диференціальна геометрія	84	0	7	2.0
214	Диференціальне рівняння з частинними похідними	280	1	26	9.0
215	Диференціальне та інтегральне числення	153	1	10	5.0
216	Диференціальне числення	217	1	18	6.0
217	Диференціальні рівняння	1444	12	122	45.0
218	Диференційовний многовид	32	0	4	1.0
219	Дійсне число	2731	43	134	88.0
220	Дійснозначна функція	16	0	3	1.0
221	Ділення	873	2	71	21.0
222	Діофантові рівняння	381	4	40	9.0
223	Дія (фізика)	52	0	6	1.0
224	Добуток	5072	27	295	185.0
225	Довга арифметика	79	0	22	2.0
226	Доведення	242	0	22	6.0
227	Доведення з нульовим пізнанням	17	0	3	1.0
228	Довжина	1720	10	101	48.0
229	Довжина кривої	81	0	11	2.0
230	Довірчий інтервал	710	4	45	21.0
231	Додавання	563	6	31	18.0
232	Дональд Кнут	162	1	12	5.0
233	Досконале число	180	0	15	5.0
234	Дослідження операцій	337	3	28	8.0
235	Дотична	497	4	32	16.0
236	Дотичний простір	16	0	3	0.0
237	Дріб	2544	20	135	89.0
238	Еварист Галуа	98	0	9	3.0
239	Евклід	501	2	38	16.0
240	Евклідів простір	260	3	15	8.0
241	Евклідова геометрія	323	1	21	10.0
242	Едвард Віттен	35	0	19	0.5
243	Експоненційний розподіл	483	3	33	15.0
244	Ексцентриситет	343	4	25	11.0
245	Елементарна математика	50	0	6	2.0
246	Елі Жозеф Картан	41	0	26	0.0
247	Еліпс	927	7	55	31.0
248	Еліптична крива	164	0	18	5.0
249	Еліптична криптографія	134	0	12	3.0
250	Еліптична функція	16	0	3	1.0
251	Еммі Нетер	168	1	15	5.0
252	Емпірична функція розподілу	241	0	21	7.0
253	Ентропійна швидкість	12	0	2	0.5
254	Ентропія	3397	47	180	119.0
255	Ератосфен	469	2	36	13.0
256	Ергодичний розподіл	16	0	5	1.0
257	Ермітова форма	6	0	2	0.0
258	Ефект метелика (математика)	419	3	25	14.0
259	Жак Соломон Адамар	54	0	38	1.0
260	Жан-П'єр Серр	22	0	3	1.0
261	Житомирська Світлана Яківна	40	0	12	1.0
262	Життя (гра)	239	2	16	7.0
263	Жозеф-Луї Лагранж	102	0	12	3.0
264	Жорданова нормальна форма	128	1	12	4.0
265	Загальна лінійна група	23	0	3	1.0
266	Загальна теорія відносності	1402	9	154	34.0
267	Загальна топологія	26	0	3	1.0
268	Задання групи	4	0	2	0.0
269	Задача дробово-лінійного програмування	42	0	9	1.0
270	Задача про пакування в ємності	25	0	4	1.0
271	Задача розв'язності	22	0	4	1.0
272	Закон великих чисел	384	2	54	10.0
273	Закон виключеного третього	384	1	23	11.0
274	Закони Кеплера	1406	8	96	45.0
275	Закони Ланчестера	15	0	5	0.0
276	Закони Ньютона	13113	86	944	364.0
277	Замикання (математика)	50	0	6	1.0
278	Заперечення	346	2	26	9.0
279	Зв'язність (диференціальна геометрія)	6	0	1	0.0
280	Звичайні диференціальні рівняння	120	1	9	3.0
281	Згортка (математичний аналіз)	229	0	24	6.0
282	Зліченна множина	153	0	17	3.0
283	Знак рівності	438	4	28	14.0
284	Зовнішня алгебра	18	0	3	1.0
285	Зовнішня похідна	9	0	2	0.0
286	Золота спіраль	237	2	17	7.0
287	Золотий перетин	2474	47	129	81.0
288	Ізометрія (математика)	98	0	11	3.0
289	Ізоморфізм	220	1	15	7.0
290	Ізоморфізм груп	15	0	4	0.0
291	Імовірнісна логіка	11	0	2	1.0
292	Імовірність	1078	5	67	36.0
293	Імпульс (механіка)	3842	7	270	142.0
294	Індекс контура відносно точки	6	0	2	0.0
295	Індо-арабська система числення	473	2	37	14.0
296	Інтеграл	2378	22	131	83.0
297	Інтеграл Лебега	95	1	8	3.0
298	Інтегральна теорема Коші	96	0	19	2.0
299	Інтегральна формула Коші	85	0	14	2.0
300	Інтегральне правило Лейбніца	6	0	3	0.0
301	Інтегральне рівняння	42	0	5	1.0
302	Інтервал (математика)	181	1	14	5.0
303	Інтерполяція	1183	5	71	42.0
304	Інформаційна ентропія	596	7	44	16.0
305	Інформаційний критерій Акаіке	54	0	6	1.0
306	Інформація	5593	43	302	206.0
307	Ірраціональні числа	1267	9	81	40.0
308	Ісаак Ньютон	3307	26	182	109.0
309	Історія геометрії	158	0	18	4.0
310	Історія математики	981	3	60	31.0
311	Історія математичних позначень	89	1	8	3.0
312	Істотний многовид	4	0	1	0.0
313	Ймовірнісний простір	78	0	15	2.5
314	Йоганн Кеплер	457	3	39	13.0
315	Калібрувальна інваріантність	31	0	4	1.0
316	Канонічна кореляція	30	0	3	1.0
317	Карл Вейєрштрасс	70	0	9	2.0
318	Карл Фрідріх Гаусс	441	5	43	12.0
319	Категорійна змінна	63	0	5	2.0
320	Категорійний розподіл	16	0	3	1.0
321	Квадрат	1431	13	87	44.0
322	Квадратична форма	93	0	12	3.0
323	Квадратичний закон взаємності	12	0	2	1.0
324	Квадратне рівняння	3618	30	190	118.0
325	Квадратний корінь	1174	17	63	40.0
326	Квантова електродинаміка	98	0	8	3.0
327	Квантова криптографія	87	0	10	2.0
328	Квантова логіка	21	0	3	1.0
329	Квантова механіка	1224	18	206	32.0
330	Квантова хромодинаміка	80	0	12	2.0
331	Квартет Анскомбе	19	0	7	1.0
332	Китайська теорема про остачі	140	0	19	3.5
333	Кільце (алгебра)	196	1	13	6.0
334	Кільце многочленів	32	0	5	1.0
335	Кінематика	764	5	57	25.0
336	Кінетична енергія	4643	22	362	152.0
337	Клавдій Птолемей	838	3	226	20.0
338	Клас еквівалентності	133	0	19	3.0
339	Клас складності NP	121	0	14	3.5
340	Клас складності P	101	0	10	3.0
341	Клас складності PSPACE	24	0	12	1.0
342	Класична механіка	733	7	52	23.0
343	Кластеризація методом к–середніх	320	3	23	10.0
344	Коваріація	354	3	24	11.0
345	Коефіцієнт Баєса	20	0	4	1.0
346	Коефіцієнт Жаккара	92	0	17	2.0
347	Колмогоров Андрій Миколайович	154	0	16	4.0
348	Коло	3169	16	182	95.0
349	Комбінаторика	1634	7	115	48.0
350	Комбінаторна оптимізація	32	0	3	1.0
351	Комбінація (комбінаторика)	722	5	46	23.0
352	Компактний простір	140	0	15	4.0
353	Комплексна площина	78	0	6	2.0
354	Комплексне число	1270	9	97	37.0
355	Комплексний аналіз	116	1	9	3.0
356	Композиція функцій	124	0	11	4.0
357	Компонента зв'язності графа	205	1	28	5.0
358	Комутативна алгебра	16	0	3	1.0
359	Комутативне кільце	27	0	3	1.0
360	Комутативність	274	2	26	8.0
361	Кон'юнкція	873	5	52	30.0
362	Конкатенація	188	0	15	6.0
363	Континуум-гіпотеза	90	0	18	2.0
364	Контрапозиція	62	0	7	2.0
365	Кооперативна гра (теорія ігор)	47	0	8	2.0
366	Кореляція і залежність	1627	13	94	62.0
367	Кортеж (інформатика)	236	0	16	7.0
368	Крайова задача	52	0	5	2.0
369	Крива	166	2	13	5.0
370	Кривина (математика)	108	0	12	3.0
371	Криві другого порядку	386	1	26	13.0
372	Криза основ математики	28	0	4	1.0
373	Криптоаналіз	219	1	19	7.0
374	Криптографічна геш-функція	205	1	14	7.0
375	Криптографічно стійкий генератор псевдовипадкових чисел	50	0	6	1.0
376	Криптографія	1684	11	130	55.0
377	Критерій Фішера	954	6	67	31.0
378	Критична точка (математика)	414	2	37	12.0
379	Куб	1275	12	64	45.0
380	Куля (геометрія)	24	0	17	0.0
381	Курт Гедель	115	0	39	2.0
382	Кут	1306	12	80	44.0
383	Кутова швидкість	1021	2	67	32.0
384	Кутовий коефіцієнт	1472	7	71	49.0
385	Лагранжіан	51	0	4	2.0
386	Лазар Карно	27	0	4	1.0
387	Ланцюги Маркова	223	1	17	7.0
388	Ланцюги Маркова з неперервним часом	12	0	2	0.0
389	Ланцюговий дріб	126	0	16	3.0
390	Лейтзен Егберт Ян Брауер	12	0	3	0.0
391	Лексель Андрій Іванович	2	0	1	0.0
392	Лема Гронуолла—Беллмана	3	0	1	0.0
393	Лема Цорна	13	0	2	1.0
394	Леонард Ейлер	510	3	39	14.0
395	Лінійна алгебра	216	1	18	7.0
396	Лінійна комбінація	87	0	8	2.0
397	Лінійна регресія	738	10	44	23.0
398	Лінійна функція	1026	7	55	34.0
399	Лінійне відображення	164	0	16	5.0
400	Лінійне програмування	720	1	49	23.0
401	Лінійне рівняння	1179	11	65	37.0
402	Лінія	181	0	12	6.0
403	Логарифм	2372	32	117	75.0
404	Логарифмічно угнута функція	5	0	1	0.0
405	Логіка	2316	19	138	80.0
406	Логіка другого порядку	20	0	4	0.0
407	Логіка першого порядку	140	0	16	4.0
408	Логічний сполучник	140	1	17	4.0
409	Любич Михайло Юрійович	4	0	1	0.0
410	Ляпунов Олександр Михайлович	259	0	24	7.0
411	Майже періодична функція	30	0	3	1.5
412	Майкл Атія	37	0	8	1.0
413	Максимальний ідеал	20	0	6	0.0
414	Маргуліс Григорій Олександрович	14	0	2	1.0
415	Марковська властивість	23	0	3	1.0
416	Марковська модель	68	0	7	2.0
417	Марковський момент часу	1	0	1	0.0
418	Марковський процес	109	0	17	3.0
419	Марковський процес вирішування	23	0	3	1.0
420	Мартингал	23	0	6	1.0
421	Математик	275	1	17	8.0
422	Математика	2909	28	162	97.0
423	Математична індукція	235	1	18	8.0
424	Математична константа	134	0	17	4.0
425	Математична логіка	463	4	48	11.0
426	Математична статистика	563	1	31	18.0
427	Математична фізика	123	0	14	3.0
428	Математичне моделювання	631	2	41	20.0
429	Математичне сподівання	1356	3	85	45.0
430	Математичний аналіз	471	4	30	15.0
431	Матриця (математика)	1215	10	70	37.0
432	Матриця суміжності	604	4	57	18.0
433	Машина Тюрінга	488	5	44	12.0
434	Медаль Філдса	103	0	14	2.5
435	Медіана (статистика)	3112	35	166	107.0
436	Мероморфна функція	19	0	2	1.0
437	Метаматематика	14	0	3	1.0
438	Метамова	193	0	26	5.0
439	Метод Гауса	606	5	35	17.0
440	Метод Гауса — Жордана	166	0	14	5.0
441	Метод головних компонент	288	1	23	10.0
442	Метод групового урахування аргументів	78	0	7	2.0
443	Метод максимальної правдоподібності	268	1	27	8.0
444	Метод матриць переходу	7	0	2	0.0
445	Метод Монте-Карло	578	5	42	18.0
446	Метод невизначених множників	106	0	10	3.0
447	Метод Ньютона	434	1	30	14.0
448	Метод скінченних різниць	156	0	12	5.0
449	Метричний простір	276	0	30	7.5
450	Метричний тензор	35	0	4	1.0
451	Механіка Гамільтона	82	0	8	2.0
452	Мимобіжні прямі	863	6	51	29.0
453	Міжнародна математична олімпіада	85	0	8	2.0
454	Мінімальна довжина повідомлення	2	0	2	0.0
455	Мінімізація булевих функцій за допомоги дужкових форм	31	0	6	1.0
456	Міра множини	86	0	20	2.0
457	Міра Хаара	2	0	1	0.0
458	Многовид	124	1	9	4.0
459	Многогранник	523	1	59	14.0
460	Многокутник	1617	1	121	46.0
461	Многочлен	713	7	39	23.0
462	Множення	768	7	47	27.0
463	Множина	1650	13	95	53.0
464	Мода (статистика)	2453	12	127	90.0
465	Модель Барабаші — Альберт	18	0	3	1.0
466	Модель Блека — Шоулза	68	0	8	2.0
467	Модуль (математика)	914	8	49	31.0
468	Модуль над кільцем	25	0	3	1.0
469	Модульна арифметика	235	2	17	8.0
470	Модулярна форма	10	0	2	0.0
471	Мультиіндекс	4	0	1	0.0
472	Мультимножина	34	0	7	1.0
473	Найбільше відоме просте число	484	5	27	16.0
474	Найбільший спільний дільник	942	6	49	34.0
475	Найменше спільне кратне	926	8	58	31.0
476	Накриття (топологія)	6	0	2	0.0
477	Напівмартингал	3	0	1	0.0
478	Нат (одиниця вимірювання)	22	0	3	1.0
479	Натуральні числа	3563	39	200	115.0
480	Начала Евкліда	187	0	42	4.0
481	Нго Бао Чау	8	0	5	0.0
482	Невластивий інтеграл	5	0	2	0.0
483	Недетермінований скінченний автомат	53	0	6	1.0
484	Неевклідова геометрія	170	1	15	5.0
485	Незалежність (теорія ймовірностей)	202	0	28	5.0
486	Незвідний многочлен	48	0	6	2.0
487	Неімплікація	20	0	4	1.0
488	Нелінійні диференціальні рівняння	40	0	10	1.0
489	Неперервна справа функція з лівосторонніми границями	7	0	2	0.0
490	Неперервна функція	550	3	42	16.0
491	Нерівність	1023	9	61	35.0
492	Нерівність Коші — Буняковського	285	1	25	8.0
493	Нерівність трикутника	268	2	18	8.0
494	Нерівність Чебишова	151	0	13	4.0
495	Нескінченність	423	7	24	14.0
496	Нечітка множина	276	0	34	7.0
497	Ніколя Бурбакі	50	0	5	2.0
498	Нільпотентна група	9	0	2	0.0
499	Нім (гра)	22	0	3	1.0
500	Норма (математика)	189	1	20	5.5
501	Норма (теорія полів)	4	0	1	0.0
502	Нормальна підгрупа	35	0	12	1.0
503	Нормальний розподіл	1699	18	94	54.0
504	Обернена функція	711	2	37	23.0
505	Обернені тригонометричні функції	913	7	57	28.0
506	Область значень	1188	14	66	40.0
507	Область цілісності	37	0	7	1.0
508	Обчислювальна математика	124	0	25	3.0
509	Обчислювана функція	47	0	10	1.0
510	Оґюстен-Луї Коші	157	0	26	5.0
511	Одностороння функція	45	0	5	2.0
512	Окіл	128	0	8	4.0
513	Омар Хайям	1233	24	67	37.0
514	Оператор Лапласа	141	1	12	4.0
515	Оптимізація (математика)	374	1	35	11.0
516	Оптимум Парето	402	2	55	11.0
517	Опукла комбінація	6	0	2	0.0
518	Опукла множина	136	0	16	4.0
519	Ортогональна матриця	96	0	7	3.0
520	Ортогональність	248	2	16	7.0
521	Ортонормований базис	67	0	7	2.0
522	Оскар Зарицький	16	0	4	0.0
523	Основна теорема алгебри	129	0	10	4.0
524	Основна теорема арифметики	156	1	15	4.0
525	Оцінка апостеріорного максимуму	36	0	8	1.0
526	Оцінка густини	24	0	3	0.0
527	П'єр Рене Делінь	18	0	7	0.0
528	П'єр Ферма	142	0	17	3.0
529	П'єр-Симон Лаплас	213	2	15	6.0
530	П'ятикомірник	9	0	2	0.0
531	Пал Ердеш	29	0	4	1.0
532	Парабола	1208	7	68	41.0
533	Парадокс Банаха — Тарського	59	0	8	2.0
534	Парадокс Расселла	120	0	23	2.0
535	Паралельність	632	6	48	17.0
536	Параметр	301	1	19	10.0
537	Переважне приєднання	19	0	2	1.0
538	Перевірка відношенням правдоподібностей	38	0	4	1.0
539	Перевірка статистичних гіпотез	363	0	22	11.0
540	Перельман Григорій Якович	298	4	18	8.0
541	Перестановка	327	2	23	9.0
542	Перетворення Гільберта	16	0	2	1.0
543	Перетворення Лапласа	198	0	22	6.0
544	Перетворення Фур'є	583	3	42	19.0
545	Перетин множин	454	4	43	15.0
546	Перехресна ентропія	37	0	8	1.0
547	Перехресна перевірка	63	0	7	2.0
548	Периметр	592	0	46	16.0
549	Періодична функція	484	6	30	14.0
550	Періодичний стан	9	0	1	1.0
551	Підмножина	343	2	24	9.0
552	Піднесення до степеня	2334	28	166	77.0
553	Підстановка	15	0	4	1.0
554	Піфагор	1992	23	117	64.0
555	Планування експерименту	326	2	34	10.0
556	Площа	3758	25	308	130.0
557	Площа поверхні	114	1	13	3.0
558	Площина	543	6	36	16.0
559	Поверхневий інтеграл	160	1	24	3.0
560	Поверхня	173	0	13	5.0
561	Повний метричний простір	96	0	17	3.0
562	Подвійні числа	12	0	3	0.0
563	Подільність	190	0	24	5.5
564	Позиційні системи числення	524	3	41	16.0
565	Показникова функція	1026	8	63	34.0
566	Пол Джозеф Коен	18	0	3	0.5
567	Поле (алгебра)	142	0	11	4.0
568	Поле Галуа	130	0	20	4.0
569	Поліноми Ерміта	72	0	28	2.0
570	Поль Дірак	91	0	9	2.0
571	Полюс (комплексний аналіз)	36	0	5	1.0
572	Полярна система координат	798	4	93	24.0
573	Помилки першого і другого роду	335	2	49	9.0
574	Порядкове число	48	0	5	1.0
575	Послідовність	355	2	30	11.0
576	Послідовність Фібоначчі	1164	14	65	39.0
577	Потужність множини	281	1	30	9.0
578	Похибки та залишки	139	0	15	3.0
579	Похідна	4966	34	295	156.0
580	Правило висновування	41	0	6	1.0
581	Правило Лопіталя	273	1	28	7.0
582	Правильний многокутник	1819	5	117	65.0
583	Правильний трикутник	2870	23	153	103.0
584	Представлення групи	27	0	5	1.0
585	Приблизне баєсове обчислення	23	0	5	1.0
586	Прикладна математика	357	2	22	12.0
587	Принцип детальної рівноваги	8	0	2	0.5
588	Принцип Діріхле	160	1	20	4.0
589	Принцип максиміну	29	0	6	1.0
590	Припущення	203	1	15	5.0
591	Прискорення	8285	20	744	218.0
592	Пристосованість (статистика)	43	0	7	1.0
593	Проблема зупинки	46	0	5	2.0
594	Проблема чотирьох фарб	105	0	11	3.0
595	Проблеми Гільберта	154	0	11	4.0
596	Проективна геометрія	63	0	10	2.0
597	Проективний простір	23	0	5	1.0
598	Проста група	2	0	1	0.0
599	Просте число	2387	39	126	80.0
600	Простір Мінковського	105	1	13	2.0
601	Простір Шварца	3	0	1	0.0
602	Простір Lp	76	0	8	2.0
603	Просторово-часовий інтервал	117	0	9	3.0
604	Протокол узгодження ключів	53	0	7	2.0
605	Процес Леві	8	0	1	0.0
606	Пряма	757	4	51	25.0
607	Пряма секретність	50	0	4	2.0
608	Прямий кут	359	1	24	12.0
609	Прямокутний трикутник	11816	70	579	388.0
610	Псевдотріангуляція	8	0	1	0.0
611	Пучок (математика)	7	0	2	0.0
612	Радіальна базисна функція	82	0	32	2.0
613	Радіан	747	11	44	24.0
614	Радіус	2223	4	137	77.0
615	Раціональна функція	51	0	6	1.0
616	Раціональні числа	2046	31	113	68.0
617	Регістр зсуву з лінійним зворотним зв'язком	50	0	8	1.0
618	Регресійний аналіз	1204	6	78	39.0
619	Регуляризація (математика)	25	0	5	1.0
620	Рене Декарт	2911	24	290	92.0
621	Рене Том	14	0	3	0.0
622	Рерайтинг (математика)	10	0	2	1.0
623	Римська система числення	4570	53	390	147.0
624	Рівність класів P і NP	138	1	9	5.0
625	Рівновага Неша	317	0	27	10.0
626	Рівномірна збіжність	58	0	10	2.0
627	Рівномірна обмеженість	12	0	4	1.0
628	Рівностепенева неперервність	15	0	3	1.0
629	Рівняння	1358	8	113	50.0
630	Рівняння Дірака	64	0	5	2.0
631	Рівняння конвекції-дифузії	42	0	5	2.0
632	Рівняння Лапласа	131	0	9	4.0
633	Рівняння Максвелла	774	5	46	22.0
634	Рівняння Нав'є — Стокса	250	2	20	7.0
635	Рівняння Пелля	20	0	3	1.5
636	Рівняння теплопровідності	149	1	14	4.0
637	Рівняння Фоккера-Планка	27	0	4	1.0
638	Рівняння Чепмена — Колмогорова	20	0	4	1.0
639	Рівняння четвертого степеня	262	2	20	8.0
640	Рівняння Шредінгера	460	3	34	14.0
641	Ріманова поверхня	23	0	3	1.0
642	Ріхард Дедекінд	18	0	3	1.0
643	Річард Евен Борхердс	7	0	3	0.0
644	Роджер Пенроуз	60	0	8	2.0
645	Розбиття множини	111	1	9	4.0
646	Розв'язна група	19	0	6	0.5
647	Роздрібнена множина	3	0	1	0.0
648	Розмірність простору	148	0	15	4.0
649	Розподіл ймовірностей	428	4	29	13.0
650	Розподіл Коші	48	0	8	1.0
651	Розподіл Пуассона	596	1	49	20.0
652	Розподіл хі-квадрат	260	1	23	8.0
653	Розходження Кульбака — Лейблера	27	0	6	1.0
654	Розширений фільтр Калмана	25	0	5	1.0
655	Розширення поля	18	0	2	1.0
656	Рональд Фішер	70	0	8	2.0
657	Ряд (математика)	329	1	25	9.0
658	Ряд Тейлора	697	6	46	21.0
659	Ряд Фур'є	718	6	60	21.0
660	Саймон Дональдсон	12	0	2	0.0
661	Середнє арифметичне	2003	10	118	66.0
662	Середнє значення	1276	1	88	39.0
663	Сигма-алгебра	69	0	6	2.0
664	Символ Кронекера	49	0	4	2.0
665	Символ Похгаммера	11	0	3	0.0
666	Симетрична група	19	0	3	1.0
667	Симетрія	3087	15	207	100.0
668	Симетрія в математиці	455	0	32	17.0
669	Симплекс	132	0	18	3.0
670	Симплекс-метод	436	1	49	12.0
671	Сингулярний розклад матриці	96	1	7	3.0
672	Сингулярні гомології	2	0	1	0.0
673	Система координат	1539	10	87	50.0
674	Система лінійних алгебраїчних рівнянь	1131	5	72	34.0
675	Система числення	873	6	64	31.0
676	Сімеон-Дені Пуассон	61	0	16	1.0
677	Скаляр	317	3	24	9.0
678	Скалярний добуток	2310	20	123	79.0
679	Скінченна множина	123	1	9	3.0
680	Скінченні різниці	99	0	14	2.5
681	Складано-ножева перевибірка	14	0	2	0.0
682	Складене число	1466	15	93	49.0
683	Соломон Лефшец	2	0	1	0.0
684	Спектральна теорема	8	0	3	0.0
685	Спеціальна теорія відносності	939	8	73	30.0
686	Список математичних категорій	61	0	41	1.0
687	Список тригонометричних тотожностей	1227	6	76	41.0
688	Спільна ентропія	10	0	3	0.0
689	Спінор	31	0	7	1.0
690	Спліт-кватерніони	6	0	2	0.0
691	Спрямований ациклічний граф	63	0	5	2.0
692	Срініваса Рамануджан	196	0	27	5.0
693	Стандартна модель	193	1	14	6.0
694	Стандартне відхилення	2705	17	152	90.0
695	Статистика	2354	10	129	71.0
696	Статистична дисперсія	456	3	27	15.0
697	Статистична значущість	600	3	40	20.0
698	Статистична механіка	78	0	8	2.5
699	Статистичне висновування	115	0	10	3.0
700	Стаціонарна точка	270	0	23	8.0
701	Степеневий ряд	269	1	26	8.0
702	Степінь трансцендентності	1	0	1	0.0
703	Стефан Банах	244	3	15	8.0
704	Стівен Смейл	11	0	3	0.0
705	Стохастична гра	17	0	3	1.0
706	Стохастична матриця	23	0	3	1.0
707	Стохастична модель	172	1	14	5.0
708	Стохастичне числення Іто	12	0	2	1.0
709	Сума	1009	2	59	35.0
710	Сфера	1121	10	69	36.0
711	Сфера Рімана	27	0	5	1.0
712	Сферична система координат	331	3	23	9.0
713	Сюр'єкція	224	0	25	6.0
714	Таблиця множення	384	2	27	12.0
715	Теза Черча — Тюрінга	63	0	11	2.0
716	Тензорний добуток	50	0	4	2.0
717	Теорема	384	4	26	13.0
718	Теорема Асколі — Арцела	19	0	5	1.0
719	Теорема Баєса	808	6	63	23.0
720	Теорема Банаха про нерухому точку	57	0	6	2.0
721	Теорема Гамільтона — Келі	40	0	13	1.0
722	Теорема Гана — Банаха	11	0	2	1.0
723	Теорема Кантора	32	0	4	1.0
724	Теорема косинусів	2904	25	137	94.0
725	Теорема Лагранжа	312	1	28	9.0
726	Теорема Лагранжа (теорія груп)	44	0	14	1.0
727	Теорема Льовенгейма — Сколема	7	0	1	1.0
728	Теорема Піфагора	5125	60	336	176.0
729	Теорема про планарне розбиття	31	0	4	1.0
730	Теорема про розподіл простих чисел	26	0	3	1.0
731	Теорема Рамсея	24	0	6	1.0
732	Теорема Рімана — Роха	4	0	1	0.0
733	Теорема синусів	1307	13	78	41.0
734	Теорема Скорохода про вкладення	5	0	2	0.0
735	Теорема Стокса	185	0	24	5.0
736	Теореми Веєрштраса у банахових просторах	4	0	3	0.0
737	Теореми Геделя про неповноту	199	1	15	5.0
738	Теореми про ізоморфізми	18	0	2	1.0
739	Теоретична інформатика	79	0	7	3.0
740	Теорія алгоритмів	261	1	26	8.0
741	Теорія Вапника — Червоненкіса	7	0	1	0.0
742	Теорія випадкових процесів	37	0	4	1.0
743	Теорія відносності	2248	28	280	54.0
744	Теорія Галуа	24	0	3	1.0
745	Теорія графів	695	7	46	22.0
746	Теорія груп	91	0	8	3.0
747	Теорія ігор	1085	13	68	35.0
748	Теорія інваріантів	17	0	3	1.0
749	Теорія інформації	398	4	30	13.0
750	Теорія ймовірностей	1927	9	121	55.0
751	Теорія категорій	94	0	6	3.0
752	Теорія керування	179	0	15	6.0
753	Теорія кодування	216	0	55	4.0
754	Теорія масового обслуговування	211	0	15	6.5
755	Теорія мереж	59	0	6	2.0
756	Теорія множин	380	1	31	10.0
757	Теорія множин Цермело — Френкеля	60	0	5	2.0
758	Теорія наближень	16	0	3	1.0
759	Теорія обчислюваності	29	0	3	1.0
760	Теорія порядку	37	0	5	1.0
761	Теорія представлень	12	0	2	1.0
762	Теорія Серфа	0	0	0	0.0
763	Теорія складності обчислень	196	0	17	6.0
764	Теорія статистичного навчання	16	0	2	1.0
765	Теорія хаосу	481	5	59	14.0
766	Теорія чисел	188	0	13	6.0
767	Теплокарта	20	0	3	1.0
768	Теренс Тао	21	0	4	0.0
769	Тесеракт	392	5	45	10.0
770	Тімоті Гауерс	8	0	1	0.0
771	Топологічна група	23	0	8	0.5
772	Топологічний векторний простір	6	0	2	0.0
773	Топологічний простір	118	1	11	3.0
774	Топологія	291	4	20	8.0
775	Топологія Зариського	49	0	9	1.0
776	Тотожне відображення	27	0	3	1.0
777	Тотожність	690	7	38	22.0
778	Тотожність Ейлера	121	0	9	4.0
779	Точка	372	2	24	14.0
780	Точність до	1	0	1	0.0
781	Трансцендентне число	188	1	20	4.0
782	Трапеція	4604	41	230	148.0
783	Тривимірний опис об'єкта	276	4	25	7.0
784	Тригонометричні функції	4986	44	262	164.0
785	Тригонометрія	870	7	57	27.0
786	Трикутник	3746	33	192	131.0
787	Трикутник Рело	170	1	16	5.0
788	Тріангуляція (геометрія)	64	0	7	2.0
789	Узагальнена функція	21	0	3	1.0
790	Умови Коші — Рімана	48	0	5	1.0
791	Умовна ентропія	83	0	10	1.0
792	Умовне математичне сподівання	25	0	4	1.0
793	Уявна одиниця	226	2	17	7.0
794	Фазовий простір	72	0	5	2.0
795	Факторгрупа	49	0	18	1.0
796	Факторизація	195	1	15	6.0
797	Факторпростір	48	0	12	1.0
798	Фелікс Гаусдорф	17	0	2	1.0
799	Фелікс Кляйн	38	0	6	1.0
800	Фібоначчі	554	9	32	18.0
801	Фізика	3877	34	244	128.0
802	Філософія математики	53	0	6	2.0
803	Фільтр Калмана	159	1	13	4.0
804	Формальний степеневий ряд	17	0	3	1.0
805	Формула	547	2	36	17.0
806	Формула Гауса — Бонне	39	0	5	1.0
807	Формула Ейлера	442	5	28	15.0
808	Формула Муавра	159	0	16	4.0
809	Формула Ньютона — Лейбніца	553	4	37	17.0
810	Формула Остроградського	186	2	16	5.5
811	Формула повної ймовірності	682	2	52	23.0
812	Формула Фейнмана — Каца	9	0	3	0.0
813	Фрактал	1686	21	140	49.0
814	Фрактальна розмірність	60	0	8	2.0
815	Франсуа Вієт	641	2	48	18.0
816	Фундаментальна група	6	0	2	0.0
817	Фундаментальна послідовність	93	0	16	3.0
818	Функтор	25	0	4	1.0
819	Функції Бесселя	83	0	11	2.0
820	Функціональна похідна	24	0	3	1.0
821	Функціональний аналіз	166	1	14	5.0
822	Функціональний ряд	150	0	10	5.0
823	Функція (математика)	2248	21	138	73.0
824	Функція внеску	13	0	3	1.0
825	Функція Ейлера	211	1	18	6.0
826	Функція Мебіуса	83	0	18	2.0
827	Функція правдоподібності	97	0	10	2.0
828	Функція розподілу (статистична фізика)	5	0	2	0.0
829	Функція розподілу ймовірностей	449	3	26	13.0
830	Характер представлення групи	15	0	4	0.0
831	Характеристика Ейлера	20	0	3	1.0
832	Характеристична функція	66	0	7	2.0
833	Хвильове рівняння	215	0	23	5.0
834	Хеш-функція	720	1	53	22.0
835	Хроматичне число	129	0	19	2.0
836	Хроматичний індекс	18	0	4	0.0
837	Центральна гранична теорема	212	0	20	5.0
838	Центральний момент	117	0	18	3.0
839	Циклічний підклас	2	0	1	0.0
840	Циліндрична система координат	146	0	12	5.0
841	Цифри	1324	17	78	41.0
842	Ціла функція	25	0	3	1.0
843	Цілі числа	1780	17	107	56.0
844	Цілком впорядкована множина	37	0	6	1.0
845	Цілком неперервний оператор	7	0	2	0.0
846	Чарлз Сандерс Пірс	111	0	8	3.0
847	Час	1685	18	91	49.0
848	Часова область	37	0	5	1.0
849	Часовий ряд	444	3	32	15.0
850	Часткова похідна	433	3	31	13.0
851	Частково впорядкована множина	152	2	11	4.0
852	Частота події	242	0	31	7.5
853	Чезаре Арцела	3	0	1	0.0
854	Чисельне інтегрування	124	0	13	3.0
855	Чисельні методи	526	3	33	18.0
856	Числа Бернуллі	61	0	7	2.0
857	Числення висловлень	165	0	18	5.0
858	Число	1077	11	58	36.0
859	Число пі	4146	86	208	131.0
860	Чиста математика	27	0	4	1.0
861	Чотири арифметичні дії	2386	19	142	80.0
862	Шарль Ерміт	29	0	17	0.5
863	Швидке перетворення Фур'є	345	2	82	9.0
864	Швидкість	6210	25	440	197.0
865	Шинтан Яу	5	0	2	0.0
866	Шифр	171	2	19	5.0
867	Шифрування	751	1	58	23.0
868	Шіінг-Шен Черн	4	0	1	0.0
869	Шістнадцяткова система числення	705	3	35	22.0
870	Шлях (теорія графів)	114	0	26	3.0
871	Щербина Марія Володимирівна	37	0	7	1.0
872	Якобіан	84	0	8	2.0
873	Co-NP	6	0	2	0.0
874	E (число)	1273	12	60	45.0
875	EXPTIME	6	0	2	0.0
876	Gnuplot	19	0	4	0.5
877	Hashcash	16	0	2	0.5
878	Maple	116	0	8	4.0
879	Mathematica	91	0	14	3.0
880	MathML	66	0	7	2.0
881	NP-повна задача	152	0	13	4.0
882	NP-складна задача	62	0	5	2.0
883	PCP-теорема	2	0	2	0.0
884	T-критерій Стьюдента	1592	10	93	47.0
885	T-розподіл Стьюдента	271	2	17	8.0
