1	5-фторурацил	171	0	13	5.0
2	Абакавір	40	0	6	1.0
3	Абакавір/Ламівудин	10	0	2	1.0
4	Абарестезія	10	0	2	1.0
5	Абатестезія	8	0	2	0.5
6	Абдоміналізація серця	15	0	3	1.0
7	Абдомінопластика	236	0	41	5.5
8	Абсанс	435	5	27	14.0
9	Абсцес	2389	29	115	88.0
10	Абсцес легень	1266	13	73	44.0
11	Август Вагенманн	1	0	1	0.0
12	Авітамінози	2612	25	174	84.0
13	Австралійський кліщовий рикетсіоз	34	0	6	1.0
14	Автоімунні захворювання	2135	26	148	67.0
15	Агнозія	633	5	37	19.0
16	Агомелатин	80	0	8	2.0
17	Агорафобія	770	13	38	25.0
18	Агранулоцитоз	668	5	41	23.0
19	Адалімумаб	136	0	8	5.0
20	Адам Крістіян Тебезій	19	0	7	0.5
21	Аддералл	1647	28	85	52.0
22	Аддісонова хвороба	2278	21	113	80.0
23	Аделькі Негрі	17	0	12	0.0
24	Аденовіруси	653	5	54	18.0
25	Аденовірусна інфекція	1796	25	97	57.0
26	Аденома гіпофіза	245	1	15	9.0
27	Аденома щитоподібної залози	339	0	24	12.0
28	Адинамія	101	0	13	2.5
29	Адонізид	65	0	7	2.0
30	Адреналектомія	33	0	4	1.0
31	Адреногенітальний синдром	918	4	60	29.0
32	Адренокортикальна аденома	56	0	5	2.0
33	Адренокортикальна карцинома	37	0	5	2.0
34	Адренокортикотропний гормон	605	4	36	20.0
35	Адсорбована коклюшно-дифтерійно-правцева вакцина	1445	9	84	50.0
36	Аерофагія	95	0	22	2.0
37	Азеластин	55	0	5	2.0
38	Азилсартан	86	0	10	2.0
39	Азитроміцин	1332	22	66	44.0
40	Азлоцилін	23	0	4	1.0
41	Азооспермія	156	0	17	5.0
42	Азотемія	842	2	101	21.0
43	Азтреонам	53	0	6	1.0
44	Айван Магілл	2	0	1	0.0
45	Айзенберг Олександр Абрамович	8	0	3	0.0
46	Аймалін	38	0	5	1.5
47	Акінезія	94	0	13	2.5
48	Акне	2976	61	139	93.0
49	Акривастин	29	0	8	1.0
50	Акрихін	35	0	5	1.0
51	Акромегалія	1155	8	62	38.0
52	Актиномікоз	507	1	36	15.0
53	Актовегін	866	15	48	26.0
54	Акушерка	174	1	13	6.0
55	Алберт Аґуайо	5	0	3	0.0
56	Александер Флемінг	647	6	40	21.0
57	Алексія	116	0	12	4.0
58	Алемтузумаб	50	0	4	2.0
59	Алергічний дерматит	735	11	50	21.0
60	Алергія на латекс	107	0	11	3.0
61	Алкоголізм	5472	48	302	189.0
62	Алоїз Альцгеймер	125	0	28	3.0
63	Алоїз Капуано	3	0	2	0.0
64	Алпразолам	937	16	54	31.0
65	Альбендазол	490	5	33	14.0
66	Альберто Асколі	29	0	16	0.0
67	Альберто Бартон	2	0	1	0.0
68	Альбумінурія	78	0	11	2.0
69	Альдостерон	1027	7	63	31.0
70	Альфа-адреноблокатори	705	7	43	21.0
71	Альфа-клітина	16	0	3	0.0
72	Альфа-фетопротеїн	738	0	49	24.0
73	Альфонс Якоб	7	0	2	0.0
74	Альфред Вельпо	39	0	16	2.5
75	Альфузозин	50	0	5	1.0
76	Амбазон	72	0	6	3.0
77	Амбліопія	968	8	67	30.0
78	Амброксол	726	8	38	23.0
79	Амебіаз	873	8	60	26.0
80	Аменорея	1255	16	62	40.0
81	Американська колегія хірургів	3	0	1	0.0
82	Амізон	197	1	18	6.0
83	Амікацин	423	3	27	14.0
84	Амілоїд	145	0	10	4.0
85	Амілоїдоз	1071	9	59	36.0
86	Амімія	60	0	7	2.0
87	Аміноглікозиди	872	8	69	26.0
88	Амінотрансферази	199	1	15	6.0
89	Аміодарон	524	5	29	17.0
90	Амітриптилін	1692	20	99	56.0
91	Амлодипін	631	11	33	20.0
92	Амнезія	818	10	48	26.0
93	Амніоцентез	166	0	14	4.5
94	Амоксицилін	1330	12	73	43.0
95	Амоксицилін/клавуланова кислота	605	6	39	19.0
96	Амосов Микола Михайлович	3371	28	160	117.0
97	Ампренавір	6	0	2	0.0
98	Ампутація	253	2	20	8.0
99	Амрінон	26	0	5	1.0
100	Амтолметин гуацил	26	0	4	1.0
101	Амузія	50	0	5	2.0
102	Амфетамін	4311	93	185	140.0
103	Амфотерицин В	268	2	21	8.0
104	Анагрелід	24	0	6	1.0
105	Анапластичний рак щитоподібної залози	80	0	12	2.0
106	Анасарка	486	0	28	14.0
107	Анастомоз	312	1	23	9.0
108	Анастрозол	106	0	9	3.5
109	Анатоксин	430	1	42	10.0
110	Анатомічний театр Київського університету Св. Володимира	38	0	4	1.0
111	Анатомо-терапевтично-хімічна класифікація	203	0	27	6.0
112	Анафілаксія	554	5	35	18.0
113	Анафілактичний шок	3222	31	206	114.0
114	Ангіологія	60	0	8	1.0
115	Ангіома	373	1	22	13.0
116	Ангіосаркома	54	0	8	1.0
117	Ангіосаркома щитоподібної залози	16	0	2	1.0
118	Ангіоспазм	149	0	12	4.0
119	Андрейчин Михайло Антонович	126	0	11	3.0
120	Андрогени	792	8	41	26.0
121	Андростендіон	128	1	9	4.0
122	Аневризма	1556	30	78	48.0
123	Аневризма аорти	788	11	38	26.0
124	Анемія	8776	61	525	301.0
125	Анестезія	1204	10	76	35.0
126	Анеуплоїдія	933	3	59	34.0
127	Анідулафунгін	8	0	3	0.0
128	Анізакіди	27	0	4	1.0
129	Анізакідоз	79	0	7	3.0
130	Анізокорія	612	2	37	19.0
131	Анкілоз	352	2	28	11.0
132	Анкілозуючий спондилоартрит	2013	28	115	60.0
133	Анкілостомози	228	0	15	7.0
134	Анорексія (симптом)	1733	24	115	52.0
135	Антагоністи альдостерону	135	1	15	4.0
136	Антиаритмічні препарати	724	7	49	21.0
137	Антигіпертензивні препарати	1498	15	84	51.0
138	Антитіла	2878	24	150	101.0
139	Антифосфоліпідний синдром	252	1	18	8.0
140	Антон Вексельбаум	5	0	1	0.0
141	Антоні Крупський	2	0	1	0.0
142	Антраль	1978	33	93	65.0
143	Антропоноз	682	6	43	21.0
144	Анурія	597	5	33	19.0
145	Аортальна недостатність	273	1	20	8.0
146	Апатія (медицина)	1479	28	66	46.0
147	Апендицит	3293	67	156	109.0
148	Апное	606	6	32	21.0
149	Апное уві сні	745	14	39	23.0
150	Аполіпопротеїн A1	20	0	3	1.0
151	Апраксія	496	2	32	15.0
152	Аптека	334	3	27	10.0
153	Арахноїдит	433	3	31	14.0
154	Арбідол	131	1	10	3.0
155	Арбовірусні хвороби	210	1	29	5.0
156	Аргентинська геморагічна гарячка	128	0	16	5.0
157	Артеріальна гіпертензія	7931	82	426	276.0
158	Артеріальна гіпотензія	1896	30	93	63.0
159	Артеріосклероз	87	0	7	3.0
160	Артерія м'яза-підіймача яєчка	11	0	2	1.0
161	Артерія сім'явивідної протоки	12	0	1	1.0
162	Артерія яєчка	61	0	5	2.0
163	Артралгія	449	1	25	15.0
164	Артремфіт	74	0	8	2.0
165	Артрит	2920	36	152	86.0
166	Артроз плечового суглоба	204	1	16	7.0
167	Артропластика	39	0	6	1.0
168	Артур Ернест Гведел	28	0	17	0.0
169	Асептика	911	1	60	28.0
170	Аскарида людська	2992	30	147	106.0
171	Аскаридоз	2279	17	133	82.0
172	Аспарагіназа	32	0	5	1.0
173	Аспергільоз	256	2	20	8.0
174	Астазія	63	0	8	2.0
175	Астемізол	17	0	3	0.0
176	Астенія	2334	35	241	67.0
177	Астма бронхіальна	3953	19	212	135.0
178	Асфіксія	2849	38	261	91.0
179	Асцит	841	7	52	27.0
180	Атазанавір	19	0	3	1.0
181	Атаксія	755	5	43	22.0
182	Атезолізумаб	52	0	5	2.0
183	Ателектаз легені	1151	6	82	32.0
184	Атеросклероз	5444	56	341	171.0
185	Атетоз	152	0	14	5.0
186	Атипова пневмонія	261	1	18	9.0
187	Атлант (анатомія)	230	1	16	8.0
188	Атоваквон	46	0	7	2.0
189	Атонія	243	3	17	7.0
190	Атропін	1472	13	81	50.0
191	Атрофія	675	9	41	21.0
192	Аура (симптом)	268	3	13	9.0
193	Аускультація	269	0	26	8.0
194	Аутопсія	408	4	37	12.0
195	Аутотрансплантація	272	1	25	8.0
196	Афект первинний	59	0	7	2.0
197	Афонія	116	1	9	4.0
198	Афти	151	1	15	4.0
199	Ахілів рефлекс	238	1	16	7.0
200	Ахондроплазія	448	4	28	14.0
201	Ацеклофенак	133	1	14	4.0
202	Аценокумарол	91	0	10	2.0
203	Ацетилсаліцилова кислота/гідроксид магнію	289	0	17	10.0
204	Ацетилцистеїн	442	7	27	14.0
205	Ацикловір	1360	25	90	40.0
206	Бабезіоз	336	3	23	10.0
207	Бабеш Віктор	32	0	27	0.0
208	Базиліксимаб	13	0	2	0.0
209	Базофілопенія	6	0	2	0.0
210	Бактеріємія	235	1	18	8.0
211	Балантидіаз	172	1	13	5.0
212	Барабанна струна	150	0	26	4.0
213	Бардах Яків Юлійович	19	0	6	1.0
214	Барлова хвороба	68	0	6	2.0
215	Баротравма	169	0	15	5.0
216	Бартолініт	42	0	6	1.0
217	Бартолінові залози	382	4	21	12.0
218	Бартонельози	78	0	5	3.0
219	Баттологія	29	0	4	1.0
220	Бацилярний ангіоматоз	32	0	5	1.0
221	Бацилярний пурпурний гепатит	22	0	5	1.0
222	Бевацизумаб	193	0	14	7.0
223	Бедаквілін	96	0	9	2.0
224	Безифлоксацин	9	0	1	1.0
225	Безоар	142	0	16	4.0
226	Безредка Олександр Михайлович	97	0	15	2.0
227	Безсоння	1269	11	81	40.0
228	Беклометазон	147	1	13	4.0
229	Беміпарин	26	0	2	1.0
230	Беназеприл	52	0	8	2.0
231	Бендамустин	112	0	14	2.5
232	Бенджамін Раш	28	0	6	1.0
233	Бенедикт Ваґнер	3	0	2	0.0
234	Бензатин бензилпеніцилін	236	0	19	7.0
235	Бензатин феноксиметилпеніцилін	7	0	1	1.0
236	Бензобарбітал	44	0	11	2.0
237	Бепридил	22	0	6	1.0
238	Бері-бері	1083	4	135	30.0
239	Бета-2-адреностимулятори	288	2	20	9.0
240	Бета-блокатор	1585	15	88	50.0
241	Бета-клітина	100	0	17	3.0
242	Бета-лактамази	191	0	17	6.0
243	Бетаксолол	45	0	4	1.0
244	Бешиха	4875	80	225	158.0
245	Бівалірудин	9	0	3	0.0
246	Бігуняк Володимир Васильович	33	0	5	1.0
247	Бікалутамід	28	0	4	1.0
248	Біла гарячка	1403	7	73	44.0
249	Біластин	184	0	11	5.0
250	Біль	2047	12	131	69.0
251	Біль за грудиною	170	2	13	5.0
252	Біодоступність	282	1	19	8.0
253	Біохімічний аналіз крові	4400	29	221	172.0
254	Біполярний афективний розлад	4337	60	251	133.0
255	Біфоназол	56	0	4	2.0
256	Бічний аміотрофічний склероз	1538	23	69	50.0
257	Бленорея	236	0	19	6.0
258	Блеоміцин	54	0	6	2.0
259	Блефарит	533	4	38	18.0
260	Близькосхідний коронавірусний респіраторний синдром	315	0	229	2.5
261	Бліда куля	73	0	8	2.0
262	Блокатори кальцієвих каналів	994	9	57	31.0
263	Блокатори H2-гістамінових рецепторів	491	3	28	16.0
264	Блювання	607	6	46	19.0
265	Богданов Іван Лукіянович	2	0	1	0.0
266	Бокавірусна інфекція	47	0	5	1.0
267	Болівійська геморагічна гарячка	28	0	6	1.0
268	Бородавка	1195	6	61	41.0
269	Борозна (мозок)	734	0	48	22.0
270	Ботулізм	4531	44	242	133.0
271	Боцепревір	10	0	2	0.0
272	Брадикардія	2070	25	113	64.0
273	Брахідактилія	173	1	23	4.0
274	Браян Артур Селлік	15	0	4	0.0
275	Брентуксимаб ведотин	38	0	4	1.0
276	Бретилію тозилат	22	0	3	1.0
277	Бривудин	9	0	2	1.0
278	Брижа	338	2	26	9.0
279	Бринцидофовір	11	0	2	1.0
280	Бромгексин	856	7	43	30.0
281	Бронхіт	4918	81	237	164.0
282	Бронхоектатична хвороба	1549	14	93	50.0
283	Бронхоспазм	499	8	25	17.0
284	Бругіоз	74	0	7	2.0
285	Бруцельоз	2372	17	157	71.0
286	Бубновський Сергій Михайлович	306	3	25	9.0
287	Бубон (медицина)	168	1	16	5.0
288	Бубонна чума	598	7	34	17.0
289	Будесонід	373	4	23	12.0
290	Булімія	3127	50	544	80.0
291	Бупропіон	112	0	13	3.0
292	Бурсит	808	8	46	27.0
293	Бусерелін	23	0	2	1.0
294	Буспірон	204	1	16	6.0
295	Бусульфан	18	0	6	1.0
296	Бутоконазол	18	0	3	1.0
297	Вавжинєц Прессен	6	0	2	0.0
298	Вагінальний кандидоз	3537	63	171	116.0
299	Вазоактивний інтестинальний пептид	64	0	8	1.5
300	Вазопресин	1750	17	96	53.0
301	Вакцина проти гепатиту А	143	0	16	5.0
302	Вакцина проти епідемічного паротиту	115	0	10	3.0
303	Вакцина проти кору	1232	13	70	37.0
304	Вакцинація	1588	11	216	51.0
305	Вакцини	3212	23	230	102.0
306	Вакцини проти холери	68	1	8	2.0
307	Валацикловір	189	1	15	6.0
308	Валганцикловір	22	0	4	1.0
309	Валсартан	209	1	12	7.0
310	Варикоз	2333	40	101	74.0
311	Варфарин	537	5	33	16.0
312	Васкуліт	1018	14	70	32.0
313	Ведолізумаб	47	0	6	1.0
314	Везикульозний рикетсіоз	142	0	19	3.0
315	Великий кам'янистий нерв	112	0	18	3.0
316	Великогомілкова кістка	335	2	22	10.0
317	Венеричні хвороби	2776	34	296	83.0
318	Венерологія	168	1	12	5.0
319	Венесуельський енцефаломієліт	39	0	5	1.0
320	Венлафаксин	131	0	9	4.0
321	Верапаміл	665	9	43	20.0
322	Вернакалант	30	0	6	1.0
323	Вертикальний механізм передачі інфекції	235	1	18	6.0
324	Верхнє слиновидільне ядро	25	0	5	1.0
325	Верхній гортанний нерв	35	0	5	1.0
326	Верхньощелепна артерія	228	1	19	6.0
327	Верхньощелепна вена	12	0	3	1.0
328	Верхня гортанна артерія	5	0	1	0.0
329	Верхня щитоподібна артерія	27	0	4	1.0
330	Верхня щитоподібна вена	5	0	1	0.0
331	Випадкова смерть та інвалідність: знехтуване захворювання сучасного суспільства	3	0	1	0.0
332	Виразка Бурулі	90	1	9	2.0
333	Висип	2153	26	98	74.0
334	Високоактивна антиретровірусна терапія	474	2	62	13.0
335	Високович Володимир Костянтинович	47	0	6	1.0
336	Висотна хвороба	507	2	37	16.0
337	Висхідна глоткова артерія	25	0	8	1.0
338	Висхідна шийна артерія	15	0	2	1.0
339	Відрижка	494	7	25	17.0
340	Відшарування сітківки	613	6	48	18.0
341	Військова медицина в Україні	134	0	12	3.0
342	Військові медичні заклади України	177	2	12	5.0
343	Військово-лікарські комісії України	591	1	44	18.0
344	Вілем Душан Лямбль	13	0	4	0.5
345	Вілізієве коло	585	1	51	14.0
346	Вільгельм Ґрізінґер	9	0	2	0.5
347	Вільям Горгас	61	0	7	2.0
348	Віментин	29	0	5	1.0
349	Вінбластин	78	0	8	2.0
350	Вінорельбін	20	0	4	1.0
351	ВІПома	43	0	6	1.0
352	Вірус Епштейна — Барр	4616	53	229	157.0
353	Вірус Зіка	327	2	21	10.0
354	Вірус імунодефіциту людини	8680	60	442	290.0
355	Вірус Норуолк	140	0	13	4.0
356	Вірус папіломи людини	4058	58	192	142.0
357	Вірусемія	68	0	6	2.0
358	Віспа мавп	81	0	6	3.0
359	Вітамін B12	4340	65	213	143.0
360	Вітряна віспа	9921	210	418	327.0
361	Внутрішнє вухо	3650	14	242	135.0
362	Внутрішньоартеріальна ін'єкція	63	0	5	2.5
363	Внутрішньовенна ін'єкція	1757	13	94	61.0
364	Внутрішньолікарняна інфекція	1068	3	91	32.0
365	Внутрішньом'язова ін'єкція	1567	13	89	50.0
366	Внутрішньочерепна гіпертензія	938	11	52	29.0
367	Внутрішня грудна артерія	210	0	35	4.5
368	Внутрішня сонна артерія	334	1	31	10.0
369	Внутрішня яремна вена	443	2	37	12.0
370	Воєнно-медична доктрина України	92	0	10	2.0
371	Возіанова Жанна Іванівна	37	0	5	1.0
372	Войцех Жердинський	5	0	3	0.0
373	Волинська гарячка	169	0	21	3.0
374	Волянський Юрій Леонідович	15	0	2	1.0
375	Вориконазол	67	0	8	2.0
376	Вортіоксетин	68	0	6	2.0
377	Воші	1642	26	82	55.0
378	Всесвітній день боротьби з цукровим діабетом	34	0	8	1.0
379	Всеукраїнський центр професійної реабілітації інвалідів	114	0	17	3.0
380	Всеукраїнський центр радіохірургії	157	1	15	5.0
381	Вузлик	239	2	18	7.0
382	Вузликовий періартеріїт	436	4	28	14.0
383	Вухереріоз	63	0	5	2.0
384	Вушна раковина	796	3	58	28.0
385	Габапентин	495	4	30	16.0
386	Газова гангрена	1790	12	113	56.0
387	Галітоз	189	1	16	6.0
388	Галоперидол	1450	25	92	45.0
389	Галофантрин	11	0	3	0.0
390	Галюцинація	483	5	29	15.0
391	Гамалія Микола Федорович	383	4	21	12.0
392	Гангрена	1853	31	93	58.0
393	Ганс Сельє	183	1	12	6.0
394	Ганс Цінссер	26	0	24	0.0
395	Ганс-Герхард Кройцфельд	6	0	2	0.0
396	Ганцикловір	110	0	7	4.0
397	Гаплогрупа R1a	349	2	25	11.0
398	Гарячка	2801	16	177	92.0
399	Гарячка денге	520	6	37	17.0
400	Гарячка Західного Нілу	140	0	9	5.0
401	Гарячка Ласса	365	0	26	12.0
402	Гарячка лісу Семлікі	14	0	6	1.0
403	Гарячка паппатачі	148	1	14	5.0
404	Гарячка Ріфт Валлі	42	0	5	1.0
405	Гарячка Росс Рівер	29	0	3	1.0
406	Гарячка Сіндбіс	8	0	3	0.0
407	Гарячки від укусу пацюків	36	0	4	1.0
408	Гастринома	40	0	8	1.0
409	Гастрит	3938	50	189	132.0
410	Гастроезофагеальна рефлюксна хвороба	2387	40	129	76.0
411	Гатіфлоксацин	240	0	16	8.0
412	Гвайфенезин	773	11	36	26.0
413	Гексопреналін	29	0	5	1.0
414	Гельмінти	2771	35	130	100.0
415	Гельмінтози	1214	10	73	37.0
416	Гемартроз	165	0	16	5.0
417	Гематома	1516	16	80	50.0
418	Гематурія	630	5	37	21.0
419	Геміпарез	658	4	40	21.0
420	Геміфлоксацин	14	0	4	0.0
421	Гемолітична анемія	780	3	64	23.0
422	Гемоперикард	40	0	5	1.5
423	Геморагічна гарячка	698	0	71	21.0
424	Геморагічна гарячка з нирковим синдромом	649	1	77	15.0
425	Геморагічний васкуліт	2117	24	125	64.0
426	Геморагічний інсульт	1789	20	99	60.0
427	Геморой	4909	58	213	169.0
428	Гемофілія	5058	34	1035	127.0
429	Гемофільна інфекція	1247	8	82	37.0
430	Гемохроматоз	386	5	34	12.0
431	Гемцитабін	57	0	5	2.0
432	Генетичні хвороби	4806	13	375	145.0
433	Генрик Кадий	13	0	5	0.0
434	Генрік Мосінг	29	0	4	1.0
435	Генріх Квінке	12	0	2	1.0
436	Гентаміцин	747	10	45	23.0
437	Георг Гаффкі	4	0	2	0.0
438	Георг Фернан Ізідор Відаль	49	0	44	0.0
439	Гепатит А	2682	32	139	99.0
440	Гепатит B	4642	30	273	157.0
441	Гепатит C	4662	57	233	167.0
442	Гепатит D	812	3	97	24.0
443	Гепатит E	614	5	43	20.0
444	Гепатомегалія	563	3	35	17.0
445	Гепатоцит	483	2	47	13.0
446	Герасун Борис Абрамович	48	0	6	1.0
447	Герпес простий	2416	29	126	75.0
448	Герпесвіруси	580	0	58	16.0
449	Герпесвірусні інфекції	1603	16	86	54.0
450	Гестаційний цукровий діабет	291	3	19	10.0
451	Гефітиніб	10	0	2	0.0
452	Гикавка	611	0	37	19.0
453	Гіаліноз	137	1	13	4.0
454	Гіалоїдна мембрана	14	0	3	1.0
455	Гібернома	93	1	8	2.5
456	Гігантоклітинний артеріїт	102	0	9	3.0
457	Гігієна	1234	5	77	42.0
458	Гідазепам	4794	102	220	158.0
459	Гідроксизин	112	1	9	3.0
460	Гідроксикарбамід	26	0	3	1.0
461	Гідроксиметилхіноксиліндіоксид	88	1	8	3.0
462	Гідроксихлорохін	81	0	7	2.5
463	Гідронефроз	1456	12	78	49.0
464	Гідроторакс	370	1	29	11.0
465	Гідрофобія (симптом)	59	0	8	2.0
466	Гідрохлоротіазид	647	9	35	21.0
467	Гідроцефалія	2457	47	108	78.0
468	Гійом Дюпюїтрен	25	0	17	0.5
469	Гіменолепідоз	581	1	43	18.0
470	Гінгівіт	1109	12	62	33.0
471	Гінеколог-ендокринолог	123	1	8	3.0
472	Гіперальдостеронізм	432	4	27	13.0
473	Гіперглікемічна кома	2975	21	193	98.0
474	Гіперглікемія	1060	4	67	34.0
475	Гіперемія	884	8	49	28.0
476	Гіперестезія	245	1	19	7.0
477	Гіперкаліємія	349	2	20	11.0
478	Гіперкапнія	323	0	33	10.0
479	Гіперліпідемія	344	0	25	10.0
480	Гіперпаратиреоз	382	2	22	11.0
481	Гіперпролактинемія	370	1	30	12.0
482	Гіпертензивний криз	1556	6	89	63.0
483	Гіпертиреоїдизм	777	9	49	25.0
484	Гіпноз	1279	11	242	27.0
485	Гіповолемічний шок	1399	6	115	34.0
486	Гіповолемія	451	5	31	13.0
487	Гіпоглікемічна кома	2541	9	152	79.0
488	Гіпоглікемія	1322	15	76	44.0
489	Гіподинамія	1209	7	78	33.0
490	Гіпокаліємія	314	3	20	10.0
491	Гіпоксемія	313	1	18	9.0
492	Гіпоманія	344	4	24	11.0
493	Гіпопаратиреоїдизм	245	1	17	8.0
494	Гіпопіон	53	0	8	1.0
495	Гіпотермія	731	8	36	24.0
496	Гіпотиреоїдизм	2551	38	121	87.0
497	Гіпотонус	91	0	11	3.0
498	Гіпотрофія	592	2	38	19.0
499	Гіппократ	970	9	55	30.0
500	Гірська хвороба	336	2	33	10.0
501	Гістеректомія	355	1	18	11.0
502	Гістопатологія	16	0	3	1.0
503	Гістоплазмоз	132	1	9	4.0
504	Глатирамеру ацетат	96	0	15	3.0
505	Глаукома	2273	18	134	68.0
506	Глибока язикова артерія	2	0	1	0.0
507	Глибоке пахвинне кільце	218	1	23	6.0
508	Глібенкламід	167	1	10	6.0
509	Глікемічний індекс	932	15	51	27.0
510	Гліклазид	119	0	13	4.0
511	Гліобластома	758	12	45	25.0
512	Гліома	233	3	13	8.0
513	Гломерулонефрит	4082	26	218	162.0
514	Глузман Семен Фішельович	1170	8	224	16.0
515	Глюкагон	797	5	46	27.0
516	Глюкагонома	28	0	4	1.0
517	Глюкозурія	358	1	29	12.0
518	Глюкокортикоїди	1270	9	70	44.0
519	Гній (медицина)	401	5	24	11.0
520	Гноячок	116	1	7	4.0
521	Говард Тейлор Рікеттс	6	0	2	0.0
522	Гозерелін	155	0	10	5.0
523	Голімумаб	21	0	2	1.0
524	Голка хірургічна	154	1	13	4.0
525	Головна вена	73	0	8	2.0
526	Головне ядро трійчастого нерва	39	0	7	2.0
527	Головний біль	1375	17	72	46.0
528	Головний біль напруги	804	17	40	24.0
529	Головний мозок людини	8838	48	472	314.0
530	Голосові зв'язки	748	5	45	25.0
531	Голубовська Ольга Анатоліївна	153	1	13	4.0
532	Гомілка	676	11	34	23.0
533	Гомілковостопний суглоб	480	5	27	16.0
534	Гонорея	6685	91	312	217.0
535	Гончарук Євген Гнатович	27	0	5	1.0
536	Гормон росту 2	34	0	4	1.0
537	Городецький Марко Михайлович	22	0	3	1.0
538	Гортань	1228	12	68	37.0
539	Госпітальна пневмонія	190	0	14	6.0
540	Гостра респіраторна вірусна інфекція	4170	44	218	143.0
541	Гостра серцева недостатність	1510	5	112	47.0
542	Гостра судинна недостатність	1448	8	85	48.0
543	Гострий апендицит	1885	30	87	60.0
544	Гострий гастрит	1218	14	89	39.0
545	Гострий лімфобластний лейкоз	988	8	56	34.0
546	Гострий мієлобластний лейкоз	515	2	64	14.0
547	Гострий панкреатит	2619	32	136	80.0
548	Гострий середній отит	2547	44	129	81.0
549	Гострий тонзиліт	6571	120	291	217.0
550	Гострі лейкози	773	6	53	24.0
551	Грепафлоксацин	9	0	3	0.5
552	Грижа	2097	18	105	70.0
553	Гризеофульвін	123	0	14	3.0
554	Грип	5213	34	292	171.0
555	Грицюк Олександр Йосипович	11	0	2	0.0
556	Громадське здоров'я	1471	6	209	27.0
557	Громашевська Любов Леонтіївна	3	0	2	0.0
558	Громашевський Лев Васильович	54	0	7	2.0
559	Грудинно-ключично-соскоподібний м'яз	173	1	19	4.5
560	Грудинно-ключично-сосцеподібна артерія	4	0	2	0.0
561	Гуго Шоттмюллер	1	0	1	0.0
562	Гума (патологія)	183	2	15	5.0
563	Гураль Анатолій Леонтійович	7	0	3	0.0
564	Ґергард Гансен	8	0	2	0.0
565	Ґрелін	182	1	13	5.5
566	Дазатиніб	12	0	2	1.0
567	Дакарбазин	27	0	6	1.0
568	Даклізумаб	20	0	3	1.0
569	Далекозорість	2768	17	194	95.0
570	Дальтепарин	20	0	2	1.0
571	Данієль Алкідес Карріон	30	0	29	0.0
572	Данієль Елмер Сальмон	6	0	2	0.0
573	Дапсон	77	0	6	2.5
574	Даптоміцин	21	0	3	1.0
575	Дарунавір	29	0	6	1.0
576	ДВЗ-синдром	1464	14	99	49.0
577	Девід Брюс (мікробіолог)	15	0	3	0.0
578	Девід Веттер	96	0	23	2.0
579	Дезлоратадин	326	2	20	11.0
580	Декаметоксин	838	2	45	27.0
581	Декваліній	113	0	10	4.0
582	Дексаметазон	3834	73	205	111.0
583	Дексібупрофен	87	0	8	3.0
584	Декскетопрофен	322	2	23	9.0
585	Декслансопразол	74	1	5	2.5
586	Делавірдин	11	0	2	1.0
587	Делірій	1243	18	61	41.0
588	Дельта-клітина	16	0	2	1.0
589	Деменція	3971	64	236	135.0
590	Демієлінізуючі захворювання	595	4	41	19.0
591	Демодекоз	3124	55	153	100.0
592	Деносумаб	85	0	6	2.0
593	Деперсоналізація	630	5	37	20.0
594	Дерматологія	397	3	29	12.0
595	Дерматоміозит	664	7	42	22.0
596	Десвенлафаксин	55	0	6	2.0
597	Десмоїд	153	0	14	4.0
598	Десмопресин	82	0	8	3.0
599	Джгут	1955	16	141	61.0
600	Джеймс К. Стайнер	8	0	2	0.5
601	Джироламо Фракасторо	52	0	6	1.0
602	Джованні Баттіста Грассі	2	0	1	0.0
603	Джозаміцин	135	0	11	3.0
604	Джозеф Лістер	126	0	12	3.0
605	Джон Сноу	118	0	15	3.0
606	Джонатан Гатчінсон	171	0	126	2.0
607	Дивертикуліт	413	6	25	12.0
608	Дигітоксин	190	1	17	5.5
609	Диданозин	12	0	3	0.0
610	Дизартрія	711	4	43	23.0
611	Дизентерія	2326	25	129	70.0
612	Дизопірамід	32	0	3	1.0
613	Дийодтирозин	13	0	3	0.0
614	Дилтіазем	71	0	7	2.0
615	Дименгідринат	93	0	7	3.0
616	Диметилтриптамін	438	5	24	14.0
617	Диметинден	167	1	11	6.0
618	Дипілідіоз	103	0	8	3.0
619	Дипіридамол	221	1	15	6.0
620	Диплопія	246	1	22	8.0
621	Дирофіляріоз	551	3	46	15.0
622	Дисекція шиї	73	0	8	2.0
623	Дислокація мозку	97	1	10	2.5
624	Дисморфофобія	386	5	23	11.0
625	Диспансеризація	1107	7	81	37.0
626	Диспепсія	1353	16	82	40.0
627	Дисфагія	694	7	46	20.0
628	Дисфорія	485	5	34	14.0
629	Дифілоботріоз	473	5	38	14.0
630	Дифтерія	7114	50	393	242.0
631	Дифузний панбронхіоліт	38	0	4	1.0
632	Дифузний токсичний зоб	1755	20	99	60.0
633	Дихальна недостатність	1254	3	93	40.0
634	Дихання Біота	505	4	32	17.0
635	Дихання Куссмауля	629	4	37	22.0
636	Дихання Чейна — Стокса	709	2	46	25.0
637	Діабетична нефропатія	205	1	17	7.0
638	Діагностична тріада Стімсона	71	0	9	2.0
639	Діагностичний і статистичний посібник з психічних розладів	131	1	10	4.0
640	Діазепам	1109	19	62	36.0
641	Діапедез	87	0	8	2.0
642	Діарея	1635	32	81	52.0
643	Діарея мандрівників	240	2	22	7.0
644	Діацереїн	50	0	9	1.0
645	Дієта	1345	20	66	43.0
646	Дієти за Певзнером	413	1	25	13.0
647	Діурез	1755	16	96	62.0
648	Доброякісна гіперплазія передміхурової залози	1500	12	85	49.0
649	Доброякісна пухлина	1442	7	98	52.0
650	Доказова медицина	417	4	34	13.0
651	Доксазозин	338	2	20	10.0
652	Доксепін	165	1	14	5.0
653	Доксиламін	132	0	8	4.0
654	Доксициклін	1593	17	88	44.0
655	Долонно-підошовний синдром	30	0	4	1.0
656	Долутегравір	70	0	6	2.0
657	Домперидон	511	2	48	15.0
658	Дональд Гендерсон	9	0	3	0.0
659	Допінг-тест	61	0	13	1.0
660	Доріпенем	33	0	6	1.0
661	Доступні ліки	127	0	9	4.0
662	Дофамін	2058	38	94	68.0
663	Дофетилід	15	0	3	1.0
664	Доцетаксел	118	0	11	4.0
665	Дракункульоз	326	0	26	10.0
666	Дронедарон	22	0	3	1.0
667	Дротаверин	1746	27	90	57.0
668	Друга холерна пандемія	6	0	2	0.0
669	Дуга аорти	419	1	45	11.0
670	Дудченко Іван Степанович	5	0	2	0.0
671	Дулоксетин	145	0	11	4.5
672	Дутастерид	129	0	11	4.0
673	Дяченко Сергій Степанович	7	0	1	0.0
674	Ебастин	40	0	6	1.0
675	Ебола (вірус)	1896	21	160	54.0
676	Еверолімус	18	0	3	1.0
677	Едвард Дженнер	186	1	13	6.0
678	Езомепразол	161	1	12	5.0
679	Езофагіт	663	3	35	22.0
680	Ейфорія	1479	25	77	47.0
681	Екзема	3255	58	155	106.0
682	Екзофтальм	203	0	18	6.0
683	Еконазол	49	0	6	1.0
684	Ексеместан	26	0	6	1.0
685	Екстракорпоральна мембранна оксигенація	53	0	5	2.0
686	Екстрапірамідна система	704	3	75	22.0
687	Екстрастріарна кора	3	0	1	0.0
688	Екстрений медичний реагувальник	48	0	11	1.0
689	Екстрений медичний технік	107	1	9	3.0
690	Елвітегравір	8	0	3	0.0
691	Електрокардіографія	3248	20	187	112.0
692	Електротравма	1884	14	121	67.0
693	Еліс Кетрін Еванс	6	0	1	0.0
694	Емануель Махек	6	0	2	0.0
695	Емболія	1357	11	82	50.0
696	Еметин	40	0	5	1.0
697	Еміль Адольф фон Берінг	28	0	3	1.0
698	Еміль Шарль Ашар	44	0	18	0.0
699	Емоційно нестабільний розлад особистості	518	6	29	16.0
700	Емтрицитабін	27	0	4	1.0
701	Еналаприл	666	9	36	21.0
702	Ендартеріїт	384	2	27	13.0
703	Ендемічний висипний тиф	451	2	34	13.0
704	Ендемічний поворотний тиф	174	1	18	5.0
705	Ендемія	361	1	37	9.0
706	Ендокардит	795	6	51	26.0
707	Ендокринна хірургія	40	0	5	1.0
708	Ендокринні залози	4864	32	293	140.0
709	Ендорфіни	1414	23	75	43.0
710	Еноксапарин	171	1	10	6.0
711	Еноксацин	5	0	1	0.0
712	Енріке да Роше Ліма	1	0	1	0.0
713	Ентекавір	43	0	5	1.5
714	Ентерит	990	12	57	33.0
715	Ентерична нервова система	158	1	12	4.0
716	Ентеробіоз	1680	23	87	54.0
717	Ентеровірусні інфекції	1454	22	83	46.0
718	Ентерогастральний гальмівний рефлекс	10	0	3	0.0
719	Ентероколіт	1037	7	65	33.0
720	Ентеросорбент	293	2	17	10.0
721	Енурез	729	8	37	24.0
722	Енфувіртид	8	0	2	0.0
723	Енцефаліт	2135	29	90	74.0
724	Енцефаліт долини Муррея	18	0	3	1.0
725	Енцефаліт Росіо	16	0	2	1.0
726	Енцефаліт Сент-Луїс	15	0	2	1.0
727	Енцефалопатія	2541	37	171	85.0
728	Еозинофілія	2950	17	146	105.0
729	Епідеміологія	1137	8	73	41.0
730	Епідемічний висипний тиф	2006	5	136	66.0
731	Епідемічний паротит	2475	18	140	78.0
732	Епідемічний поворотний тиф	261	2	20	7.0
733	Епідемія	1415	10	83	47.0
734	Епікондиліт	540	5	30	18.0
735	Епірубіцин	18	0	5	1.0
736	Еплеренон	98	1	8	3.0
737	Епросартан	14	0	3	0.0
738	Ептифібатид	13	0	4	0.0
739	Ерадикація інфекційних хвороб	58	0	7	2.0
740	Ерготерапія	636	3	38	20.0
741	Ерготизм	216	0	19	6.0
742	Ердостеїн	69	0	8	2.0
743	Еризипелоїд	572	3	73	15.0
744	Еритроміцин	933	15	48	31.0
745	Еритропоетин	528	4	40	16.0
746	Ерліхіоз	64	0	6	2.0
747	Ерлотиніб	27	0	4	1.0
748	Ертапенем	18	0	3	1.0
749	Есенціале	785	8	40	25.0
750	Есмолол	37	0	5	1.0
751	Естрадіол	735	5	42	23.0
752	Естрамустин	6	0	1	0.0
753	Есциталопрам	480	3	98	11.5
754	Етамбутол	156	0	11	5.0
755	Етанерцепт	29	0	4	1.0
756	Етацизин	67	0	9	2.0
757	Етифоксин	26	0	9	1.0
758	Етіологія (медицина)	918	10	48	30.0
759	Етодолак	84	0	8	2.0
760	Етопозид	56	0	5	2.0
761	Еторикоксиб	227	2	22	6.0
762	Етравірин	10	0	2	0.5
763	Етторе Маркіафава	19	0	3	1.0
764	Еутиреоз	219	1	15	8.0
765	Ефавіренз	61	0	5	2.0
766	Ехінокандини	17	0	3	0.0
767	Ехінокок звичайний	465	0	30	14.0
768	Ехінококоз	940	10	57	30.0
769	Ехокардіографія	449	0	31	13.0
770	Ешерихіоз	1521	6	107	53.0
771	Європейська рада ресусцитації	38	0	6	1.0
772	Єрсиніоз кишковий	1009	9	61	32.0
773	Єрсинія	215	0	21	6.0
774	Жан-Луї Прево	1	0	1	0.0
775	Жданов Віктор Михайлович	27	0	3	1.0
776	Жовта гарячка	784	4	48	24.0
777	Жовтяниця (медицина)	3078	38	209	95.0
778	Жовчнокам'яна хвороба	2296	17	146	72.0
779	Жозеф-Фредерік-Бенуа Шарр'єр	47	0	28	0.0
780	Жувальний м'яз	193	0	20	6.0
781	Заболотний Данило Кирилович	1122	13	78	34.0
782	Забуті тропічні хвороби	199	3	12	6.0
783	Загальна клубова артерія	164	0	19	4.0
784	Загальна сонна артерія	745	3	44	23.0
785	Задишка	694	5	42	23.0
786	Задній сегмент ока	6	0	2	0.0
787	Задня вушна артерія	27	0	5	1.0
788	Задня мозкова артерія	113	0	9	3.0
789	Закидання голови-виведення підборіддя	29	0	3	1.0
790	Законодавство в екстреній медицині	159	0	14	4.0
791	Залеплон	17	0	3	0.5
792	Зальцитабін	7	0	2	0.0
793	Занамівір	65	0	6	2.0
794	Заочеревинний простір	288	1	25	8.0
795	Запалення	2853	27	159	97.0
796	Запор	1488	30	68	47.0
797	Зарицький Анатолій Минович	6	0	1	0.5
798	Застуда	652	10	37	21.0
799	Затримка місячних	3695	4	250	116.0
800	Західний енцефаломієліт коней	15	0	3	1.0
801	Зв'язка (анатомія)	295	0	22	8.0
802	Звивина	396	2	25	13.0
803	Зворотний гортанний нерв	145	1	11	4.0
804	Здорове харчування	3347	19	176	125.0
805	Злоякісна анемія	333	0	24	10.0
806	Зміна поведінки (громадське здоров'я)	15	0	3	1.0
807	Знаменський Володимир Олексійович	7	0	1	0.5
808	Зневоднення організму	277	2	16	9.0
809	Зоб (хвороба)	2050	23	109	65.0
810	Зовнішній сітчастий шар	23	0	5	1.0
811	Зовнішня капсула	15	0	3	0.0
812	Зовнішня клубова артерія	117	1	9	4.0
813	Зовнішня сонна артерія	441	2	37	14.0
814	Зовнішня яремна вена	156	0	13	5.0
815	Золпідем	93	0	6	3.0
816	Зооноз	629	8	49	16.0
817	Зопіклон	111	1	10	3.0
818	Зоровий нерв	1859	9	131	64.0
819	Зофеноприл	34	0	5	1.0
820	Зсідання крові	3756	32	192	121.0
821	Зюков Анатолій Матвійович	11	0	3	0.0
822	Івабрадин	159	1	13	4.0
823	Іванов Вадим Миколайович	5	0	1	0.0
824	Івар Сандстрьом	4	0	2	0.0
825	Ідарубіцин	5	0	2	0.0
826	Ідіопатичний фіброзуючий альвеоліт	259	2	23	7.5
827	Ізоконазол	11	0	2	0.0
828	Ізоксуприн	16	0	6	0.0
829	Ізопреналін	151	0	14	4.0
830	Ізосорбіду динітрат	160	0	12	6.0
831	Іматиніб	67	0	6	2.0
832	Іміпенем	144	1	10	5.0
833	Іміпрамін	57	0	6	1.0
834	Імунітет (медицина)	3916	28	239	146.0
835	Імуногістохімія	342	0	26	9.0
836	Інвагінація кишечника	453	2	31	14.0
837	Інгібітори 5-альфа-редуктази	54	0	4	3.0
838	Інгібітори АПФ	957	6	60	31.0
839	Інгібітори бета-лактамаз	72	0	9	2.0
840	Інгібітори протеази	129	1	14	3.0
841	Інгібітори рецепторів ангіотензину-ІІ	704	4	54	22.0
842	Інгібітори тирозинкінази	54	0	5	1.5
843	Індакатерол	15	0	2	1.0
844	Індапамід	359	1	25	12.0
845	Індинавір	13	0	4	0.0
846	Інозин	191	2	14	6.0
847	Інозин пранобекс	491	8	31	14.0
848	Інститут ендокринології та обміну речовин імені В. П. Комісаренка НАМН України	170	0	13	4.0
849	Інститут медичної реабілітації дітей з ураженням центральної нервової системи імені Януша Корчака	61	0	14	2.0
850	Інститут очних хвороб і тканинної терапії імені В. П. Філатова НАМН України	250	1	17	9.0
851	Інструктор курсів невідкладної допомоги	12	0	3	1.0
852	Інсулін	4165	47	201	133.0
853	Інсулінова помпа	375	1	23	11.0
854	Інсулінома	62	0	8	2.0
855	Інсулінотерапія	237	0	23	6.0
856	Інтерстиційний нефрит	269	2	20	8.0
857	Інтраопераційне гістологічне експрес-дослідження	68	0	5	2.0
858	Інтубація	86	0	8	3.0
859	Інфекційна еритема	795	9	44	25.0
860	Інфекційний мононуклеоз	8078	93	408	267.0
861	Інфекційні захворювання	12679	58	689	432.0
862	Інфекція	2618	13	162	75.0
863	Інфекція, яку спричинює вірус Епштейна — Барр	2403	42	145	71.0
864	Інфекція, яку спричинює герпесвірус людини 6-го типу	199	2	13	6.0
865	Інфекція, яку спричинює герпесвірус людини 7-го типу	93	0	8	3.0
866	Інфекція, яку спричинює герпесвірус людини 8-го типу	142	1	11	4.0
867	Інфліксімаб	103	0	8	3.0
868	Іпохондрія	1510	26	137	47.0
869	Іпратропію бромід	271	1	21	7.0
870	Ірбесартан	64	0	5	2.0
871	Іринотекан	35	0	4	1.0
872	Ірит	296	2	23	8.0
873	Ісрадипін	14	0	3	1.0
874	Ітоприд	55	0	6	2.0
875	Ітраконазол	283	4	23	8.0
876	Іфосфамід	22	0	3	1.0
877	Ішемічна хвороба серця	5421	55	276	205.0
878	Ішемічний інсульт	2295	39	144	71.0
879	Ішурія	941	8	57	30.0
880	Йододефіцит	1478	9	199	30.0
881	Кабазитаксел	8	0	2	0.0
882	Календар щеплень	864	4	53	29.0
883	Каліфорнійський енцефаліт	18	0	4	1.0
884	Кальцитонін	1039	3	66	30.0
885	Кальцитріол	125	0	10	3.0
886	Кампілобактеріоз	365	3	27	11.0
887	Канакінумаб	19	0	2	1.0
888	Каналопатія	75	0	9	2.0
889	Канаміцин	148	1	13	3.0
890	Кандидоз	4053	55	190	127.0
891	Канцерогени	1506	12	84	48.0
892	Капецитабін	144	0	15	5.0
893	Капреоміцин	45	0	5	1.5
894	Каптоприл	582	9	32	17.0
895	Карантин	780	0	56	25.0
896	Карбамазепін	1106	17	53	35.0
897	Карбоплатин	152	0	12	4.5
898	Карбоцистеїн	224	0	19	6.0
899	Карбункул (хвороба)	1547	20	91	49.0
900	Карведилол	348	1	22	11.0
901	Кардіалгія	158	0	22	4.0
902	Кардіоміопатія	1665	21	97	56.0
903	Кардіохірургія	144	0	18	4.0
904	Карл Вундерліх	31	0	8	3.0
905	Карл Йозеф Еберт	6	0	2	0.0
906	Карлос Хуан Фінлей	12	0	3	0.0
907	Карлус Шагас	31	0	26	0.0
908	Кармустин	9	0	3	0.0
909	Каролінська університетська лікарня	9	0	4	0.0
910	Каротидний синус	111	1	8	3.0
911	Карфентаніл	105	1	9	3.0
912	Карциноїд	97	0	13	3.0
913	Карциноїдний синдром	96	0	9	3.0
914	Карцинома	4060	55	178	143.0
915	Каспофунгін	44	0	4	1.0
916	Катаракта	2149	18	134	70.0
917	Катастрофічний антифосфоліпідний синдром	110	1	17	2.0
918	Кафедра патологічної фізіології Національного медичного університету імені О. О. Богомольця	38	0	27	1.0
919	Кашель	878	9	51	29.0
920	Кветіапін	243	2	40	6.0
921	Квінаприл	16	0	2	1.0
922	Келвін Леунг	7	0	3	0.0
923	Кератит	888	13	50	26.0
924	Кертіс Лестер Мендельсон	4	0	1	0.0
925	Кесонна хвороба	709	5	50	21.0
926	Кетоацидоз	542	5	32	18.0
927	Кетоконазол	296	2	19	8.0
928	Кетопрофен	469	3	26	16.0
929	Кеторолак	355	4	21	11.0
930	Кетотифен	662	11	33	21.0
931	Київська міська психіатрична лікарня	515	6	56	16.0
932	Київське обласне психіатрично-наркологічне медоб'єднання	169	0	11	5.0
933	Київський міський клінічний госпіталь ветеранів війни	208	0	18	6.0
934	Кила Шморля	870	7	51	30.0
935	Кишенькова маска	9	0	2	0.0
936	Кишечник	2212	34	103	74.0
937	Кишкова непрохідність	2977	25	171	97.0
938	Кільця Кайзера — Флайшера	57	0	6	2.0
939	Кінезітерапія	838	9	54	24.0
940	Кір	18571	324	905	632.0
941	Кіркова речовина надниркової залози	500	0	44	16.0
942	Кіста	2425	41	138	80.0
943	Кіста зябрової дуги	23	0	3	1.0
944	Кісточка (анатомія)	247	1	16	9.0
945	Кітасато Сібасабуро	13	0	2	1.0
946	Кіфоз	781	4	48	25.0
947	Клавдій Гален	280	1	31	8.0
948	Клавуланова кислота	177	0	13	6.0
949	Кладрибін	18	0	3	1.0
950	Кларитроміцин	950	3	57	29.0
951	Класифікація кровотеч за Форестом	903	4	83	26.0
952	Кластер захворювання	12	0	2	1.0
953	Клемастин	120	0	14	3.0
954	Кленбутерол	329	2	21	11.0
955	Кліндаміцин	380	3	20	11.0
956	Клініка (медичний заклад)	248	3	16	8.0
957	Клінічна лікарня «Феофанія»	559	7	31	19.0
958	Клінічна настанова	66	0	8	3.0
959	Клінічний аналіз крові	3131	20	182	116.0
960	Клінічний аналіз сечі	3105	18	152	119.0
961	Кліщовий висипний тиф Північної Азії	134	0	16	4.0
962	Кліщовий енцефаліт	2223	16	116	76.0
963	Кліщовий пароксизмальний рикетсіоз	25	0	4	1.0
964	Клоксацилін	45	0	5	2.0
965	Кломіпрамін	66	0	7	2.0
966	Клоназепам	326	2	22	11.0
967	Клонорхоз	143	0	13	4.0
968	Клонус	97	1	11	4.0
969	Клотримазол	900	13	43	29.0
970	Клофазимін	99	0	24	2.0
971	Ключиця	478	6	29	14.0
972	Клятва Гіппократа	1274	23	57	40.0
973	Коагулограма	2060	24	114	72.0
974	Коагулопатія	227	1	15	7.0
975	Козько Володимир Миколайович	22	0	7	1.0
976	Коклюш	3201	50	154	106.0
977	Коксиби	120	0	9	3.5
978	Колапс (медицина)	2408	25	122	86.0
979	Колінний суглоб	1202	22	58	37.0
980	Колінчастий вузол	25	0	6	1.0
981	Колістин	126	0	10	4.0
982	Колоноскопія	1553	13	126	50.0
983	Колорадська кліщова гарячка	52	0	5	2.0
984	Колоректальний рак	1019	13	50	35.0
985	Кома (медицина)	2645	38	143	84.0
986	Комісаренко Ігор Васильович	30	0	4	1.0
987	Конваллятоксин	13	0	3	1.0
988	Контагіозність	246	1	24	8.0
989	Контактний механізм передачі інфекції	293	0	23	10.0
990	Контрактура Дюпюїтрена	435	4	28	14.0
991	Конча-Заспа (санаторій)	153	0	13	4.0
992	Кора головного мозку	2778	11	167	100.0
993	Корбініан Бродман	13	0	3	0.0
994	Корглікон	564	4	32	17.0
995	Корона голівки члена	165	2	11	5.0
996	Коронавірусна інфекція	143	1	22	4.0
997	Коронарна недостатність	407	3	27	11.0
998	Короста	5937	110	294	192.0
999	Короткозорість	4218	25	276	156.0
1000	Кортизол	1983	17	91	70.0
1001	Кортизон	383	3	24	11.0
1002	Кортикальний гомункулус	186	0	47	3.0
1003	Корчак-Чепурківський Овксентій Васильович	54	0	6	1.0
1004	Косоокість	1218	6	78	42.0
1005	Крайня капсула	7	0	1	0.0
1006	Крайня плоть	905	20	43	28.0
1007	Краніофарингіома	57	0	8	2.0
1008	Краснуха	3550	55	174	113.0
1009	Крелін Юлій Зусманович	4	0	2	0.0
1010	Крим-Конго геморагічна гарячка	491	0	55	10.0
1011	Криптококоз	229	0	19	7.0
1012	Крістоф Вільгельм Гуфелянд	12	0	2	0.5
1013	Кров'яний тиск	1835	20	119	61.0
1014	Кронтовський Олексій Антонінович	15	0	10	1.0
1015	Кропив'янка (хвороба)	5144	98	216	166.0
1016	Круп	1539	22	92	53.0
1017	Ксантелазма	230	1	19	7.0
1018	Ксантома	312	1	18	9.0
1019	Ксипамід	22	0	3	1.0
1020	Ку-гарячка	419	2	37	11.0
1021	Кульшовий суглоб	939	10	55	29.0
1022	Курортологія	72	0	13	2.0
1023	Куру (хвороба)	504	7	35	14.0
1024	Куряча сліпота (хвороба)	1814	11	214	51.0
1025	Лабеталол	110	1	8	4.0
1026	Лагофтальм	194	0	16	7.0
1027	Лазарет	123	0	12	3.0
1028	Лакунарний інсульт	282	2	19	9.0
1029	Ламівудин	59	0	7	2.0
1030	Ламотригін	33	4	13	8.0
1031	Ланатозид C	33	0	3	1.0
1032	Лансопразол	123	0	8	3.0
1033	Ланцюг виживання	114	0	21	4.0
1034	Лапатиніб	24	0	3	1.0
1035	Лаппаконітину гідробромід	15	0	3	1.0
1036	Ларингіт	5221	110	228	178.0
1037	Ларингоспазм	603	6	40	20.0
1038	Латамоксеф	15	0	2	0.0
1039	Лацидипін	17	0	3	1.0
1040	Левамізол	349	3	22	10.0
1041	Леворин	93	0	11	2.5
1042	Левотироксин	290	1	16	10.0
1043	Левофлоксацин	1158	14	64	32.0
1044	Левоцетиризин	482	7	24	16.0
1045	Легенева гіпертензія	846	7	48	26.0
1046	Легеневе серце	875	12	50	29.0
1047	Легіонельоз	617	7	40	18.0
1048	Лейкемічний провал	310	0	22	9.0
1049	Лейкоз	3947	32	205	139.0
1050	Лейкоцитарна формула	1122	6	77	37.0
1051	Лейоміома	483	1	33	15.0
1052	Лейпрорелін	45	0	5	1.0
1053	Лейшманіози	826	2	54	27.0
1054	Лектини С-типу	6	0	1	0.0
1055	Ленограстим	15	0	2	1.0
1056	Лепрозорій	169	1	12	5.0
1057	Лептин	294	2	21	9.0
1058	Лептоспіроз	3126	22	188	111.0
1059	Лерканідипін	85	0	7	2.5
1060	Летаргічний енцефаліт	177	0	17	5.0
1061	Летрозол	170	2	11	5.0
1062	Лефлуномід	67	0	7	2.0
1063	Леш Федір Олександрович	23	0	19	0.0
1064	Лихоманка	31	0	8	1.0
1065	Лицева артерія	118	0	16	3.0
1066	Лицевий нерв	1176	9	74	34.0
1067	Лікар	1242	10	70	39.0
1068	Лікар-ендокринолог	1663	13	93	64.0
1069	Лікарня	397	5	29	13.0
1070	Лікарня відновного лікування Міністерства внутрішніх справ України	226	0	13	6.0
1071	Лікарська рослина	4150	9	270	150.0
1072	Лікарський збірник	9	0	2	0.0
1073	Лікарські засоби	4407	31	245	138.0
1074	Ліктьовий суглоб	163	0	18	4.0
1075	Лімфангіт	322	2	24	10.0
1076	Лімфатичні філяріїдози	65	0	6	2.0
1077	Лімфогранулематоз	1956	18	105	66.0
1078	Лімфома	1181	19	73	37.0
1079	Лімфома щитоподібної залози	45	0	6	1.0
1080	Лімфорея	49	0	5	2.0
1081	Лімфоцитарний хоріоменінгіт	54	0	8	2.0
1082	Лімфоцитоз	519	1	35	19.0
1083	Ліндеман Володимир Карлович	16	0	2	1.0
1084	Лінезолід	287	1	34	8.0
1085	Лінкозаміди	198	1	15	6.0
1086	Лінкоміцин	1859	29	95	61.0
1087	Лістеріоз	647	3	54	18.0
1088	Літотрипсія	322	1	21	11.0
1089	Лоаоз	86	0	13	2.0
1090	Лобова частка (мозок)	954	8	55	29.0
1091	Лобово-скронева деменція	36	0	5	1.0
1092	Ловастатин	116	0	14	3.0
1093	Ломефлоксацин	43	0	5	1.0
1094	Лопатка	261	1	17	7.0
1095	Лопінавір	35	0	24	0.0
1096	Лопінавір/Ритонавір	33	0	6	1.0
1097	Лоразепам	386	4	24	12.0
1098	Лорноксикам	182	2	12	6.0
1099	Луї Пастер	924	8	75	28.0
1100	Люмбальна пункція	1100	8	65	35.0
1101	Лямбліоз	1730	19	94	53.0
1102	М'язова атрофія	644	11	37	20.0
1103	М'який шанкр	380	2	31	11.0
1104	Магнітно-резонансна томографія	2753	32	133	99.0
1105	Макроглобулінемія Вальденстрема	131	1	9	4.0
1106	Макроліди	1054	4	65	37.0
1107	Мала гомілкова кістка	164	1	15	5.0
1108	Малеїн	6	0	1	0.5
1109	Малярія	4422	30	226	145.0
1110	Мапротилін	24	0	11	1.0
1111	Маравірок	18	0	4	1.0
1112	Марсельська гарячка	229	0	31	5.0
1113	Масаж	1858	24	100	59.0
1114	Мастит	1583	19	78	53.0
1115	Мастоїдит	640	6	36	21.0
1116	Мастопатія	1893	23	101	62.0
1117	Меатотомія	21	0	3	1.0
1118	Мебеверин	278	2	24	9.0
1119	Мебендазол	268	2	25	9.0
1120	Мебікар	620	2	43	23.0
1121	Мегестрол	57	0	6	2.0
1122	Медазепам	75	0	42	1.0
1123	Медаль Менсона	6	0	2	0.5
1124	Медицина	2295	30	115	79.0
1125	Медицина подорожей та хвороб мандрівників	82	0	9	2.0
1126	Медична акустика	299	1	28	9.0
1127	Медична діагностика	786	4	55	26.0
1128	Медичне сортування	2813	22	247	75.0
1129	Медичне страхування	940	5	65	33.0
1130	Медичний факультет Київського імператорського університету Святого Володимира	111	0	8	4.0
1131	Медроксипрогестерон	42	0	5	1.0
1132	Медулярний рак щитоподібної залози	387	2	30	12.0
1133	Мексилетин	57	0	6	1.0
1134	Меланома	2220	36	127	73.0
1135	Мелатонін	2637	36	193	73.0
1136	Меліоїдоз	115	0	22	3.0
1137	Мелфалан	33	0	5	1.0
1138	Мельдоній	883	10	50	28.0
1139	Менінгеальний синдром	381	0	50	11.0
1140	Менінгеальні симптоми	1009	7	66	36.0
1141	Менінгізм	192	0	42	5.0
1142	Менінгіт	3870	60	201	129.0
1143	Менінгокок	697	3	62	19.0
1144	Менінгококова інфекція	5053	33	520	134.0
1145	Меніск (анатомія)	1761	26	99	57.0
1146	Менопауза	1246	14	72	39.0
1147	Меркаптопурин	73	0	11	2.0
1148	Меропенем	209	0	20	5.0
1149	Месна	34	0	3	1.0
1150	Метаболізм лікарських засобів	511	1	42	15.0
1151	Метаквалон	167	1	11	5.0
1152	Метапневмовірусна інфекція	59	0	7	2.0
1153	Метастаз	1003	15	52	32.0
1154	Метациклін	77	0	10	2.0
1155	Метилпреднізолон	433	3	28	14.0
1156	Метилфенідат	248	1	16	7.0
1157	Метицилін	78	0	11	2.0
1158	Метод Сельдінгера	192	1	13	6.0
1159	Метоклопрамід	1541	23	99	46.0
1160	Метоксифлуран	30	0	3	1.0
1161	Метопролол	345	5	19	11.0
1162	Метотрексат	1116	15	89	34.0
1163	Метформін	1174	11	63	39.0
1164	Мефедрон	7618	159	426	220.0
1165	Мефлохін	20	0	2	1.0
1166	Механізм передачі інфекції	1360	9	84	46.0
1167	Механотерапія	258	1	24	8.0
1168	Мечников Ілля Ілліч	2808	31	154	82.0
1169	Мигдалики	1435	11	100	47.0
1170	Миготіння передсердь	800	10	49	25.0
1171	Миготіння шлуночків	211	1	20	7.0
1172	Міансерин	69	0	8	3.0
1173	Мігрень	3107	49	151	99.0
1174	Мідазолам	87	0	7	3.0
1175	Мідекаміцин	34	0	6	1.0
1176	Мідріаз	584	3	44	19.0
1177	Мієліт	234	1	19	7.0
1178	Мієлодиспластичні синдроми	144	0	14	4.0
1179	Мієломна хвороба	1504	14	90	52.0
1180	Міжнародна класифікація функціонування, обмеження життєдіяльності та здоров’я (МКФ)	309	0	23	10.0
1181	Міжнародне агентство з дослідження раку	28	0	5	1.0
1182	Міжнародне нормалізоване відношення	1225	8	72	39.0
1183	Міжнародний класифікатор хвороб	1850	15	91	69.0
1184	Міжнародні медико-санітарні правила 2005 року	131	0	13	4.0
1185	Міжхребцева кила	2855	45	130	92.0
1186	Міжхребцевий диск	403	4	29	13.0
1187	Мікафунгін	20	0	3	1.0
1188	Міконазол	197	2	16	7.0
1189	Мікоплазмоз урогенітальний	645	6	41	21.0
1190	Мікофенолова кислота	36	0	5	1.0
1191	Мікроцефалія	513	6	40	15.0
1192	Мікседема	1388	8	81	48.0
1193	Мілнаципран	12	0	3	0.0
1194	Мінералокортикоїди	452	2	28	14.0
1195	Міноксидил	706	9	34	24.0
1196	Мінх Григорій Миколайович	24	0	3	1.0
1197	Мінцер Озар Петрович	47	0	5	2.0
1198	Міозит	1292	23	66	41.0
1199	Міома матки	1998	24	121	69.0
1200	Міопатія	875	5	54	24.0
1201	Міофасціальний больовий синдром	331	1	20	11.0
1202	Міртазапін	478	5	30	15.0
1203	Мітоксантрон	33	0	3	1.0
1204	Мітоміцин	21	0	6	1.0
1205	МКХ-10: Клас I. Деякі інфекційні та паразитарні хвороби (A)	583	4	46	18.0
1206	МКХ-10: Клас I. Деякі інфекційні та паразитарні хвороби (B)	1120	6	71	42.0
1207	МКХ-10: Клас V. Розлади психіки та поведінки	2254	14	119	78.0
1208	МКХ-10: Клас VI. Хвороби нервової системи	2334	13	124	91.0
1209	МКХ-10: Клас VII. Хвороби ока та його придаткового апарату	1104	4	71	38.0
1210	МКХ-10: Клас VIII. Хвороби вуха та соскоподібного відростка	425	1	29	16.0
1211	МКХ-10: Клас XVI. Окремі стани, що виникають в перинатальному періоді	590	1	48	19.0
1212	МКХ-10: Клас XVII. Вроджені вади розвитку, деформації та хромосомні аномалії	1168	6	71	46.0
1213	Множинна ендокринна неоплазія	68	0	13	2.0
1214	Множинна ендокринна неоплазія тип 1	46	0	10	1.0
1215	Множинна ендокринна неоплазія тип 2А	26	0	7	0.5
1216	Множинна ендокринна неоплазія тип 2Б	24	0	4	1.0
1217	Мобільний армійський хірургічний шпиталь	9	0	2	0.5
1218	Моексиприл	5	0	3	0.0
1219	Мозкова речовина надниркової залози	210	0	18	6.0
1220	Мозковий кровообіг	986	7	76	29.0
1221	Мозолисте тіло	756	3	51	23.0
1222	Моксифлоксацин	249	1	14	8.0
1223	Монобактами	174	0	18	5.0
1224	Монойодтирозин	11	0	3	0.0
1225	Моноклональні антитіла	912	6	109	27.0
1226	Монтелукаст	436	4	32	15.0
1227	Морацизин	20	0	5	1.0
1228	Морська хвороба	691	3	43	26.0
1229	Мосаприд	25	0	2	1.0
1230	Мочутковський Йосип Йосипович	15	0	4	1.0
1231	Моямоя	100	0	10	3.0
1232	Муковісцидоз	3994	47	190	127.0
1233	Мупіроцин	85	0	10	2.5
1234	Мутизм	314	1	53	8.0
1235	Набряк	1002	15	50	32.0
1236	Набряк Квінке	3828	56	182	125.0
1237	Набряк легень	2273	21	130	73.0
1238	Набутий імунітет	541	2	41	15.0
1239	Надгортанник	755	4	84	21.0
1240	Надіфлоксацин	4	0	1	0.0
1241	Надлопаткова артерія	10	0	4	0.0
1242	Надлопаткова вена	2	0	1	0.0
1243	Надниркова залоза	3317	18	204	103.0
1244	Надолол	17	0	4	0.0
1245	Надп'яткова кістка	76	0	7	2.0
1246	Надропарин	73	0	8	2.5
1247	Налідиксова кислота	54	0	8	2.0
1248	Напроксен	498	4	28	15.0
1249	Наталізумаб	44	0	14	1.0
1250	Натаміцин	136	1	10	4.0
1251	Натан Едвін Брілл	2	0	1	0.0
1252	Натуральна віспа	3186	43	286	98.0
1253	Науково-практичний центр профілактичної та клінічної медицини Державного управління справами	142	0	15	3.0
1254	Нафтифін	104	0	8	3.0
1255	Національна асоціація екстрених медичних техніків	69	0	11	3.0
1256	Національний військово-медичний клінічний центр «Головний військовий клінічний госпіталь»	848	5	51	28.0
1257	Національний інститут раку (Україна)	205	1	23	6.0
1258	Національний музей медицини України	215	0	20	6.0
1259	Національний реєстр екстрених медичних техніків (США)	10	0	3	1.0
1260	Небіволол	513	1	40	16.0
1261	Невірапін	17	0	2	1.0
1262	Неврит	1163	9	66	41.0
1263	Неврома	75	0	8	2.0
1264	Негоджкінська лімфома	901	6	45	31.0
1265	Негоспітальна пневмонія	636	2	37	21.0
1266	Нежить	1456	16	70	50.0
1267	Нейробластома	191	2	13	6.0
1268	Нейродерміт	888	11	58	27.0
1269	Нейроендокринна пухлина	136	0	12	4.5
1270	Нейроінфекції	651	4	44	20.0
1271	Нейропатія	1045	11	62	32.0
1272	Нейрофіброматоз	566	4	40	19.0
1273	Нейрофіброматоз І типу	258	0	20	8.0
1274	Нейрофіброматоз II типу	67	0	7	2.0
1275	Некробацильоз	67	1	8	2.0
1276	Некроз	2472	20	142	88.0
1277	Некротичний фасциїт	1	0	1	0.0
1278	Нелфінавір	25	0	7	1.0
1279	Немоноксацин	8	0	1	0.0
1280	Ненуклеозидні інгібітори зворотньої транскриптази	21	0	4	2.0
1281	Неоміцин	160	0	10	5.0
1282	Непарна щитоподібна артерія	45	0	5	2.0
1283	Нервова анорексія	1051	13	60	33.0
1284	Нервова система	10143	56	601	352.0
1285	Нервовий вузол	320	0	24	11.0
1286	Нереверсивна маска	46	0	5	2.0
1287	Неспецифічний виразковий коліт	1247	6	66	41.0
1288	Несправжній суглоб	141	0	12	4.0
1289	Нетилміцин	32	0	4	1.0
1290	Нефопам	41	0	4	1.0
1291	Нефротичний синдром	1013	4	74	28.0
1292	Нецукровий діабет	997	13	64	34.0
1293	Нещадименко Марко Петрович	16	0	3	0.0
1294	Нижня щитоподібна артерія	39	0	5	1.0
1295	Нижня щитоподібна вена	9	0	2	1.0
1296	Низько-диференційований рак щитоподібної залози	87	0	12	2.0
1297	Нізатидин	8	0	2	0.0
1298	Нікардипін	25	0	4	1.0
1299	Ніклас Сальгрен	1	0	1	0.0
1300	Нікольський Петро Васильович	17	0	14	0.0
1301	Нікорандил	20	0	3	1.0
1302	Ніктурія	388	1	28	13.0
1303	Нілотиніб	17	0	2	1.0
1304	Німесулід	936	7	43	30.0
1305	Німодипін	59	0	9	2.0
1306	Німоразол	8	0	3	0.0
1307	Німотузумаб	6	0	1	0.0
1308	Ністагм	784	4	45	23.0
1309	Нітразепам	208	0	19	7.5
1310	Нітрендипін	28	0	4	1.0
1311	Нітроксолін	995	7	84	23.0
1312	Нітрофурани	507	3	35	15.0
1313	Нітрофурантоїн	222	1	14	6.0
1314	Ніфедипін	730	7	47	22.0
1315	Ніфурател	74	0	6	2.0
1316	Ніфуроксазид	954	17	43	31.0
1317	Нобелівська премія з фізіології або медицини	263	2	20	8.0
1318	Новоутворення ендокринних залоз	117	0	12	3.0
1319	Нога людини	852	13	47	27.0
1320	Ножиці атравматичні	24	0	6	1.0
1321	Нозологія	380	3	25	10.0
1322	Нома	263	1	22	7.0
1323	Норфлоксацин	582	6	29	19.0
1324	Носова канюля	28	0	3	1.0
1325	Носова кровотеча	680	4	52	22.0
1326	Нудота	360	1	28	11.0
1327	Нуклеозидні інгібітори зворотньої транскриптази	53	0	6	1.5
1328	Нюховий горбок	35	0	4	1.0
1329	О'ньйонг'ньйонг	22	0	5	1.0
1330	Обідкова частка	85	0	14	2.0
1331	Обінутузумаб	6	0	2	0.0
1332	Обличчя великої панди (ознака)	4	0	1	0.0
1333	Образцов Василь Парменович	78	0	9	2.0
1334	Обрамлене застереження	12	0	2	0.5
1335	Огорожа (анатомія)	27	0	3	1.0
1336	Одеська обласна клінічна лікарня	54	0	6	2.0
1337	Ожиріння в Україні	145	1	12	5.0
1338	Окоруховий нерв	340	1	30	9.0
1339	Оксаліплатин	89	0	8	3.0
1340	Оксацилін	146	1	10	4.5
1341	Оксибутинін	62	0	6	2.0
1342	Оксиками	42	0	7	1.0
1343	Оксиконазол	13	0	2	0.0
1344	Окситоцин	2282	41	110	74.0
1345	Окспренолол	18	0	3	1.0
1346	Олеандоміцин	19	0	3	1.0
1347	Олігурія	772	6	46	25.0
1348	Олмесартан	54	0	8	2.0
1349	Олопатадин	59	0	5	2.0
1350	Омалізумаб	88	1	12	2.0
1351	Омепразол	1399	17	86	38.0
1352	Омоконазол	15	0	3	0.0
1353	Онейроїд	143	0	11	4.0
1354	Оніхофагія	74	0	10	2.0
1355	Онкологія	3047	14	218	83.0
1356	Онкоцит	25	0	3	1.0
1357	Онхоцеркоз	170	1	13	5.0
1358	Операція Крайля	237	0	23	7.0
1359	Оперізуючий герпес	3769	71	185	120.0
1360	Опікова хвороба	766	2	61	21.0
1361	Опіковий шок	760	4	74	23.0
1362	Опісторхоз	969	4	62	29.0
1363	Опортуністична інфекція	632	1	45	16.0
1364	Орієнтовний перелік основних лікарських засобів, розроблений ВООЗ	158	1	12	5.0
1365	Орнідазол	459	7	27	15.0
1366	Орнітоз	477	6	30	15.0
1367	Орхіт	470	6	26	15.0
1368	Орципреналін	30	0	3	1.0
1369	Остеопороз	2636	32	243	80.0
1370	Остеосинтез	192	0	18	6.0
1371	Острівцева кора	186	1	14	5.0
1372	Осьовий хребець	112	1	8	3.0
1373	Отопластика	87	0	6	3.0
1374	Отруєння	2636	13	167	88.0
1375	Отруєння грибами	570	2	48	18.0
1376	Отруєння етиловим спиртом	521	1	38	15.0
1377	Отто Обермейер	0	0	0	0.0
1378	Офатумумаб	7	0	3	0.0
1379	Офлоксацин	1123	15	65	38.0
1380	Офтальмологія	971	6	63	31.0
1381	Офтальмоплегія	117	1	17	3.0
1382	Очеревина	563	3	41	17.0
1383	Очерки гнойной хирургии	12	0	2	0.5
1384	Очна артерія	82	0	7	3.0
1385	Очна ямка	260	1	22	7.0
1386	П'єр Фідель Бретонно	34	0	22	1.0
1387	П'єр-Шарль Александр Луї	6	0	2	0.0
1388	П'ята холерна пандемія	15	0	3	1.0
1389	П'яткова кістка	72	0	5	2.5
1390	Падалка Борис Якович	16	0	3	1.0
1391	Паклітаксел	156	1	13	5.0
1392	Панарицій	831	4	85	25.0
1393	Пандемія	851	2	54	27.0
1394	Пандемія грипу H1N1 (2009)	48	0	6	1.0
1395	Пандемія хвороби, яку спричинює вірус Зіка	197	0	163	1.0
1396	Панкреатична нейроендокринна пухлина	35	0	5	1.0
1397	Пантопразол	421	5	29	13.0
1398	Панцитопенія	225	1	14	7.0
1399	Папілома	2098	31	98	73.0
1400	Папілярний рак щитоподібної залози	748	6	49	25.0
1401	Парааміносаліцилова кислота	62	0	6	2.0
1402	Парагангліома	40	0	5	1.0
1403	Парагонімоз	250	0	21	8.0
1404	Парагрип	846	7	71	26.0
1405	Паразитарна інвазія	544	5	45	15.0
1406	Параліч	808	5	66	25.0
1407	Парамедик	838	2	157	20.0
1408	Паранеопластичний синдром	202	1	13	6.0
1409	Парапроктит	1934	24	107	63.0
1410	Паратгормон	1656	11	84	56.0
1411	Паратиреоїдектомія	38	0	7	1.0
1412	Паратифи	571	8	49	16.0
1413	Паратонзилярний абсцес	1282	19	56	41.0
1414	Паращитоподібна залоза	887	7	74	25.0
1415	Парвовірус В19	503	7	36	15.0
1416	Парекоксиб	30	0	4	1.0
1417	Парентеральне введення	1614	16	90	52.0
1418	Пароксетин	371	2	19	12.0
1419	Пароксизм	256	0	14	9.0
1420	Пароксизмальна тахікардія	1541	21	93	51.0
1421	Паромоміцин	17	0	4	0.0
1422	Паротит	581	4	35	19.0
1423	Патісіран	24	0	20	0.0
1424	Патогенез	884	6	69	27.0
1425	Патогенез бічного аміотрофічного склерозу	14	0	2	1.0
1426	Патогномонічний симптом	178	1	15	6.0
1427	Патологічна анатомія	464	2	33	14.0
1428	Патрік Менсон (паразитолог)	6	0	2	0.0
1429	Пауль Лангерганс	20	0	4	0.0
1430	Пахвинна зв'язка	259	0	27	5.0
1431	Пахвинний канал	749	3	54	23.0
1432	Пахвова артерія	176	0	38	4.0
1433	Пахвова вена	40	0	8	1.0
1434	Пахова гранульома	93	1	14	7.0
1435	Пегільований інтерферон альфа-2а	102	0	17	2.0
1436	Пегільований інтерферон альфа-2b	65	0	10	2.0
1437	Пегфілграстим	24	0	3	1.0
1438	Педикульоз	1688	23	97	61.0
1439	Пелещук Анатолій Петрович	11	0	2	1.0
1440	Пембролізумаб	213	1	17	7.0
1441	Пеметрексед	87	0	8	3.0
1442	Пенетрація (медицина)	520	4	39	17.0
1443	Пеніцилін	2878	40	159	97.0
1444	Пентамідин	29	0	3	1.0
1445	Пентобарбітал	54	0	19	4.0
1446	Пентоксифілін	932	8	52	30.0
1447	Пенцикловір	27	0	2	1.0
1448	Пептична виразка	2188	14	128	74.0
1449	Передменструальний синдром	2250	46	107	73.0
1450	Передня мозкова артерія	124	1	13	4.0
1451	Передня яремна вена	87	0	9	2.5
1452	Передсердний натрійуретичний фактор	222	0	18	8.0
1453	Передчасна еякуляція	1264	16	127	38.0
1454	Переливання крові	2770	29	154	89.0
1455	Перелік інфекційних хвороб людини	3611	6	256	124.0
1456	Перелік курсів екстреної медичної допомоги	23	0	5	1.0
1457	Перелік паразитарних хвороб людини	183	0	17	5.0
1458	Переломи кісток	4358	22	266	156.0
1459	Перикардит	850	5	53	29.0
1460	Перитоніт	3213	44	157	110.0
1461	Періодонтоз	908	11	62	28.0
1462	Перкусія	378	1	24	12.0
1463	Пероральний прийом лікарських засобів	1891	36	92	60.0
1464	Перстнещитоподібна артерія	0	0	0	0.0
1465	Пертузумаб	34	0	7	1.0
1466	Перша холерна пандемія	10	0	2	0.5
1467	Петер Крауснекер	4	0	2	0.0
1468	Петехія	298	2	16	9.0
1469	Пефлоксацин	40	0	5	1.0
1470	Печериста пазуха	164	1	10	5.0
1471	Печінка	5299	51	309	171.0
1472	Печінкова недостатність	1435	4	87	47.0
1473	Печія	1321	24	80	39.0
1474	Пирогов Микола Іванович	1720	17	80	57.0
1475	Півкулі головного мозку	1873	8	114	61.0
1476	Під'язикова артерія	6	0	3	0.0
1477	Підвисоцький Володимир Валеріанович	58	0	5	1.0
1478	Підвішуюча зв'язка щитоподібної залози	5	0	1	0.0
1479	Підключична артерія	429	0	33	13.0
1480	Підключична вена	113	0	10	3.5
1481	Підотимод	12	0	3	0.0
1482	Підпід'язикова артерія	2	0	1	0.0
1483	Підшкірна ін'єкція	1552	10	84	52.0
1484	Підшкірний мансонельоз	29	0	2	1.0
1485	Підшкірні філяріїдози	35	0	4	1.0
1486	Пієлонефрит	6348	59	347	211.0
1487	Пімозид	31	0	3	1.0
1488	Піндолол	15	0	3	0.0
1489	Пінеалобластома	10	0	4	0.0
1490	Пінеалома	7	0	3	0.0
1491	Пінта (хвороба)	81	0	10	2.0
1492	Піодермія	1013	9	60	34.0
1493	Піпемідова кислота	57	0	7	2.0
1494	Піперазин	385	3	21	12.0
1495	Піперацилін	37	0	5	1.0
1496	Піразинамід	134	1	11	4.0
1497	Пірамідна система	510	1	33	15.0
1498	Пірантел	710	5	42	23.0
1499	Піріметамін	36	0	3	1.0
1500	Піріметамін/сульфадоксин	16	0	4	1.0
1501	Пірліндол	10	0	3	0.0
1502	Піроксикам	181	0	12	6.0
1503	Пітавастатин	12	0	2	1.0
1504	Пітуіцитома	9	0	4	0.0
1505	Плазмодій	1279	5	76	48.0
1506	Платифілін	1048	22	44	35.0
1507	Плеврит	2642	31	120	97.0
1508	Плевромутилін	7	0	3	0.0
1509	Плечеголовна вена	51	0	5	2.0
1510	Плечоголовний стовбур	110	0	17	3.0
1511	Пліометрика	79	0	10	2.0
1512	Плоска бородавка	111	1	9	3.0
1513	Плоскоклітинна карцинома щитоподібної залози	48	0	5	2.0
1514	Пляма (висип)	283	4	16	9.0
1515	Плямиста гарячка Скелястих Гір	84	0	18	2.0
1516	Пневмоцистна пневмонія	451	2	41	14.0
1517	Побічна дія (медицина)	6261	107	263	206.0
1518	Поверхнева скронева артерія	91	0	12	2.0
1519	Повільні інфекції	106	0	8	3.0
1520	Повітряно-крапельний механізм передачі інфекції	511	4	32	17.0
1521	Поворотний тиф	336	2	29	9.0
1522	Подагра	8997	182	417	280.0
1523	Позаконазол	18	0	4	1.0
1524	ПоКіФоРо ІнРиКоЗ	9	0	2	0.5
1525	Поле Бродмана 4	27	0	4	1.0
1526	Поле Бродмана 5	7	0	2	0.0
1527	Поле Бродмана 6	14	0	3	1.0
1528	Поле Бродмана 7	15	0	3	1.0
1529	Поле Бродмана 8	9	0	1	1.0
1530	Поле Бродмана 9	12	0	3	0.0
1531	Поле Бродмана 10	19	0	2	1.0
1532	Поле Бродмана 11	10	0	2	0.0
1533	Поле Бродмана 12	7	0	3	0.0
1534	Поле Бродмана 13	11	0	2	0.0
1535	Поле Бродмана 14	6	0	2	0.0
1536	Поле Бродмана 15	8	0	2	0.0
1537	Поле Бродмана 16	10	0	3	0.0
1538	Поле Бродмана 20	14	0	3	0.5
1539	Поле Бродмана 21	16	0	5	0.0
1540	Поле Бродмана 22	14	0	3	1.0
1541	Поле Бродмана 23	16	0	4	1.0
1542	Поле Бродмана 24	15	0	5	0.0
1543	Поле Бродмана 25	34	0	5	1.0
1544	Поле Бродмана 26	16	0	4	0.0
1545	Поле Бродмана 27	18	0	5	1.0
1546	Поле Бродмана 28	12	0	2	1.0
1547	Поле Бродмана 29	11	0	3	0.0
1548	Поле Бродмана 30	15	0	4	0.0
1549	Поле Бродмана 31	8	0	2	0.0
1550	Поле Бродмана 32	6	0	2	0.0
1551	Поле Бродмана 33	9	0	2	1.0
1552	Поле Бродмана 34	12	0	4	0.0
1553	Поле Бродмана 35	7	0	2	0.0
1554	Поле Бродмана 36	12	0	2	0.5
1555	Поле Бродмана 37	12	0	2	1.0
1556	Поле Бродмана 38	33	0	10	1.0
1557	Поле Бродмана 39	13	0	4	0.0
1558	Поле Бродмана 40	15	0	2	1.0
1559	Поле Бродмана 43	15	0	3	1.0
1560	Поле Бродмана 44	13	0	3	0.0
1561	Поле Бродмана 45	14	0	3	1.0
1562	Поле Бродмана 46	10	0	3	0.0
1563	Поле Бродмана 47	16	0	3	1.0
1564	Поле Бродмана 48	5	0	2	0.0
1565	Поле Бродмана 49	6	0	2	0.0
1566	Поле Бродмана 52	8	0	3	0.0
1567	Поліартрит	1117	14	55	35.0
1568	Полідипсія	258	1	17	7.0
1569	Полієнові антибіотики	167	0	14	4.0
1570	Поліклініка № 1 Державного управління справами	93	0	7	3.0
1571	Поліневрит	467	2	37	13.0
1572	Поліноз	621	6	35	19.0
1573	Поліомієліт	7041	46	420	242.0
1574	Політравма	1106	10	68	36.0
1575	Поліфагія (симптом)	137	0	11	4.0
1576	Поля Бродмана	307	1	27	8.0
1577	Поля Бродмана 17, 18, 19. Зорова кора.	60	0	6	2.0
1578	Поля Бродмана 41 і 42	18	0	2	1.0
1579	Поперечна артерія шиї	38	0	5	1.0
1580	Постцентральна звивина	111	1	12	3.0
1581	Потилична артерія	34	0	4	1.0
1582	Потилична частка	676	3	45	22.0
1583	Потрійний-А синдром	97	0	13	2.0
1584	Поясна кора	64	0	11	2.0
1585	Правастатин	30	0	3	1.0
1586	Правець	5869	63	314	200.0
1587	Правило Лібермейстера	31	0	3	1.0
1588	Правцева діагностична тріада	51	0	6	2.0
1589	Празиквантел	141	0	9	5.0
1590	Празозин	188	0	15	5.0
1591	Прамірацетам	49	0	7	1.0
1592	Прасугрель	18	0	2	1.0
1593	Прегабалін	1193	21	58	37.0
1594	Преднізолон	2265	45	117	72.0
1595	Примак Федір Якович	34	0	21	0.0
1596	Пріонові хвороби	1342	11	86	45.0
1597	Проба Шелестюка	120	0	10	4.0
1598	Прогестерон	2309	33	118	72.0
1599	Прогормон	12	0	2	0.0
1600	Прогресивний параліч	76	0	10	2.0
1601	Продромальний період	334	3	25	10.0
1602	Прозектор	39	0	5	1.0
1603	Проказа	2800	61	213	84.0
1604	Прокаїн	728	4	44	24.0
1605	Прокаїнамід	78	0	6	3.0
1606	Проктит	608	10	31	20.0
1607	Пролактин	1644	17	79	56.0
1608	Пролактинома	236	2	15	8.0
1609	Променева терапія	1121	8	81	32.0
1610	Променева хвороба	3681	37	297	127.0
1611	Променево-зап'ястковий суглоб	219	1	19	6.0
1612	Прометазин	115	0	9	4.0
1613	Пропафенон	114	0	12	3.0
1614	Пропілтіоурацил	33	0	5	1.0
1615	Пропранолол	885	12	53	27.0
1616	Пророксан	33	0	4	1.0
1617	Простагландини	837	10	60	23.0
1618	Простатит	4012	88	204	131.0
1619	Протиглисні засоби	263	2	21	8.0
1620	Протіонамід	11	0	2	0.0
1621	Протрузія міжхребцевого диска	1546	26	69	53.0
1622	Професійні хвороби	1130	6	94	36.0
1623	Процедура Бенталла	32	0	4	1.0
1624	Псевдобульбарний синдром	679	2	48	20.0
1625	Псевдоефедрин	336	1	19	12.0
1626	Псевдотуберкульоз	631	4	55	23.0
1627	Психіатр	234	1	14	6.0
1628	Псоріаз	4680	44	220	148.0
1629	Пташиний грип	304	3	25	9.0
1630	Пульпозне ядро	43	0	4	1.0
1631	Пульс	4151	57	225	139.0
1632	Пульсометрія	104	0	8	4.0
1633	Пухир	244	0	21	7.0
1634	Пухлина головного мозку	2239	27	122	68.0
1635	Пухлинний маркер	486	5	33	15.0
1636	Рабдоміоліз	285	1	52	7.5
1637	Рабепразол	124	1	15	3.0
1638	Рак легені	3775	43	184	123.0
1639	Рак молочної залози	2659	28	150	89.0
1640	Рак паращитоподібної залози	84	0	9	3.0
1641	Рак підшлункової залози	806	9	42	26.0
1642	Рак шийки матки	1492	14	98	50.0
1643	Рак щитоподібної залози	1031	8	58	35.0
1644	Раково-ембріональний антиген	214	1	30	7.0
1645	Ралтегравір	12	0	2	0.5
1646	Рандомізоване контрольоване дослідження	186	1	19	5.0
1647	Ранолазин	99	0	11	2.0
1648	Рауль Бенсауд	3	0	1	0.0
1649	Реактивний артрит	1066	7	62	36.0
1650	Реакція Асколі	174	0	22	4.0
1651	Реакція пасивної гемаглютинації	135	0	9	4.5
1652	Реанімація (медицина)	2799	25	168	88.0
1653	Ребаміпід	67	0	7	2.0
1654	Реберношийний стовбур	21	0	5	1.0
1655	Ревматизм	6510	80	322	229.0
1656	Ревматологія	612	4	36	20.0
1657	Рейкі	203	0	19	7.0
1658	Рене Лаенек	35	0	13	1.0
1659	Ренін	442	4	32	12.0
1660	Реовіруси	155	0	11	6.0
1661	Респіраторно-синцитіальна інфекція	395	2	31	11.0
1662	Рестриктивна кардіоміопатія	35	0	3	1.0
1663	Ретапамулін	4	0	2	0.0
1664	Реформа швидкої (екстреної) медичної допомоги в Україні з 2016 року	276	2	20	7.0
1665	Рецидив (медицина)	465	6	30	14.0
1666	Рибавірин	118	0	8	4.0
1667	Ривароксабан	323	3	26	10.0
1668	Ригідність потиличних м'язів	430	4	28	13.0
1669	Рикетсіози	500	2	48	14.0
1670	Римантадин	1069	14	55	34.0
1671	Риновірусна інфекція	394	4	30	11.0
1672	Ритонавір	63	0	7	1.5
1673	Ритуксимаб	214	0	16	6.0
1674	Рифабутин	21	0	3	1.0
1675	Рифаксимін	152	0	19	4.0
1676	Рифаміцин	55	0	6	2.0
1677	Рифапентин	15	0	2	0.0
1678	Рідкісна хвороба	382	1	84	9.0
1679	Рілпівірин	7	0	2	0.0
1680	Роберт Кох	476	3	29	15.0
1681	Роботизована хірургія	73	0	7	2.0
1682	Рогівка	1935	11	113	69.0
1683	Родимка	763	15	39	25.0
1684	Розлад особистості	557	3	34	20.0
1685	Розширена підтримка життя	112	0	14	3.0
1686	Роксатидин	7	0	2	0.0
1687	Рокситроміцин	57	0	5	2.0
1688	Рольфінг	16	0	2	1.0
1689	Ротавірусна інфекція	5209	32	276	170.0
1690	Рофекоксиб	74	0	8	2.0
1691	Рубець (медицина)	482	5	31	15.0
1692	Ручківський Сергій Никифорович	8	0	3	0.0
1693	С-клітина	41	0	7	1.0
1694	Савченко Іван Григорович	30	0	3	1.0
1695	Саквінавір	14	0	2	1.0
1696	Сальбутамол	995	15	50	32.0
1697	Сальгренська Університетська Лікарня	10	0	3	0.5
1698	Сальметерол	112	1	9	3.5
1699	Сальмонельоз	5527	94	255	187.0
1700	Санація (медицина)	591	5	39	19.0
1701	Сап	288	1	23	8.0
1702	Сапроноз	176	1	14	5.0
1703	Саркоїдоз	1185	10	67	38.0
1704	Саркома	2175	29	115	76.0
1705	Саркома Капоші	800	11	50	26.0
1706	Саркома Юінга	686	4	61	19.0
1707	Свен Івар Сельдінгер	42	0	31	1.0
1708	Світлобоязнь	86	0	8	2.0
1709	Севофлуран	148	1	10	5.0
1710	Сезонний афективний розлад	153	0	9	5.0
1711	Секнідазол	155	0	14	4.5
1712	Секретин	228	0	17	8.0
1713	Сепсис	4560	57	259	160.0
1714	Септичний шок	1032	4	79	29.0
1715	Середньомозкове ядро трійчастого нерва	14	0	2	1.0
1716	Середня мозкова артерія	180	0	19	5.0
1717	Середня щитоподібна вена	7	0	1	0.0
1718	Серозні мансонельози	29	0	4	1.0
1719	Серозні філяріїдози	22	0	5	1.0
1720	Серотонін	2316	31	109	80.0
1721	Сертаконазол	40	0	4	1.0
1722	Сертралін	291	4	19	9.0
1723	Серце людини	5014	66	258	173.0
1724	Серцева недостатність	4088	35	240	136.0
1725	Серцево-судинні захворювання	3352	28	212	114.0
1726	Сехіфенадин	18	0	3	1.0
1727	Сечокам'яна хвороба	2027	23	121	62.0
1728	Сибірка	3410	25	252	125.0
1729	Силікоз	689	6	49	23.0
1730	Силодозин	39	0	5	1.0
1731	Симпатикотонія	68	0	8	2.0
1732	Симптом	664	9	37	22.0
1733	Симптом Аарона	13	0	3	0.5
1734	Симптом Абаді	3	0	1	0.0
1735	Симптом блідого носогубного трикутника	123	0	9	3.0
1736	Симптом випорожнень по типу «рисового відвару»	44	0	4	2.0
1737	Симптом Вінтерботтома	7	0	1	0.5
1738	Симптом Гієна	143	0	18	4.0
1739	Симптом Годельє	285	3	16	9.0
1740	Симптом двобічного збільшення потиличних лімфатичних вузлів	56	1	4	2.0
1741	Симптом Добровольської-Ніколадоні	1	0	1	0.0
1742	Симптом каптура	24	0	4	1.0
1743	Симптом каптура (психіатрія)	47	0	7	2.0
1744	Симптом Керніга	460	2	34	13.0
1745	Симптом Кіарі	57	0	8	2.0
1746	Симптом Копліка	1208	22	62	37.0
1747	Симптом Курвуазьє	836	1	49	30.0
1748	Симптом Левіна	11	0	3	1.0
1749	Симптом Лессажа	55	0	7	2.0
1750	Симптом малинового желе	135	0	11	4.0
1751	Симптом малинового язика	321	4	23	10.0
1752	Симптом Мюссе	420	6	26	14.0
1753	Симптом Падалки	269	1	19	8.0
1754	Симптом Пастіа	74	0	12	2.0
1755	Симптом Піка	25	0	3	1.0
1756	Симптом Романьї	9	0	2	0.0
1757	Симптом рукавичок і шкарпеток	96	1	7	3.0
1758	Симптом Стімсона	53	0	7	2.0
1759	Симптом Стокса	19	0	3	1.0
1760	Симптом триніжка	109	0	11	3.0
1761	Симптом Фаже	37	0	9	1.0
1762	Симптом Феррарі	15	0	1	1.0
1763	Симптом Флатау	26	0	5	1.0
1764	Симптом Форчгеймера	48	0	5	2.0
1765	Симптом Щоткіна-Блюмберга	579	5	36	19.0
1766	Симптоми Брудзинського	412	1	34	12.0
1767	Симптоми Тауссіга	3	0	1	0.0
1768	Синдактилія	255	1	26	7.0
1769	Синдром	775	6	59	22.0
1770	Синдром Аазе — Сміта	91	0	10	4.0
1771	Синдром Аарскога	151	0	14	4.0
1772	Синдром Абдалла — Девіса — Фарража	27	0	4	1.0
1773	Синдром Авелліса	20	0	3	1.0
1774	Синдром Адамса—Олівера	96	1	7	3.0
1775	Синдром Аді	120	0	9	4.0
1776	Синдром Аді—Крітчлі	15	0	2	1.0
1777	Синдром Аєрзи	59	0	6	2.0
1778	Синдром Акерманів	52	0	5	2.0
1779	Синдром Алажілля	152	1	19	5.0
1780	Синдром Аллана—Герндона—Дадлі	37	0	7	1.0
1781	Синдром Аллена—Гайнса	24	0	3	1.0
1782	Синдром Аллена—Мастерса	67	0	6	2.0
1783	Синдром Алстрема	113	0	11	4.0
1784	Синдром Альвареса	43	0	9	1.0
1785	Синдром Альпорта	276	1	21	8.0
1786	Синдром Андерманна	71	0	7	2.0
1787	Синдром Андерсен	72	0	9	3.0
1788	Синдром Антлі—Бікслера	43	0	5	2.0
1789	Синдром Аперта	108	1	10	3.0
1790	Синдром Аракава I	20	0	4	1.0
1791	Синдром Аракава II	11	0	2	0.0
1792	Синдром Аспергера	2709	57	210	78.0
1793	Синдром Ачора—Сміта	4	0	2	0.0
1794	Синдром Ашара	107	0	12	3.0
1795	Синдром Ашара — Тьєра	26	0	3	1.0
1796	Синдром Ашера	89	1	8	3.0
1797	Синдром Ашермана	174	1	13	6.0
1798	Синдром Бадда — Кіарі	550	2	118	13.0
1799	Синдром Бехчета	273	2	18	8.0
1800	Синдром Бруннера	154	0	22	5.0
1801	Синдром Вегенера	339	1	18	11.0
1802	Синдром відміни	1290	7	66	44.0
1803	Синдром Вільямса	396	3	30	11.0
1804	Синдром Вольфа-Паркінсона-Вайта	854	5	70	27.0
1805	Синдром Герстмана — Штройслера — Шейнкера	85	0	9	2.0
1806	Синдром Гієна — Барре	1278	10	123	35.0
1807	Синдром гіпоплазії лівих відділів серця	103	0	10	3.0
1808	Синдром Горнера	646	4	45	21.0
1809	Синдром Гудпасчера	287	1	22	9.0
1810	Синдром Дабіна — Джонсона	224	0	22	5.0
1811	Синдром де Тоні — Дебре — Фанконі	353	0	40	9.0
1812	Синдром Денді—Волкера	234	0	18	8.0
1813	Синдром Доріана Грея	114	1	12	3.0
1814	Синдром Дресслера	374	0	28	11.0
1815	Синдром Едвардса	1867	9	133	55.0
1816	Синдром Ейкарді	47	0	4	2.0
1817	Синдром Елліса — ван Кревельда	91	0	24	2.0
1818	Синдром Жильбера	2008	22	131	66.0
1819	Синдром зап'ястного каналу	754	12	43	25.0
1820	Синдром Золлінгера — Еллісона	445	6	27	13.0
1821	Синдром Кавасакі	477	6	47	13.0
1822	Синдром Кейтеля	9	0	2	1.0
1823	Синдром китайського ресторану	55	0	9	2.0
1824	Синдром Корсакова	444	1	29	15.0
1825	Синдром космічної адаптації	25	0	4	1.0
1826	Синдром Котара	238	1	17	8.0
1827	Синдром котячого крику	2397	12	169	68.0
1828	Синдром Криглера — Найяра	297	1	23	9.0
1829	Синдром Лаєлла	1070	12	71	29.0
1830	Синдром Лауна — Ґанонґа — Левайна	282	0	21	9.0
1831	Синдром Лея	166	0	17	3.0
1832	Синдром Маккюна—Олбрайта	1179	6	172	24.0
1833	Синдром Марфана	1798	17	106	54.0
1834	Синдром Морганьї — Адамса — Стокса	527	2	46	16.0
1835	Синдром Морріса	338	3	27	11.0
1836	Синдром Неємія Ашерсона	29	0	5	1.0
1837	Синдром Неймеген	161	0	13	5.0
1838	Синдром Патау	2496	12	163	72.0
1839	Синдром Пейтца — Єгерса	166	0	22	5.0
1840	Синдром передчасного збудження шлуночків	104	0	12	3.0
1841	Синдром подразненого кишечника	1708	8	89	55.0
1842	Синдром порушення активності та уваги	842	10	83	27.0
1843	Синдром раптової дитячої смерті	253	1	22	7.0
1844	Синдром Ретта	432	4	33	13.0
1845	Синдром Рея	1060	6	96	30.0
1846	Синдром Ротора	237	0	18	7.5
1847	Синдром Сваєра	83	0	9	3.0
1848	Синдром системної запальної відповіді	290	0	28	8.0
1849	Синдром слабкості синусового вузла	355	3	31	9.0
1850	Синдром Стендаля	199	2	21	6.0
1851	Синдром Стівенса — Джонсона	1059	12	59	34.0
1852	Синдром струшеної дитини	379	5	25	12.0
1853	Синдром Такаясу	287	2	25	8.0
1854	Синдром тривалої гарячки невідомого походження	217	0	19	6.0
1855	Синдром Ундіни	91	0	9	3.0
1856	Синдром хронічної втоми	995	12	57	30.0
1857	Синдром Шегрена	657	3	36	21.0
1858	Синостоз	79	0	7	3.0
1859	Синхондроз	93	0	7	3.0
1860	Сироваткова хвороба	426	2	26	13.0
1861	Сиролімус	34	0	6	1.0
1862	Система винагород	116	0	23	3.0
1863	Система груп крові AB0	407	3	29	12.0
1864	Системна склеродермія	1066	13	54	35.0
1865	Системний бартонельоз	34	0	6	1.0
1866	Системний червоний вовчак	2373	37	126	76.0
1867	Сифіліс	11132	147	515	360.0
1868	Сім'яний канатик	350	1	26	11.0
1869	Сім'яні залози	1180	16	80	36.0
1870	Сіра речовина	2831	5	190	81.0
1871	Сіріл Гарнем	1	0	1	0.0
1872	Сітківка	3510	18	219	128.0
1873	Сказ	6279	71	362	207.0
1874	Скальпована рана	67	0	13	1.5
1875	Скарлатина	13101	257	697	409.0
1876	Сколіоз	1800	23	110	58.0
1877	Скронева кістка	482	2	31	15.0
1878	Скронева частка	638	2	40	22.0
1879	Скроневий м'яз	90	0	13	2.0
1880	Слоновість	313	3	20	9.0
1881	Смугасте тіло	302	1	17	10.0
1882	СНІД	15343	106	1039	491.0
1883	Содоку	67	0	11	2.0
1884	Сокол Олександра Семенівна	14	0	3	0.5
1885	Соліфенацин	17	0	2	1.0
1886	Соматосенсорна система	79	0	11	2.0
1887	Соматостатин	297	1	22	10.0
1888	Соматостатинома	7	0	2	0.0
1889	Соматотропний гормон	1329	18	79	41.0
1890	Сонна хвороба	1224	5	87	37.0
1891	Сорафеніб	67	0	8	2.0
1892	Соталол	89	0	7	2.0
1893	Софосбувір	258	1	18	8.0
1894	Сочевицеподібне ядро	75	0	8	2.0
1895	Спалах інфекційної хвороби	72	1	6	2.0
1896	Спарганоз	26	0	4	1.0
1897	Спарфлоксацин	23	0	4	1.0
1898	Спектиноміцин	65	0	9	2.0
1899	Спинномозкова рідина	1497	13	80	51.0
1900	Спинномозкове ядро трійчастого нерва	42	0	7	1.0
1901	Список лауреатів Нобелівської премії з фізіології або медицини	535	6	45	14.0
1902	Список спадкових хвороб	4481	5	380	134.0
1903	Спінальна анестезія	512	3	31	16.0
1904	Спіраміцин	109	1	7	3.0
1905	Спіраприл	5	0	1	0.0
1906	Спленомегалія	271	1	21	9.0
1907	Справжня поліцитемія	977	6	54	34.0
1908	Стабілізатор мастоцитів	44	0	5	2.0
1909	Ставудин	8	0	2	0.0
1910	Станіслав фон Провасек	9	0	4	0.0
1911	Статини	876	14	52	26.0
1912	Стафілокок	6346	83	297	230.0
1913	Стафілокок золотистий	2194	24	116	77.0
1914	Стафілококова інфекція	4579	58	215	165.0
1915	Стеноз	508	6	31	17.0
1916	Стеноз мітрального клапана	385	1	37	11.0
1917	Стефанський В'ячеслав Карлович	10	0	3	0.0
1918	Стравохід	1642	14	103	54.0
1919	Стрептобацильоз	37	0	4	2.0
1920	Стрептококовий фарингіт	1255	18	56	43.0
1921	Стригучий лишай	472	8	27	14.0
1922	Стрічка Брозлоу для екстреної педіатричної допомоги	6	0	3	0.0
1923	Стронгілоїдоз	642	6	45	20.0
1924	Строфантин	451	4	28	14.0
1925	Стьожак	336	2	33	11.0
1926	Субарахноїдальний крововилив	994	3	70	28.0
1927	Субдуральна гематома	646	2	35	22.0
1928	Субталамічне ядро	57	0	9	1.5
1929	Суглоб	1376	13	88	41.0
1930	Сулодексид	193	0	16	6.0
1931	Сульбактам	145	0	12	4.0
1932	Сульпірид	724	10	40	23.0
1933	Сульфадиметоксин	546	2	28	18.0
1934	Сульфадимідин	48	0	9	1.0
1935	Сульфадіазин	61	0	6	2.0
1936	Сульфадоксин	45	0	4	1.0
1937	Сульфаметоксазол	100	0	8	3.0
1938	Сульфаметоксазол/триметоприм	491	6	31	16.0
1939	Сульфаметрол	9	0	2	0.0
1940	Сульфаніламід	534	0	39	15.0
1941	Сульфацетамід	100	0	10	3.0
1942	Сунітиніб	39	0	4	1.0
1943	Суперечка щодо насичених жирів	11	0	1	1.0
1944	СХ614	2	0	1	0.0
1945	Східний енцефаломієліт коней	19	0	3	1.0
1946	Сьома холерна пандемія	58	0	5	2.0
1947	Таблетки, що розпадаються в ротовій порожнині	69	0	7	2.0
1948	Таксани	23	0	2	1.0
1949	Таласемія	783	5	68	22.0
1950	Талінолол	14	0	3	0.5
1951	Тамоксифен	422	2	25	14.0
1952	Тамсулозин	159	2	10	5.0
1953	Тегасерод	32	0	6	1.0
1954	Тегафур	22	0	3	1.0
1955	Тедизолід	20	0	3	1.0
1956	Теїксобактин	51	0	11	1.0
1957	Тейкопланін	70	0	7	2.0
1958	Телапревір	14	0	3	1.0
1959	Телбівудин	11	0	3	0.0
1960	Телемедицина	417	2	25	16.0
1961	Телітроміцин	12	0	2	0.0
1962	Телмісартан	86	0	7	3.0
1963	Темозоломід	45	0	5	1.0
1964	Теніази	51	0	5	2.0
1965	Теніаринхоз	320	1	20	9.0
1966	Теніоз	475	2	26	16.0
1967	Теноксикам	48	0	4	1.5
1968	Тенонітрозол	10	0	2	0.5
1969	Тенофовір	178	2	12	5.0
1970	Тенофовір/Емтрицитабін	52	0	6	2.0
1971	Теобальд Сміт	7	0	1	0.0
1972	Тепловий удар	1406	12	113	40.0
1973	Теразозин	66	0	7	2.0
1974	Тератома	571	3	48	19.0
1975	Тербінафін	197	1	14	5.0
1976	Тербуталін	39	0	5	1.0
1977	Теризидон	8	0	1	0.0
1978	Термінальний нерв	28	0	3	1.0
1979	Терфенадин	49	0	5	2.0
1980	Тестостерон	2072	26	93	69.0
1981	Тетраплегія	216	1	19	7.0
1982	Тикагрелор	140	0	13	3.0
1983	Тикарцилін	34	0	4	1.0
1984	Тиклопідин	48	0	6	1.0
1985	Тимолол	63	0	6	2.0
1986	Тинзапарин	11	0	1	0.0
1987	Тинідазол	198	2	12	6.0
1988	Типранавір	13	0	7	1.0
1989	Тиреоглобулін	427	1	33	14.0
1990	Тиреоїдектомія	358	1	26	11.0
1991	Тиреоїдит Хашимото	1873	15	105	66.0
1992	Тиреопероксидаза	272	1	17	9.0
1993	Тиреотропний гормон	2117	26	111	77.0
1994	Тироксин	1396	13	76	46.0
1995	Тиротрицин	196	2	17	6.0
1996	Тиф	925	15	46	31.0
1997	Тіамазол	143	0	12	4.0
1998	Тіамфенікол	27	0	5	1.0
1999	Тіанептин	56	0	5	2.0
2000	Тігециклін	32	0	5	1.0
2001	Тім'яна частка	608	4	55	19.0
2002	Тіогуанін	11	0	2	0.5
2003	Тіопентал натрію	250	5	37	13.0
2004	Тіотриазолін	1534	20	76	51.0
2005	Тіотропію бромід	69	0	7	2.0
2006	Тітов Михайло Борисович	8	0	1	1.0
2007	Тобраміцин	145	1	12	5.0
2008	Токсичний багатовузловий зоб	303	0	19	9.0
2009	Токсокароз	1470	11	108	47.0
2010	Токсоплазмоз	4169	56	228	141.0
2011	Толтеродин	51	0	9	2.0
2012	Томас Сиденгам	22	0	5	1.0
2013	Тонкоголкова аспіраційна пункційна біопсія	211	0	17	6.0
2014	Топотекан	15	0	3	0.0
2015	Тореміфен	44	0	7	2.0
2016	Тоцилізумаб	37	0	5	1.0
2017	Трандолаприл	11	0	4	0.0
2018	Трансмісивний механізм передачі інфекції	728	5	42	27.0
2019	Трансплантат	147	1	16	4.0
2020	Трансплантація	6769	14	443	194.0
2021	Трансплантація печінки	314	2	25	9.0
2022	Трансплантологія	918	1	62	28.0
2023	Трапецієподібний м'яз	324	2	19	10.0
2024	Трастузумаб	176	1	14	5.0
2025	Трахеїт	1925	27	145	61.0
2026	Трахома	364	4	33	10.0
2027	Трематодози	94	0	12	3.0
2028	Третиноїн	93	0	8	2.0
2029	Третій шлуночок	206	0	16	6.0
2030	Третя пандемія чуми	60	0	5	2.0
2031	Третя холерна пандемія	5	0	2	0.0
2032	Триамцинолон	202	0	16	6.0
2033	Трийодтиронін	449	3	27	14.0
2034	Трикутник Пирогова	140	0	12	3.5
2035	Тримебутин	133	0	13	3.0
2036	Тримеперидин	280	1	19	8.0
2037	Триметазидин	253	1	19	8.0
2038	Триметоприм	146	1	15	4.0
2039	Трипаносомози	171	0	15	5.0
2040	Трипторелін	38	0	4	1.0
2041	Трифлузал	23	0	3	1.0
2042	Трихінельоз	785	2	47	25.0
2043	Трихомоноз	4290	40	224	157.0
2044	Трихоцефальоз	752	3	64	22.0
2045	Трициклічні антидепресанти	659	3	34	21.0
2046	Тріада Гатчінсона	109	0	13	3.0
2047	Трійчастий вузол	53	0	7	1.0
2048	Трійчастий нерв	1844	15	107	62.0
2049	Тровафлоксацин	14	0	4	1.0
2050	Тромбоемболія легеневої артерії	2879	33	149	100.0
2051	Тромбоз	1186	14	83	40.0
2052	Тромбоз глибоких вен	523	7	37	16.0
2053	Тромбофлебіт	1523	24	107	48.0
2054	Тромбоцитопенія	1096	3	66	36.0
2055	Тропічна медицина	42	0	4	1.0
2056	Тропічні хвороби	91	0	8	2.5
2057	Троподифен	14	0	3	1.0
2058	Тропонін	672	4	43	24.0
2059	Туберкульоз	14955	148	823	505.0
2060	Туберозний склероз	133	1	10	4.0
2061	Туляремія	1846	13	113	54.0
2062	Тулярин	29	0	5	1.0
2063	Тяжкий гострий респіраторний синдром	254	1	21	7.0
2064	Увеїт	621	6	48	19.0
2065	Ударний об'єм	103	0	9	3.0
2066	Українська військово-медична академія	189	1	14	6.0
2067	Українська спілка психотерапевтів	67	0	7	2.5
2068	Український лепрозорій	137	1	9	5.0
2069	Ундециленова кислота	22	0	4	1.0
2070	Урапідил	99	0	8	3.0
2071	Уремія	942	4	65	30.0
2072	Уропепсин	4	0	2	0.0
2073	Устекінумаб	37	0	6	1.5
2074	Фавіпіравір	14	0	3	1.0
2075	Фамотидин	208	3	15	6.5
2076	Фамцикловір	40	0	4	1.0
2077	Фарбування гематоксиліном-еозином	113	0	8	3.0
2078	Фарбування за ван Гізоном	30	0	4	1.0
2079	Фарбування за Цілем — Нільсеном	189	0	14	6.0
2080	Фарингіт	5266	108	240	173.0
2081	Фармацевтика	184	1	19	6.0
2082	Фармація	246	0	15	8.0
2083	Фасціольоз	549	5	40	18.0
2084	Фасція (анатомія)	461	4	31	13.0
2085	Фатальне сімейне безсоння	472	4	37	15.0
2086	Фекально-оральний механізм	583	5	37	17.0
2087	Фексофенадин	131	0	11	4.0
2088	Фелодипін	94	0	10	2.0
2089	Фенетилін	79	0	6	2.5
2090	Фенілбутазон	59	0	5	2.0
2091	Феніндіон	20	0	5	1.0
2092	Фенітоїн	147	1	9	5.0
2093	Феноксиметилпеніцилін	77	0	7	3.0
2094	Фенотерол	239	0	20	8.0
2095	Фенспірид	217	1	20	6.0
2096	Фентиконазол	55	0	8	1.0
2097	Фентоламін	339	5	18	10.0
2098	Феохромоцитома	825	6	50	27.0
2099	Фердинанд Штехер	6	0	2	0.0
2100	Фіброгастродуоденоскопія	255	1	22	7.0
2101	Фіброзне кільце	77	0	6	2.0
2102	Філатов Володимир Петрович	643	5	37	22.0
2103	Філграстим	72	0	7	2.0
2104	Філіппо Пачіні	3	0	1	0.0
2105	Філяріїдози	264	1	20	8.0
2106	Фінастерид	136	0	11	4.0
2107	Фінголімод	28	0	4	1.0
2108	Флегмона	1590	16	90	48.0
2109	Флекаїнід	103	0	8	3.0
2110	Флувастатин	36	0	5	1.0
2111	Флувоксамін	65	0	9	2.0
2112	Флударабін	15	0	2	1.0
2113	Флуконазол	1054	11	56	35.0
2114	Флуоксетин	1064	20	57	34.0
2115	Флурбіпрофен	87	1	10	2.0
2116	Флутамід	159	1	12	5.0
2117	Флуцитозин	17	0	3	1.0
2118	Флюоресцентна гібридизація in situ	148	0	15	4.5
2119	Фозиноприл	23	0	3	1.0
2120	Фолікулярна клітина	151	0	19	3.5
2121	Фолікулярний рак щитоподібної залози	158	1	17	5.0
2122	Фондапаринукс	59	0	9	2.0
2123	Формотерол	44	0	5	1.0
2124	Фосампренавір	3	0	1	0.0
2125	Фоскарнет	63	0	6	1.0
2126	Фосфазид	3	0	2	0.0
2127	Фосфоміцин	415	2	28	14.0
2128	Фотемустин	7	0	2	0.0
2129	Фрамбезія	141	1	9	4.0
2130	Фраміцетин	43	0	5	1.0
2131	Франц Бабель де Фронсберґ	10	0	3	1.0
2132	Франц де Пауля Нойгаузер	5	0	2	0.0
2133	Фрідріх Гаас	10	0	2	1.0
2134	Фталилсульфатіазол	53	0	5	1.5
2135	Фтивазид	79	0	7	2.0
2136	Фторлак	25	0	4	1.0
2137	Фторхінолони	1203	10	65	42.0
2138	Фузафунгін	83	0	8	2.0
2139	Фузидова кислота	75	0	7	2.5
2140	Фульвестрант	16	0	3	1.0
2141	Фуразидин	189	0	12	6.0
2142	Фуразолідон	633	8	46	19.0
2143	Фурункульоз	3256	56	296	97.0
2144	Хантавірусний легеневий синдром	23	0	4	1.0
2145	Харчові отруєння	2872	16	170	94.0
2146	Хасімото Хакару	4	0	1	1.0
2147	Хвороба Альцгеймера	5412	105	259	171.0
2148	Хвороба Андерсен	23	0	7	1.0
2149	Хвороба Боуена	265	1	23	8.0
2150	Хвороба Верльгофа	1282	10	96	40.0
2151	Хвороба Вільсона	805	6	57	26.0
2152	Хвороба Вільяма Александера	184	0	18	6.0
2153	Хвороба Гантінгтона	1435	6	149	43.0
2154	Хвороба Гюнтера	212	1	16	5.0
2155	Хвороба Іценка — Кушинга	1065	8	59	36.0
2156	Хвороба К'ясанурського лісу	25	0	4	1.0
2157	Хвороба котячих подряпин	975	11	52	31.0
2158	Хвороба Кройцфельда — Якоба	539	3	33	15.0
2159	Хвороба Лайма	7541	124	515	224.0
2160	Хвороба Менкеса	80	0	10	2.0
2161	Хвороба Паркінсона	5847	101	405	173.0
2162	Хвороба Пейроні	74	0	6	2.0
2163	Хвороба Пертеса	638	9	41	18.0
2164	Хвороба Пламмера	1	0	1	0.0
2165	Хвороба Рандю — Ослера	281	2	18	8.0
2166	Хвороба Рейно	2194	5	184	71.0
2167	Хвороба Росаі — Дорфман	9	0	1	0.5
2168	Хвороба Тея — Сакса	781	3	57	23.0
2169	Хвороба Фарбера	73	0	8	2.0
2170	Хвороба Шагаса	369	0	28	12.0
2171	Хвороба Шамберга	125	0	29	3.0
2172	Хвороба, яку спричинює вірус Ебола	1841	12	358	49.0
2173	Хвороба, яку спричинює вірус Зіка	441	0	248	6.0
2174	Хвороба, яку спричинює вірус Марбург	361	4	25	11.5
2175	Хвороби, що передаються статевим шляхом	7219	59	410	258.0
2176	Хвостате ядро	110	1	8	3.0
2177	Хидей Ногучі	5	0	1	0.0
2178	Хілоторакс	137	0	18	4.0
2179	Хілурія	42	0	5	1.5
2180	Хінідин	89	0	6	3.0
2181	Хінолони	146	0	13	5.0
2182	Хірургічна операція	1309	8	78	42.0
2183	Хірургія	637	7	44	23.0
2184	Хіфенадин	34	0	4	1.0
2185	Хламідійна лімфогранульома	85	1	14	6.0
2186	Хламідіоз	4680	67	282	164.0
2187	Хлорамбуцил	25	0	4	1.0
2188	Хлорамфенікол	701	5	48	22.0
2189	Хлордіазепоксид	42	0	4	1.0
2190	Хлоропірамін	225	2	20	7.0
2191	Хлорохін	125	1	8	4.0
2192	Хлорфенамін	157	1	13	5.0
2193	Хлорхінальдол	36	0	4	1.0
2194	Холангіт	502	3	27	17.0
2195	Холера	4907	44	264	170.0
2196	Холерний вібріон	610	3	52	16.0
2197	Холестатичний синдром	1466	4	84	52.0
2198	Холецистектомія	339	3	22	11.0
2199	Хоменко Григорій Гнатович	3	0	1	0.0
2200	Хондрит (хвороба)	33	0	4	1.0
2201	Хоріонічний гонадотропін	1698	10	95	58.0
2202	Хоріосклероз	93	0	9	3.0
2203	Хржонщевський Никанор Адамович	29	0	5	1.0
2204	Хромафінні клітини	37	0	4	1.5
2205	Хронічна ниркова недостатність	1350	2	97	42.0
2206	Хронічний гастрит	1299	3	85	42.0
2207	Хронічний гепатит	674	2	48	22.0
2208	Хронічний лімфолейкоз	382	2	26	11.0
2209	Хронічний мієлоцитарний лейкоз	248	2	20	8.0
2210	Хронічний панкреатит	1695	18	94	56.0
2211	Цві Ларон	1	0	1	0.0
2212	Целекоксиб	358	5	20	12.0
2213	Центральний госпіталь Міністерства внутрішніх справ України	377	3	25	13.0
2214	Центральний госпіталь Служби безпеки України	361	1	30	10.0
2215	Центральний клінічний госпіталь Державної прикордонної служби України	220	0	15	7.0
2216	Ценуроз	56	0	9	2.0
2217	Церивастатин	13	0	4	1.0
2218	Цетиризин	568	8	26	19.0
2219	Цетуксимаб	33	0	5	1.0
2220	Цефадроксил	49	0	5	2.0
2221	Цефазолін	414	4	26	12.0
2222	Цефаклор	47	0	9	1.0
2223	Цефалексин	320	4	19	10.0
2224	Цефалоспорини	1396	16	77	43.0
2225	Цефалотин	33	0	4	1.0
2226	Цефамандол	20	0	3	1.0
2227	Цефепім	283	4	16	8.0
2228	Цефіксим	359	3	22	10.0
2229	Цефоперазон	139	0	12	5.0
2230	Цефотаксим	695	7	36	24.0
2231	Цефпірамід	8	0	1	0.5
2232	Цефпіром	26	0	3	1.0
2233	Цефподоксим	324	3	26	10.0
2234	Цефпрозил	31	0	6	1.0
2235	Цефрадин	38	0	8	1.0
2236	Цефтазидим	155	1	16	5.0
2237	Цефтаролін	54	0	7	1.0
2238	Цефтібутен	17	0	3	1.0
2239	Цефтізоксим	7	0	2	0.0
2240	Цефтобіпрол	63	0	13	2.0
2241	Цефтріаксон	2023	36	107	59.0
2242	Цефуроксим	452	7	29	14.0
2243	Цеце	487	7	29	16.0
2244	Цидофовір	38	0	6	1.0
2245	Цизаприд	93	0	8	3.0
2246	Циклосерин	67	0	9	2.0
2247	Циклоспорин	1082	6	93	28.0
2248	Циклофосфамід	158	0	12	5.0
2249	Цилазаприл	19	0	6	1.0
2250	Цилостазол	92	0	11	3.0
2251	Циметидин	74	0	7	2.0
2252	Цинаризин	928	12	48	30.0
2253	Ципрогептадин	117	0	9	4.0
2254	Ципрофлоксацин	1751	21	117	37.0
2255	Цироз печінки	2464	36	147	78.0
2256	Цисплатин	229	1	18	6.0
2257	Цистит	4206	71	201	145.0
2258	Цистицеркоз	561	3	39	19.0
2259	Циталопрам	181	1	17	5.0
2260	Цитарабін	24	0	3	1.0
2261	Цитиколін	426	4	29	12.0
2262	Цитомегаловірус	2261	32	177	77.0
2263	Цитомегаловірусна інфекція	2034	27	115	68.0
2264	Ціп'як бичачий	1264	11	81	40.0
2265	Ціп'як свинячий	931	4	56	30.0
2266	Ціп'як собачий	94	0	7	3.0
2267	Цукровий діабет	12868	149	631	475.0
2268	Цукровий діабет тип 1	668	6	47	20.0
2269	Цукровий діабет тип 2	3531	44	183	115.0
2270	Цуцугамуші	64	0	9	2.0
2271	Червоне ядро	104	0	16	3.0
2272	Черевний тиф	3258	21	185	105.0
2273	Черепні нерви	3831	9	262	128.0
2274	Черепно-мозкова травма	2664	24	145	86.0
2275	Чернов Василь Єгорович	8	0	2	0.0
2276	Четверта холерна пандемія	6	0	1	0.0
2277	Четвертий шлуночок	259	0	23	7.0
2278	Чікунгунья	133	0	57	3.0
2279	Чоловіча статева система	7721	170	325	260.0
2280	Чорна речовина	184	1	12	6.5
2281	Чорна смерть	1287	21	69	41.0
2282	Чорна Тамара Трохимівна	3	0	1	0.0
2283	Чума	6865	72	484	211.0
2284	Чума Юстиніана	216	1	21	7.0
2285	Чумна паличка	368	2	33	10.0
2286	Шагома	1	0	1	0.0
2287	Шарлотта Кліверлі-Бісман	40	0	7	1.0
2288	Шарль Манту	31	0	4	1.0
2289	Шевчук Віктор Григорович	25	0	4	1.0
2290	Шигелла Бойда	9	0	2	0.0
2291	Шигельоз	2292	11	124	77.0
2292	Шизофренія	9238	158	466	305.0
2293	Шийний відділ хребта	672	10	43	22.0
2294	Шина (медицина)	763	3	51	27.0
2295	Шистосомози	272	1	26	7.0
2296	Шия	323	3	23	9.0
2297	Шкала Франкеля	110	0	19	3.0
2298	Шкурба Андрій Вікторович	34	0	5	1.0
2299	Шлунково-кишкова кровотеча	2305	30	124	78.0
2300	Шлунок	3461	31	219	106.0
2301	Шок (медицина)	4715	35	339	142.0
2302	Шоста холерна пандемія	13	0	5	0.5
2303	Шпательний тест	31	0	6	1.0
2304	Шпиталь	189	0	15	6.0
2305	Щербак Юрій Миколайович	451	4	34	14.0
2306	Щитоподібна залоза	6683	54	417	237.0
2307	Щитоподібний хрящ	252	1	150	3.0
2308	Щитошийний стовбур	42	0	6	1.0
2309	Щока	93	0	8	3.0
2310	Юкстагломерулярний апарат	173	0	13	5.0
2311	Юстинус Кернер	21	0	4	1.0
2312	Яворовський Олександр Петрович	55	0	10	1.0
2313	Ядро Едінгера-Вестфаля	50	0	5	2.0
2314	Ядро лицевого нерва	39	0	4	2.0
2315	Ядро одинокого шляху	101	0	59	1.0
2316	Ядро окорухового нерва	38	0	11	1.0
2317	Язикова артерія	53	0	9	1.0
2318	Язикова вена	12	0	5	0.5
2319	Яйцеклітина	14943	56	1307	378.0
2320	Ящур	666	5	40	20.0
2321	Aedes albopictus	46	0	6	1.0
2322	Anoplura	65	0	7	2.0
2323	ATC код A	47	0	7	1.0
2324	ATC код B	40	0	8	1.0
2325	ATC код C	29	0	5	1.0
2326	ATC код G	16	0	4	0.0
2327	ATC код H	15	0	2	1.0
2328	ATC код J	26	0	7	1.0
2329	ATC код L	6	0	1	0.0
2330	ATC код N	32	0	5	1.0
2331	ATC код P	20	0	4	1.0
2332	ATC код S	11	0	2	0.5
2333	BMJ	77	0	51	1.0
2334	BRCA1	106	0	9	3.0
2335	Chlamydophila psittaci	48	0	6	2.0
2336	Clostridium botulinum	672	4	48	21.0
2337	D-димер	778	8	53	26.0
2338	Déviation conjuguée	13	0	2	1.0
2339	Francisella tularensis	93	0	7	3.0
2340	G-клітина	31	0	3	1.0
2341	H5N1	41	0	5	1.0
2342	Helicobacter pylori	3850	56	200	135.0
2343	HeRAMS	10	0	2	0.0
2344	International Trauma Life Support	25	0	5	1.0
2345	Medscape	29	0	4	1.0
2346	Mycobacterium ulcerans	22	0	4	1.0
2347	OMIM	70	0	6	2.0
2348	Plasmodium falciparum	155	1	14	5.0
2349	Plasmodium knowlesi	16	0	2	1.0
2350	Plasmodium malariae	365	0	29	11.0
2351	Plasmodium ovale	82	0	9	2.0
2352	Plasmodium vivax	160	0	13	5.0
2353	PubMed	261	2	16	9.0
2354	SAMPLE	160	1	14	4.0
2355	Tc-99m-MIBI	18	0	3	1.0
2356	Terminologia Anatomica	17	0	2	1.0
2357	The Lancet	39	0	4	1.0
2358	Torch-інфекції	3712	46	185	127.0
2359	UniProt	15	0	3	0.0
2360	Whonamedit?	2	0	1	0.0
2361	Yersinia enterocolitica	124	1	10	3.0
2362	Yersinia pseudotuberculosis	33	0	8	1.0
2363	ZMapp	11	0	3	0.0
