1	4-вектор	66	0	8	2.0
2	Абсолютна система відліку	42	0	5	1.0
3	Абсолютний нуль	565	7	28	19.0
4	Автоколивання	338	1	26	10.0
5	Автолізія	2	0	1	0.0
6	Агрегатний стан	1639	10	115	52.0
7	Адіабатичне наближення	24	0	4	1.0
8	Адіабатичне розмагнічування	25	0	5	1.0
9	Адіабатичний інваріант	5	0	2	0.0
10	Адрон	229	3	19	6.0
11	Аеродинаміка	372	2	23	11.0
12	Аеромеханіка	8	0	2	0.0
13	Аксино	4	0	1	0.0
14	Аксіальний струм	5	0	2	0.0
15	Аксіон	31	0	4	1.0
16	Активна фазована антенна решітка	60	0	8	1.0
17	Акумулятор тепла	28	0	3	1.0
18	Акустика	385	4	29	11.0
19	Акустичні фонони	21	0	10	1.0
20	Акустоконцентраційний ефект	3	0	1	0.0
21	Акустооптика	22	0	6	0.5
22	Алніко	14	0	2	1.0
23	Альбедо	414	3	26	12.0
24	Альфа-спектрометр	7	0	4	0.0
25	Аматорський радіозв'язок	93	0	7	3.0
26	Амбіполярна дифузія	7	0	2	0.0
27	Американське фізичне товариство	14	0	2	0.0
28	Аморфні речовини	2957	7	345	76.0
29	Амплітуда ймовірності	11	0	2	0.0
30	Амплітуда розсіяння	4	0	2	0.0
31	Амплітудна маніпуляція	96	0	15	2.5
32	Амплітудна модуляція	555	0	47	17.0
33	Аналітична механіка	15	0	3	0.0
34	Андреєвське відбиття	12	0	8	0.0
35	Анізотропний магнетоопір	5	0	2	0.0
36	Аніон	554	5	35	19.0
37	Антиматерія	436	6	28	13.0
38	Антинейтрон	16	0	4	1.0
39	Антипротон	39	0	5	1.0
40	Антисвіт	6	0	2	0.0
41	Антисегнетоелектрики	7	0	2	0.5
42	Антиферомагнетики	44	0	5	1.0
43	Аромат (квантове число)	38	0	5	1.0
44	Арсенід алюмінію	8	0	2	0.0
45	Атмосфера (одиниця вимірювання)	446	5	27	14.0
46	Атмосферна акустика	0	0	0	0.0
47	Атом	5950	42	330	214.0
48	Атомна маса	662	4	58	18.0
49	Атомна орбіталь	288	0	23	9.0
50	Атомна рефракція	5	0	2	0.0
51	Атомна теорія Дальтона	23	0	4	1.0
52	Атомна фізика	355	2	31	11.0
53	Атомна, молекулярна і оптична фізика	18	0	4	0.0
54	Атомний номер	444	1	27	15.0
55	Атомний остов	13	0	8	0.0
56	Атомний радіус	246	0	18	8.0
57	Атрактивна взаємодія	10	0	2	1.0
58	Атрактор	160	0	13	4.0
59	Аутогезія	10	0	2	0.0
60	Балістика	682	3	60	20.0
61	Баріони	181	1	16	6.0
62	Баріонний заряд	57	0	5	2.0
63	Басейн притягання	9	0	7	0.0
64	Батарея (електрика)	482	4	29	16.0
65	Безелектродна лампа	15	0	3	1.0
66	Безперервний сигнал	18	0	2	1.0
67	Бекерель	315	3	44	9.0
68	Бер	283	1	32	8.0
69	Бета-випромінювання	1405	1	140	47.0
70	Бета-розпад	2333	10	178	59.0
71	Бетатрон	20	0	5	1.0
72	Біекситон	1	0	1	0.0
73	Бінодаль	5	0	2	0.0
74	Біотехнічна система	12	0	2	0.5
75	Біполярний транзистор	2152	12	158	77.0
76	Біфуркація Андронова — Хопфа	17	0	3	1.0
77	Біфуркація подвоєння періоду	7	0	1	0.0
78	Ближнє поле	25	0	3	1.0
79	Бозон	179	2	17	5.0
80	Бозон Ґолдстоуна	1	0	1	0.0
81	Бозон Хіггса	537	8	33	16.0
82	Болометр	30	0	4	1.0
83	Борнове наближення	3	0	1	0.0
84	Брана	29	0	6	1.0
85	Бреггівська дифракція	51	0	7	1.0
86	Бреґґівський пік	4	0	2	0.0
87	Броунівський рух	2112	5	441	44.0
88	Будівельна механіка	61	0	6	2.0
89	Будівельна фізика	32	0	8	1.0
90	Бульбашка Алькуб'єрре	41	0	8	1.0
91	В'язкоеластичність	20	0	3	1.0
92	Вага	3232	15	238	116.0
93	Валентна зона	84	0	8	3.0
94	Варіаційний принцип	9	0	2	0.0
95	Вейлівський напівметал	5	0	3	0.0
96	Вектор Бюргерса	24	0	6	1.0
97	Вектор поляризації	183	0	18	4.0
98	Вектор стану	31	0	3	1.0
99	Векторний потенціал	60	0	9	2.0
100	Великий адронний колайдер	1415	23	67	46.0
101	Великий канонічний ансамбль	13	0	4	1.0
102	Великий термодинамічний потенціал	9	0	5	0.0
103	Верх валентної зони	2	0	1	0.0
104	Вибух	620	4	40	22.0
105	Вимушене випромінювання	396	0	46	10.0
106	Вимушені коливання	659	0	43	24.0
107	Випрямлення змінного струму	1306	7	92	42.0
108	Вироджений напівпровідник	25	0	3	1.0
109	Вихрові струми	448	2	40	14.0
110	Вібронна спектроскопія	15	0	2	1.0
111	Від'ємна диференційна провідність	40	0	8	1.0
112	Відбій	147	0	14	4.0
113	Віддзеркалення	47	0	8	1.0
114	Відносна густина	511	0	38	17.0
115	Відпрацьоване ядерне паливо	81	0	8	2.0
116	Відстань	1273	3	89	40.0
117	Вільна енергія Гельмгольца	122	0	10	4.0
118	Вільне падіння	2463	14	168	65.0
119	Вільний параметр	3	0	1	0.0
120	Віріальне рівняння стану	6	0	2	0.0
121	Віріальні коефіцієнти	22	0	3	1.0
122	Віртуальна частинка	25	0	3	1.0
123	Віртуальні переміщення	34	0	10	1.0
124	Віскер (металургія)	14	0	2	0.0
125	Вісь	332	2	25	11.0
126	Вісь обертання	61	0	5	2.0
127	Вісь часу	44	0	3	1.0
128	Вічний двигун	1331	6	82	43.0
129	Власна інформація	25	0	3	1.0
130	Власний напівпровідник	247	0	42	7.0
131	Власний час	59	0	7	1.0
132	Внутрішній імпеданс	13	0	7	0.0
133	Вологість	556	1	37	20.0
134	Вольт-ампер	145	0	12	5.0
135	Впливна величина	9	0	1	1.0
136	Втомне руйнування	33	0	5	1.0
137	Вторинна електронна емісія	104	1	9	3.0
138	Вторинне квантування	14	0	3	1.0
139	Вуглецеві наноконуси	17	0	12	0.0
140	Вуглецеві нанотрубки	260	3	24	7.0
141	Газовий розряд	1558	15	113	43.0
142	Газоструменевий випромінювач	22	0	4	1.0
143	Гал (фізична одиниця)	21	0	3	1.0
144	Гальванічний елемент	1283	6	77	38.0
145	Гальмівний шлях	798	0	73	25.0
146	Гамільтоніан	95	0	9	3.0
147	Гамма-промені	2389	18	142	73.0
148	Гамма-спалахи	67	0	24	1.0
149	Гамма-спектроскопія	6	0	1	0.0
150	Гармата Гауса	179	1	15	5.0
151	Гармонічні коливання	2280	6	143	82.0
152	Генерація другої гармоніки	22	0	3	1.0
153	Генерація носіїв заряду	35	0	9	1.0
154	Геометрична оптика	297	0	22	9.0
155	Геофізика	120	0	11	3.0
156	Герц	949	14	52	30.0
157	Гетеродин	96	0	9	4.0
158	Гетероструктури	22	0	3	1.0
159	Гідроаеродинаміка	45	0	7	1.0
160	Гідрофон	16	0	3	1.0
161	Гіперболічна траєкторія	12	0	2	0.5
162	Гіперзвукова швидкість	97	1	6	3.0
163	Гіперони	39	0	12	1.0
164	Гіпотеза Ампера	118	0	10	4.0
165	Гіромагнітне співвідношення	48	0	7	2.0
166	Глісування	18	0	3	1.0
167	Глушник мобільних телефонів	44	0	13	1.0
168	Глюбол	22	0	6	1.0
169	Глюон	98	0	9	2.0
170	Головне квантове число	133	1	10	3.0
171	Голономний зв'язок	13	0	3	0.0
172	Гомопауза	6	0	2	0.0
173	Горизонт Коші	16	0	5	1.0
174	Горизонт подій	1031	7	258	19.0
175	Гравітаційна сингулярність	530	6	49	15.0
176	Гравітаційне поле	152	1	11	4.0
177	Гравітаційне реліктове випромінювання	5	0	2	0.0
178	Гравітаційний радіус	170	0	19	5.0
179	Гравітино	15	0	4	0.5
180	Гравітон	104	0	8	4.0
181	Границя міцності	1107	3	83	30.0
182	Гранична швидкість	28	0	3	1.0
183	Граничні умови Борна-Кармана	13	0	3	0.5
184	Графен	699	7	41	20.0
185	Групова швидкість	75	0	7	2.0
186	Густина енергії	225	0	20	7.0
187	Густина потоку частинок	52	0	4	2.0
188	Густина станів	31	0	4	1.0
189	Густина струму	759	4	48	24.0
190	Ґратка Бете	9	0	2	0.0
191	Давидівське розщеплення	13	0	2	1.0
192	Дальній порядок	42	0	8	1.0
193	Дарсі (одиниця)	11	0	3	0.0
194	Двомірна ядерна магнітно-резонансна спектроскопія	12	0	2	1.0
195	Двофотонне збудження	6	0	2	0.5
196	Дебай	64	0	7	2.0
197	Дейтрон	79	0	9	2.0
198	Декстерів перенос енергії	5	0	3	0.0
199	Делокалізований стан	17	0	2	1.0
200	Дельта-баріон	5	0	1	0.0
201	Детермінант Слейтера	17	0	6	0.0
202	Детермінований хаос	85	0	7	3.0
203	Дефект маси	1393	1	116	34.0
204	Деформаційний потенціал	4	0	2	0.0
205	Деформація	2781	10	275	95.0
206	Деформація згину	1462	2	211	39.0
207	Деформація зсуву	848	0	216	14.0
208	Деформація кручення	626	0	61	19.0
209	Децибел	896	11	127	24.0
210	Дециметрові хвилі	108	0	8	3.0
211	Дзеркало	809	10	51	26.0
212	Дивність	45	0	6	1.0
213	Дилатон	13	0	3	0.0
214	Динамічна рівновага	791	2	64	27.0
215	Директор (рідкий кристал)	13	0	3	1.0
216	Дислокація (кристалографія)	53	0	9	1.5
217	Дисперсійні сили	26	0	8	0.5
218	Дисперсія світла	3042	9	206	97.0
219	Диференціальний переріз розсіювання	38	0	4	1.0
220	Диференціатор	78	0	9	2.0
221	Дифракційна ґратка	2646	14	175	85.0
222	Дифракція	4579	16	456	149.0
223	Дифузійний струм	73	0	9	2.0
224	Дифузія	4794	23	372	154.0
225	Дифузія за законом Арреніуса	19	0	4	1.0
226	Дифузне відбиття світла	218	2	16	5.0
227	Діаграма станів (хімія)	0	0	0	0.0
228	Діаграма Фейнмана	52	0	11	1.0
229	Діамагнетики	397	2	36	12.0
230	Діелектрична сприйнятливість	47	0	4	1.0
231	Діелектричне дзеркало	12	0	4	0.0
232	Дійсна густина	13	0	3	1.0
233	Дійсне зображення	336	0	113	4.0
234	Діод Зенера	421	1	30	13.0
235	Дірка (квазічастинка)	275	1	22	9.0
236	Дірка Фермі	1	0	1	0.0
237	Діркова телепортація	8	0	2	1.0
238	Дно зони провідності	5	0	1	0.0
239	Довгі хвилі	175	0	59	3.0
240	Довжина вільного пробігу	291	0	26	8.0
241	Довжина хвилі	4198	15	287	167.0
242	Доплерівське розширення	20	0	3	1.0
243	Дослід радіоактивності Антуаном Анрі Беккерелем	212	0	26	6.0
244	Дослід Штерна-Герлаха	102	0	12	2.0
245	Доцентрове прискорення	612	5	41	21.0
246	Дробовий квантовий ефект Холла	11	0	2	1.0
247	Дроплетон	5	0	2	0.0
248	Друга в'язкість	3	0	1	0.0
249	Друга космічна швидкість	772	6	70	22.0
250	Другий звук	7	0	2	0.0
251	Дуант	2	0	1	0.0
252	Духи Фаддєєва — Попова	16	0	2	1.0
253	Еванесцентне поле	35	0	5	1.0
254	Евтектика	250	2	17	8.0
255	Ейнштейн (одиниця)	12	0	4	0.0
256	Ейрі кільця	7	0	2	0.0
257	Екзотичний атом	6	0	2	0.0
258	Екранування заряду	60	0	9	2.0
259	Ексимерна люмінесценція	8	0	1	1.0
260	Ексиплексна люмінесценція	6	0	1	1.0
261	Екситон	76	0	7	2.0
262	Екситон Ваньє-Мотта	10	0	2	0.0
263	Екситон Френкеля	3	0	1	0.0
264	Експеримент з олійними краплями	129	0	12	4.0
265	Експеримент Майкельсона — Морлі	93	1	8	3.0
266	Ексцентриситет орбіти	100	0	9	3.0
267	Електрети	95	0	12	3.0
268	Електрика	2743	30	269	81.0
269	Електрична енергія	1556	11	284	46.0
270	Електрична напруга	8547	26	655	276.0
271	Електричне коло	2432	7	163	74.0
272	Електричне поле	3598	11	209	127.0
273	Електричний дипольний момент	380	4	25	12.0
274	Електричний заряд	4741	19	291	155.0
275	Електричний імпеданс	511	4	41	17.0
276	Електричний потік	93	0	9	4.0
277	Електроадгезія	1	0	1	0.0
278	Електроізоляція	270	0	25	8.0
279	Електрокалоричний ефект	1	0	1	0.0
280	Електромагнітна індукція	2728	9	178	93.0
281	Електромагнітна хвиля	4816	26	289	186.0
282	Електромагнітне випромінювання	1896	11	125	73.0
283	Електромагнітне поле	1035	11	68	29.0
284	Електрон	2264	18	126	77.0
285	Електрон провідності	64	0	7	2.0
286	Електрон-діркова рідина	37	0	14	1.0
287	Електрон-фононна взаємодія	10	0	2	0.0
288	Електронна гармата	56	0	8	1.0
289	Електронна густина	42	0	4	2.0
290	Електронна енергія	1	0	1	0.0
291	Електронна лавина	45	0	5	2.0
292	Електронна оболонка	307	1	31	9.0
293	Електронна пара	54	0	7	1.0
294	Електронна спектроскопія	31	0	4	1.0
295	Електронне нейтрино	74	0	10	2.0
296	Електронний генератор	232	1	25	7.0
297	Електронний мікроскоп	564	3	33	18.0
298	Електронний парамагнітний резонанс	237	2	21	7.0
299	Електронний стан	9	0	2	1.0
300	Електронно-променева установка	14	0	8	1.0
301	Електрооптичний ефект	53	0	14	2.0
302	Електрорушійна сила	3410	19	184	132.0
303	Електростатика	728	5	52	24.0
304	Електростатична індукція	258	2	35	6.0
305	Електростатична лінза	26	0	5	1.0
306	Електростатичний генератор Ван де Граафа	80	0	20	1.0
307	Електростатичний потенціал	2094	5	136	70.0
308	Емітанс пучка	3	0	1	0.0
309	Енергетичний рівень	234	1	33	7.0
310	Енергетичний спектр	46	0	6	1.0
311	Енергія вакууму	808	3	73	22.0
312	Енергія зв'язку	1540	0	149	40.0
313	Еніон	6	0	2	0.0
314	Ентропія змішування	30	0	4	1.0
315	Ергодична гіпотеза	10	0	3	0.0
316	Ета-мезон	14	0	3	1.0
317	Ефект Вігнера	11	0	2	0.5
318	Ефект де Гааза-ван Альфена	6	0	2	0.0
319	Ефект Джоуля-Томсона	76	0	12	2.5
320	Ефект Доплера	827	11	55	25.0
321	Ефект Зеемана	103	0	12	3.0
322	Ефект Зеєбека	291	1	24	10.0
323	Ефект Казимира	60	0	8	2.0
324	Ефект Керра	45	0	6	1.0
325	Ефект Кея	10	0	3	0.0
326	Ефект конденсатного диску	47	0	5	1.0
327	Ефект Кондо	7	0	1	0.0
328	Ефект Коттона — Мутона	3	0	2	0.0
329	Ефект Мейснера	67	0	13	2.0
330	Ефект Міхеєва — Смирнова — Вольфенштейна	7	0	4	0.0
331	Ефект Нернста	12	0	4	0.5
332	Ефект Овергаузера	12	0	3	1.0
333	Ефект Оже	30	0	5	1.0
334	Ефект Пельтьє	222	1	30	6.0
335	Ефект Перселла	0	0	0	0.0
336	Ефект Рамана	5	0	2	0.0
337	Ефект Рамзауера	29	0	5	1.0
338	Ефект Рашби	4	0	3	0.0
339	Ефект Реннера	1	0	1	0.0
340	Ефект Реннера — Теллера	1	0	1	0.0
341	Ефект Тіндаля	150	0	18	4.0
342	Ефект Томсона	86	0	11	2.0
343	Ефект Фарадея	82	0	10	2.0
344	Ефект Франца-Келдиша	0	0	0	0.0
345	Ефект Штарка	29	0	3	1.0
346	Ефективна густина станів	10	0	2	0.0
347	Ефективна маса	28	0	4	1.0
348	Ефективна площа розсіювання	58	0	6	2.0
349	Ефективна температура	73	0	8	2.0
350	Ефективний коефіцієнт розмноження нейтронів	303	0	31	6.0
351	Ехолокація	538	5	39	15.0
352	Жаропродуктивність	4	0	1	0.0
353	Загальна коваріантність	8	0	2	0.0
354	Задача трьох тіл	93	0	11	3.0
355	Закон Ампера	2177	4	168	68.0
356	Закон Архімеда	11417	36	823	331.0
357	Закон Беца	31	0	17	1.0
358	Закон Бугера — Ламберта — Бера	855	4	59	26.0
359	Закон всесвітнього тяжіння	4485	19	343	116.0
360	Закон Гука	4580	11	337	166.0
361	Закон Ґейґера — Неттола	21	0	4	1.0
362	Закон Дальтона	272	0	27	8.0
363	Закон Дебая	25	0	9	1.0
364	Закон Джоуля — Ленца	2723	13	187	79.0
365	Закон дисперсії	180	1	15	6.0
366	Закон Дюлонга — Пті	76	0	12	1.5
367	Закон збереження енергії	6402	29	626	135.0
368	Закон збереження імпульсу	5036	7	578	126.0
369	Закон збереження маси	844	5	56	28.0
370	Закон Мозлі	153	0	19	3.0
371	Закон рівнорозподілу	40	0	5	1.0
372	Закон Снеліуса	255	0	19	8.0
373	Закони термодинаміки	869	4	56	26.0
374	Закони Фіка	381	2	31	13.0
375	Залишкова намагніченість	21	0	5	1.0
376	Залізний пік	20	0	8	0.0
377	Заломлення	1660	4	124	55.0
378	Замерзання	120	0	15	3.0
379	Запізнення	25	0	4	1.0
380	Заряджена частинка	258	0	24	8.0
381	Заряджений струм	2	0	1	0.0
382	Зарядове спряження	8	0	2	0.0
383	Збіднений уран	38	0	6	1.0
384	Зброя спрямованої енергії	68	0	7	2.0
385	Збуджений стан квантовомеханічної системи	43	0	5	1.5
386	Зведена маса	27	0	4	1.0
387	Зворотність	86	0	8	3.0
388	Звукова енергія	16	0	2	1.0
389	Звуковий удар	21	0	4	1.0
390	Згасаюча хвиля	12	0	2	0.0
391	Зиб	20	0	3	1.0
392	Зминання	54	0	11	1.0
393	Змінний конденсатор	124	0	33	3.0
394	Змінний струм	3646	37	206	124.0
395	Змінні дія — кут	3	0	2	0.0
396	Золото	2454	30	122	75.0
397	Зона провідності	91	0	10	2.0
398	Зонне плавлення	11	0	2	0.0
399	Зоряний нуклеосинтез	18	0	4	0.0
400	Ізобари (ядерна фізика)	63	0	8	2.0
401	Ізовалентна домішка	5	0	3	0.0
402	Ізоентропійний процес	55	0	7	1.0
403	Ізолятор Мотта	18	0	5	0.5
404	Ізотермічний процес	4246	4	274	156.0
405	Ізотопи	2743	11	221	88.0
406	Ізотопічний спін	23	0	5	1.0
407	Ізотопна поширеність	11	0	3	0.0
408	Імплозія (фізика)	27	0	4	1.0
409	Імпульсна модуляція	126	0	16	3.0
410	Імпульсно-кодова модуляція	158	0	11	5.0
411	Інваріант (фізика)	35	0	5	1.0
412	Інваріанти електромагнітного поля	19	0	4	1.0
413	Інверсна заселеність	181	0	26	3.0
414	Індуктивність	2100	11	117	76.0
415	Індукційний струм	851	4	65	26.0
416	Інерційна система відліку	1357	3	123	34.0
417	Інерція	2229	10	160	65.0
418	Інжекція носіїв заряду	39	0	7	2.0
419	Інженерно-фізичний факультет НТУУ «КПІ»	21	0	3	1.0
420	Інкремент наростання	2	0	1	0.0
421	Інтеграл вздовж траєкторій	56	0	10	1.5
422	Інтеграл перекриття	5	0	2	0.0
423	Інтенсивна величина	29	0	3	1.0
424	Інтеркомбінаційна конверсія	8	0	4	0.0
425	Інтерференція хвиль	1170	3	78	38.0
426	Інтерферометр Майкельсона	91	0	8	2.0
427	Інтерферометр Фабрі-Перо	39	0	6	1.0
428	Інформаційна ентропія	596	7	44	16.0
429	Інфразвук	1046	3	70	32.0
430	Інфразвукова зброя	87	0	7	2.0
431	Іон	1481	16	76	50.0
432	Іонізаційна рівновага	17	0	3	1.0
433	Іоністор	176	1	13	5.0
434	Іонна пастка	14	0	2	1.0
435	Іонний звук	4	0	1	0.0
436	Іпсилон-мезон	6	0	3	0.0
437	Іскрова камера	20	0	5	1.0
438	Іскровий розряд	644	2	81	13.0
439	Історія механіки	198	1	17	5.5
440	Історія телескопа	438	0	57	9.0
441	Історія фізики	572	0	44	18.0
442	Йод-131	193	0	19	6.0
443	Йодид калію	570	4	37	21.0
444	Йонний кристал	47	0	7	2.0
445	Калібрувальна інваріантність	31	0	4	1.0
446	Калібрувальний бозон	33	0	4	1.0
447	Калорія	762	15	42	23.0
448	Камера Вільсона	2302	8	169	70.0
449	Каналювання	2	0	1	0.0
450	Канонічне перетворення	23	0	6	1.0
451	Канонічний ансамбль (фізика)	18	0	3	1.0
452	Каони	64	0	6	2.0
453	Капілярний ефект	705	3	49	24.0
454	Каустика	68	0	8	2.5
455	Квадратурно-амплітудна модуляція	163	1	19	3.0
456	Квадратурно-фазова модуляція	7	0	1	1.0
457	Квадрупольний момент	37	0	5	1.0
458	Квазікласичне наближення	32	0	4	1.0
459	Квазікристал	40	0	8	1.0
460	Квазічастинка	110	0	13	3.0
461	Квант магнітного потоку	37	0	4	1.0
462	Квантова гравітація	103	0	10	3.0
463	Квантова декогеренція	36	0	7	1.0
464	Квантова дротина	15	0	7	0.0
465	Квантова інформація	31	0	4	1.0
466	Квантова криптографія	87	0	10	2.0
467	Квантова логіка	21	0	3	1.0
468	Квантова механіка	1224	18	206	32.0
469	Квантова телепортація	112	1	8	3.0
470	Квантова точка	82	0	7	3.0
471	Квантова тривіальність	10	0	3	0.0
472	Квантова хімія	71	0	11	1.0
473	Квантова яма	24	0	5	1.0
474	Квантовий байєсіанізм	9	0	2	0.0
475	Квантовий вихід	88	0	9	2.0
476	Квантовий ефект	1	0	1	0.0
477	Квантовий ефект Холла	54	0	8	2.0
478	Квантовий комп'ютер	658	8	44	20.0
479	Квантовий перехід	77	0	7	2.0
480	Квантовий стан	87	0	6	3.0
481	Квантовий стрибок	97	0	7	3.0
482	Квантовий хаос	18	0	6	0.0
483	Квантування Дірака	7	0	2	1.0
484	Кварк	1390	14	389	35.0
485	Кварконій	10	0	2	0.0
486	Кільця Ньютона	414	1	26	13.5
487	Кінематика	764	5	57	25.0
488	Кінетична енергія	4643	22	362	152.0
489	Кінетична теорія	732	3	62	22.0
490	Кінетичне рівняння	52	0	12	1.0
491	Кінцевий ефект	53	0	16	1.0
492	Класична електродинаміка	349	3	24	11.0
493	Класична фізика	50	0	6	1.0
494	Кластер (фізика)	42	0	6	1.0
495	Клин (механіка)	226	0	31	5.0
496	Клістрон	91	0	13	2.0
497	Кліщі вимірювальні	35	0	7	1.0
498	КМОН	255	2	28	7.0
499	Когезія	154	1	18	4.0
500	Когерентність	1761	8	133	59.0
501	Коефіцієнт дифузії	233	1	22	7.0
502	Коефіцієнт екстинкції	137	0	17	4.0
503	Коефіцієнт жорсткості	4633	9	344	150.0
504	Коефіцієнт корисної дії	4777	18	296	178.0
505	Коефіцієнт підсилення антени	110	0	15	2.0
506	Коефіцієнт рекомбінації	1	0	1	0.0
507	Коефіцієнт самодифузії	30	0	9	1.0
508	Коефіцієнт теплового розширення	253	1	19	8.0
509	Колайдер	201	2	16	7.0
510	Колапс хвильової функції	29	0	6	1.0
511	Коливальний контур	2218	8	146	80.0
512	Коливання	2501	12	151	99.0
513	Коліматор	107	1	8	3.5
514	Колірна температура	396	2	25	12.0
515	Кольоровий заряд	58	0	6	2.0
516	Комірка Вігнера — Зейтца	14	0	3	1.0
517	Компенсований напівпровідник	13	0	7	0.0
518	Комплекс з переносом заряду	6	0	2	0.0
519	Композити	814	6	59	26.0
520	Комптонівське розсіювання	309	1	31	7.0
521	Конденсація Бозе — Ейнштейна	114	0	14	2.0
522	Контактна різниця потенціалів	207	1	26	6.0
523	Конфайнмент	120	0	20	3.0
524	Копенгагенська інтерпретація	79	0	8	2.0
525	Кореляційна енергія	8	0	2	0.0
526	Коронний розряд	678	5	68	15.0
527	Космологічна сингулярність	109	1	13	3.0
528	Космологічна стала	53	0	5	2.0
529	Космологічний масштабний фактор	4	0	2	0.0
530	Котушка Гельмгольца	25	0	4	1.0
531	Кристалізація сплавів	108	0	9	3.0
532	Критерій Ліндеманна	0	0	0	0.0
533	Критична точка	156	1	9	5.0
534	Критичний тиск	30	0	4	1.0
535	Критичні індекси	15	0	4	1.0
536	Кріоелектронна мікроскопія	37	0	3	1.0
537	Кріолюмінесценція	23	0	5	1.0
538	Крутильні ваги	10	0	3	0.0
539	Ксі-баріон	25	0	11	1.0
540	Кубічний метр	2169	25	109	75.0
541	Кулон (одиниця)	936	3	72	30.0
542	Куперівська пара	29	0	4	1.0
543	Кут Брюстера	323	2	23	10.0
544	Кут змочування	209	1	17	7.0
545	Кутова модуляція	66	0	12	1.0
546	Кутова швидкість	1021	2	67	32.0
547	Кутове прискорення	552	1	46	18.0
548	Лабораторна система	8	0	2	0.0
549	Лазер на вільних електронах	38	0	5	1.0
550	Лазерна абляція	31	0	3	1.0
551	Лазерний гіроскоп	51	0	12	1.5
552	Лазерний далекомір	60	0	6	2.0
553	Лампа біжної хвилі	46	0	5	1.0
554	Ланцюгова реакція	703	2	72	20.0
555	Ларморова частота	17	0	6	0.0
556	Лембів зсув	29	0	3	1.0
557	Лептон	291	3	27	9.0
558	Лептонний заряд	54	0	4	2.0
559	Ліквідус	57	0	10	1.5
560	Лінза	2417	9	178	87.0
561	Лінійне середовище	2	0	1	0.0
562	Лінійчастий спектр	4343	6	320	145.0
563	Лічильник Гейгера	1393	7	114	40.0
564	Лічильник сцинтиляцій	147	0	20	4.5
565	Локалізація Андерсона	9	0	2	0.0
566	Локалізований плазмон	15	0	3	1.0
567	Локалізований стан	40	0	15	1.0
568	Лоренц-коваріантність	11	0	3	0.0
569	Лужна батарейка	282	3	17	9.0
570	Луна (акустичне явище)	221	1	45	5.0
571	Людвіг Валентин Лоренц	6	0	4	0.0
572	Люмінесценція	1539	7	112	45.0
573	Лямбда-баріон	25	0	2	1.0
574	Лямбда-точка	15	0	3	1.0
575	М-теорія	110	1	9	3.0
576	Магічні числа	36	0	5	1.0
577	Магічні ядра	25	0	5	1.0
578	Магнетизм	346	3	31	11.0
579	Магнетон Бора	61	0	6	1.0
580	Магнетоопір	56	0	7	2.0
581	Магнетрон	303	1	23	10.0
582	Магній	1674	17	90	57.0
583	Магнітна еквівалентність	0	0	0	0.0
584	Магнітна лінза	10	0	2	0.0
585	Магнітне динамо	8	0	1	0.0
586	Магнітне екранування ядра	2	0	1	0.0
587	Магнітне квантове число	97	0	9	2.0
588	Магнітне перез'єднання	10	0	2	0.0
589	Магнітний домен	45	0	9	1.0
590	Магнітний момент	419	0	33	11.0
591	Магнітний момент протона	5	0	2	0.0
592	Магнітний монополь	84	0	7	3.0
593	Магнітний перехід	0	0	0	0.0
594	Магнітний потік	2195	5	143	73.0
595	Магнітний резонанс	120	0	9	4.0
596	Магнітогідродинаміка	30	0	9	1.0
597	Магніторушійна сила	77	0	20	2.0
598	Магнон	17	0	2	1.0
599	Майорон	6	0	1	0.0
600	Майстер-рівняння	5	0	1	0.0
601	Маса електрона	1154	3	67	39.0
602	Масове число	1207	4	109	39.0
603	Матеріал	433	3	32	14.0
604	Матеріальна точка	776	3	66	24.0
605	Матриці Дірака	18	0	3	1.0
606	Матриця густини	14	0	3	0.5
607	Матриця жорсткості	31	0	7	1.0
608	Матриця розсіяння	13	0	2	1.0
609	Матрична механіка	25	0	3	1.0
610	Маятник	541	2	36	16.0
611	Межа Чандрасекара	67	0	7	2.0
612	Мезони	176	0	15	6.0
613	Мезоскопічна фізика	13	0	3	1.0
614	Металічний водень	31	0	5	1.0
615	Металічний зв'язок	550	0	42	15.0
616	Метастабільний стан	135	0	12	3.5
617	Метод Гартрі — Фока	19	0	4	1.0
618	Метод матриць переходу	7	0	2	0.0
619	Метод Чохральського	72	0	7	2.0
620	Метрика простору-часу	68	0	5	2.0
621	Метрика Фрідмана-Леметра-Робертсона-Вокера	36	0	4	1.0
622	Метрика Шварцшильда	57	0	4	1.0
623	Механізм Хіггса	42	0	3	2.0
624	Механічна рівновага	408	0	36	11.0
625	Міжатомна взаємодія	35	0	3	2.0
626	Міжнародний експериментальний термоядерний реактор	245	0	20	8.0
627	Мікроскопічний масштаб	19	0	4	1.0
628	Міліметрові хвилі	39	0	4	1.0
629	Мільйонна частка	492	1	37	16.0
630	Модель Габбарда	4	0	2	0.0
631	Модель Гарячого Всесвіту	49	0	9	1.0
632	Модель желе	8	0	4	0.0
633	Модель Ізінга	33	0	4	1.0
634	Модифікована ньютонівська динаміка	7	0	1	1.0
635	Модулі пружності	167	0	13	5.5
636	Модулометр	2	0	2	0.0
637	Модуль зсуву	161	0	15	5.0
638	Модуль Юнга	2443	15	164	80.0
639	Модуляція (фізика)	605	2	45	17.0
640	Модуляція добротності	7	0	2	0.0
641	Молекула	1862	15	95	73.0
642	Молекулярна динаміка	47	0	9	1.0
643	Молекулярна орбіталь	45	0	6	1.0
644	Молекулярна рефракція	23	0	9	1.0
645	Молекулярні кристали	43	0	6	1.0
646	Молекулярно-променева епітаксія	35	0	7	1.0
647	Момент сили	1715	4	112	65.0
648	Монохроматична плоска хвиля	439	0	34	15.0
649	Монохроматор	93	0	10	3.0
650	Монохромія	186	1	15	6.0
651	Мультиплетність	32	0	6	1.0
652	Мультипольний момент	6	0	2	0.0
653	Мюон	156	1	17	4.0
654	Мюоній	7	0	2	0.0
655	Наближення ефективного середовища	7	0	2	0.0
656	Наближення сильного зв'язку	14	0	3	0.0
657	Нагніт лазера	5	0	2	0.0
658	Надвипромінювання Діке	4	0	2	0.0
659	Надґратка	16	0	4	0.0
660	Надкритична рідина	12	0	2	1.0
661	Надплинність	81	0	7	2.0
662	Надпорогова іонізація	3	0	1	0.0
663	Надтверді матеріали	14	0	3	1.0
664	Нанодротини	9	0	2	0.0
665	Наноелектромеханічні системи	17	0	3	0.0
666	Наноіоніка	3	0	1	0.0
667	Нанооболонка	5	0	1	0.0
668	Наноскопічний масштаб	8	0	2	0.0
669	Нанотехнології	1367	19	81	41.0
670	Наночастинка	142	1	11	4.0
671	Напівметал (спінтроніка)	4	0	1	0.0
672	Напівпровідник	2954	22	184	89.0
673	Напівпровідник p-типу	461	1	47	13.0
674	Напівтінь	95	0	12	3.0
675	Напруженість магнітного поля	909	2	51	34.0
676	Напруження	758	2	57	24.0
677	Народження пар	40	0	6	1.0
678	Насичена пара	2632	4	186	77.0
679	Нат (одиниця вимірювання)	22	0	3	1.0
680	Наукова містифікація	26	0	4	1.0
681	Небо	310	3	21	9.0
682	Нейтраліно	18	0	6	0.0
683	Нейтральна частинка	62	0	7	2.0
684	Нейтрино	621	7	44	17.0
685	Нейтрон	2089	10	130	68.0
686	Нейтронно-адсорбційний аналіз	1	0	1	0.0
687	Нелінійна система	152	1	14	4.0
688	Нематик	44	0	10	1.0
689	Ненасичена пара	1001	0	88	35.0
690	Непрямий екситон	0	0	0	0.0
691	Нерозв'язані проблеми фізики	146	0	14	4.0
692	Нормальний порядок	2	0	1	0.0
693	Нормальні коливання	53	0	5	2.0
694	Нормальні умови	618	4	54	20.0
695	Носії заряду	1356	4	91	46.0
696	Нотація бра-кет	40	0	4	1.0
697	Нуклеація	24	0	6	1.0
698	Нуклеосинтез	96	1	9	2.5
699	Нуклід	340	2	24	10.0
700	Нуклон	826	1	66	27.0
701	Нульовий звук	1	0	1	0.0
702	Нульовий стан квантової системи	12	0	3	1.0
703	Нульові коливання	48	0	5	2.0
704	Об'єднана теорія поля	38	0	5	1.0
705	Об'єднаний інститут ядерних досліджень	23	0	3	0.5
706	Обернений простір	18	0	7	1.0
707	Обернений сантиметр	25	0	3	1.0
708	Обертання	319	0	27	9.0
709	Обійдені ядра	3	0	1	0.0
710	Область збіднення	36	0	10	1.0
711	Обмінна взаємодія	22	0	4	1.0
712	Оболонкова модель ядра	99	0	17	3.0
713	Обчислювальна гідродинаміка для зміни фази матеріалів	2	0	1	0.0
714	Обчислювальна механіка	2	0	1	0.0
715	Обчислювальна фізика	38	0	6	1.0
716	Одноатомний газ	101	0	9	3.0
717	Одноелектронне наближення	19	0	4	1.0
718	Оже-рекомбінація	3	0	1	0.0
719	Оже-спектроскопія	28	0	7	1.0
720	Омега-баріон	7	0	2	0.0
721	Омега-мезон	2	0	1	0.0
722	Омічний контакт	29	0	5	1.0
723	Ондулятор	11	0	2	0.0
724	Оперативний запас реактивності	47	0	5	1.5
725	Оператор еволюції	16	0	2	1.0
726	Оператор числа частинок	6	0	2	0.0
727	Оператори народження та знищення	18	0	5	1.0
728	Операція молекулярної машини	2	0	2	0.0
729	Опорний сигнал	221	0	182	1.0
730	Опромінення	708	6	47	22.0
731	Оптика тонких плівок	16	0	4	1.0
732	Оптична активність	197	0	17	6.0
733	Оптична вісь	115	0	16	3.0
734	Оптична вісь кристалу	27	0	6	1.0
735	Оптична густина	664	3	58	18.0
736	Оптична сила	870	0	65	30.0
737	Оптична теорема	5	0	2	0.0
738	Оптичне випромінювання	203	0	16	7.0
739	Оптичний параметричний осцилятор	6	0	2	0.0
740	Оптичний стіл	9	0	2	1.0
741	Оптичний телескоп	72	0	8	2.0
742	Оптичний фонон	63	0	45	1.0
743	Оптично активні речовини	217	0	27	6.0
744	Оптоволокно	1091	9	86	29.0
745	Орбітальне квантове число	90	0	9	2.0
746	Орбітон	14	0	5	1.0
747	Органічний світлодіод	198	2	18	6.0
748	Органічні напівпровідники	35	0	4	1.5
749	Освітленість	1310	9	91	45.0
750	Основна фізична величина	249	1	17	8.0
751	Осцилятор Лоренца	4	0	1	0.0
752	Осциляції нейтрино	23	0	7	1.0
753	Осциляції Рабі	4	0	1	0.0
754	Осциляції Шубнікова — де Гааза	15	0	7	0.5
755	П'єзоелектрики	130	0	30	3.0
756	П'єзоефект	271	2	20	8.0
757	Пара	458	5	28	14.0
758	Парадокс близнят	90	0	9	3.0
759	Парадокс Еренфеста	19	0	4	1.0
760	Парадокс субмарини	31	0	3	1.0
761	Парамагнетики	477	2	44	11.0
762	Пасивна радіолокація	77	0	9	2.0
763	Пентакварк	31	0	7	1.0
764	Перетворення Гільберта	16	0	2	1.0
765	Перехресна ентропія	37	0	8	1.0
766	Період напіврозпаду	3155	20	204	114.0
767	Питомий імпульс	67	0	10	1.5
768	Питомий коефіцієнт поглинання електромагнітної енергії	56	0	7	2.0
769	Піони	222	2	19	6.0
770	Плазмон	34	0	5	1.0
771	Плутоній-239	281	1	53	7.0
772	Повне внутрішнє відбиття	935	2	59	27.0
773	Позитрон	463	4	30	13.0
774	Позитроній	15	0	3	0.0
775	Поляритон	20	0	2	1.0
776	Полярон	15	0	3	0.0
777	Померон	8	0	2	0.0
778	Попов Олександр Степанович	406	1	23	14.0
779	Посудина Дьюара	178	1	16	4.0
780	Поширення радіохвиль	342	0	27	10.0
781	Припустиме затухання	1	0	1	0.0
782	Проект Y	19	0	3	1.0
783	Протон	2619	15	164	87.0
784	Радар	466	4	30	15.0
785	Радар із синтезованою апертурою	32	0	5	1.0
786	Радіаційна аварія	665	5	57	17.0
787	Радіоелектронна протидія	47	0	6	2.0
788	Радіозв'язок	496	3	29	16.0
789	Радіолокаційні перешкоди	27	0	5	1.0
790	Радіофотонна РЛС	13	0	2	1.0
791	Реактивний рух	6240	7	471	161.0
792	Рейкотрон	81	0	7	2.0
793	Рівняння Греда — Шафранова	4	0	2	0.0
794	Рідкі кристали	3221	20	207	110.0
795	Ро-мезон	12	0	7	0.0
796	Розходження Кульбака — Лейблера	27	0	6	1.0
797	Ротон	15	0	3	0.0
798	Рутеній	189	3	14	6.0
799	Світлодіод	993	13	59	31.0
800	Сигма-баріон	19	0	12	0.0
801	Сигма-дельта-модуляція	51	0	5	2.0
802	Сила Лоренца	2592	5	174	90.0
803	Спектральна ефективність	37	0	5	1.0
804	Спектрофотометр	195	0	42	5.0
805	Список позначень у фізиці	7249	21	399	249.0
806	Спільна ентропія	10	0	3	0.0
807	Сплутані квантові стани	207	1	13	7.0
808	Стандартний стан	233	1	21	6.0
809	Статистичний шум	6	0	2	0.0
810	Стерильне нейтрино	12	0	3	0.0
811	Супергетеродинний радіоприймач	122	0	13	3.0
812	Суперсиметрія	100	0	7	3.0
813	Супутниковий зв'язок	407	2	44	13.0
814	Сферміон	6	0	1	0.0
815	Тау-лептон	35	0	5	1.0
816	Тахіони	252	1	20	8.0
817	Телур	301	1	37	8.0
818	Теорія де Бройля — Бома	49	0	10	1.0
819	Теплобачення	215	0	15	7.0
820	Термоядерна енергія	1268	4	409	24.0
821	Тета-мезон	2	0	1	0.0
822	Тетракварк	13	0	2	1.0
823	Томаш Станецький	28	0	23	0.0
824	Торій	297	1	19	8.0
825	Траєкторія	762	3	59	23.0
826	Тритій	443	5	27	13.0
827	Тріон	19	0	3	1.0
828	Уран-235	1217	8	97	32.0
829	Фазова модуляція	211	0	23	7.0
830	Фазована антенна решітка	103	0	9	2.0
831	Ферміон	230	1	17	8.0
832	Фі-мезон	7	0	2	0.0
833	Фізика	3877	34	244	128.0
834	Фізика низьких температур (журнал)	51	0	43	0.0
835	Фонон	80	0	6	2.0
836	Формула Койде	8	0	2	0.5
837	Фотон	3489	24	237	115.0
838	Фундаментальна частинка	85	1	16	2.0
839	Функція розподілу (статистична фізика)	5	0	2	0.0
840	Хронологія квантових обчислень	17	0	2	1.0
841	Циклотронна маса	7	0	1	0.0
842	Частотна модуляція	565	1	46	17.0
843	Черенковське випромінювання	179	1	13	6.0
844	Число Авогадро	1545	6	103	54.0
845	Число Маха	632	12	34	18.0
846	Шипіння (ядерна зброя)	6	0	2	0.0
847	Шлях (фізика)	1904	6	129	65.0
848	Ядерна енергетика	2263	14	132	71.0
849	Ядерне випробування	180	1	12	6.0
850	Ядерний вибух	976	6	70	31.0
851	Ядро атома	4353	9	269	146.0
852	B-кварк	22	0	3	1.0
853	B-мезон	14	0	3	0.0
854	BeamForming	38	0	5	1.0
855	C-кварк	16	0	2	1.0
856	CERN	428	6	20	15.0
857	D-кварк	32	0	3	1.0
858	D-мезон	10	0	2	0.0
859	J/ψ-мезон	22	0	9	0.0
860	Ku-діапазон	57	0	6	2.0
861	S-кварк	36	0	7	1.0
862	T-кварк	35	0	9	1.0
863	T-мезон	9	0	2	0.0
864	U-кварк	45	0	5	1.5
865	W- і Z-бозони	36	0	5	1.0
866	Wendelstein 7-X	56	0	12	2.0
867	X та Y бозони	10	0	2	0.0
