1	5-фторурацил	99	0	10	3.0
2	Абакавір	18	0	3	1.0
3	Абакавір/Ламівудин	5	0	2	0.0
4	Абарестезія	1	0	1	0.0
5	Абатестезія	1	0	1	0.0
6	Абдоміналізація серця	6	0	2	0.0
7	Абдомінопластика	110	1	11	3.0
8	Абсанс	235	0	20	7.0
9	Абсцес	1906	38	91	58.0
10	Абсцес легень	905	9	65	27.0
11	Август Вагенманн	0	0	0	0.0
12	Авітамінози	1189	12	116	32.0
13	Австралійський кліщовий рикетсіоз	40	0	6	1.0
14	Автоімунні захворювання	1512	19	105	42.0
15	Агнозія	368	3	26	11.0
16	Агомелатин	61	0	7	1.5
17	Агорафобія	1140	17	135	28.0
18	Агранулоцитоз	492	4	30	15.0
19	Адалімумаб	131	0	13	3.0
20	Адам Крістіян Тебезій	2	0	1	0.0
21	Аддералл	1986	43	117	60.0
22	Аддісонова хвороба	1282	7	83	40.0
23	Аделькі Негрі	7	0	2	0.0
24	Аденовіруси	317	3	32	8.0
25	Аденовірусна інфекція	1123	10	68	35.0
26	Аденома гіпофіза	171	0	14	5.0
27	Аденома щитоподібної залози	236	1	18	6.0
28	Адинамія	66	0	6	2.0
29	Адонізид	72	0	7	2.0
30	Адреналектомія	24	0	4	1.0
31	Адреногенітальний синдром	464	2	46	14.0
32	Адренокортикальна аденома	28	0	3	1.0
33	Адренокортикальна карцинома	43	0	6	1.0
34	Адренокортикотропний гормон	582	3	37	18.0
35	Адсорбована коклюшно-дифтерійно-правцева вакцина	1544	17	84	51.0
36	Аерофагія	42	0	7	1.0
37	Азеластин	27	0	5	1.0
38	Азилсартан	43	0	6	1.0
39	Азитроміцин	645	8	40	19.0
40	Азлоцилін	4	0	1	0.0
41	Азооспермія	132	0	11	4.0
42	Азотемія	288	0	21	9.0
43	Азтреонам	23	0	3	1.0
44	Айван Магілл	8	0	2	1.0
45	Айзенберг Олександр Абрамович	2	0	1	0.0
46	Аймалін	34	0	5	1.0
47	Акінезія	33	0	4	1.0
48	Акне	2332	45	115	75.0
49	Акривастин	10	0	3	0.0
50	Акрихін	23	0	6	1.0
51	Акромегалія	1040	6	235	23.0
52	Актиномікоз	314	0	26	9.0
53	Актовегін	284	0	29	8.0
54	Акушерка	169	1	11	6.0
55	Алберт Аґуайо	1	0	1	0.0
56	Александер Флемінг	244	1	16	7.0
57	Алексія	55	0	9	1.0
58	Алемтузумаб	26	0	3	1.0
59	Алергічний дерматит	277	2	18	9.0
60	Алергія на латекс	58	0	7	2.0
61	Алессандра Джиліані	8	0	1	1.0
62	Алкоголізм	2828	58	149	84.0
63	Алоїз Альцгеймер	67	0	6	2.0
64	Алоїз Капуано	1	0	1	0.0
65	Алпразолам	660	8	33	21.0
66	Альбендазол	357	4	20	10.0
67	Альберто Асколі	3	0	1	0.0
68	Альберто Бартон	2	0	1	0.0
69	Альбумінурія	31	0	4	1.0
70	Альдостерон	1171	7	69	37.0
71	Альфа-адреноблокатори	509	3	52	14.0
72	Альфа-клітина	18	0	3	1.0
73	Альфа-фетопротеїн	528	3	38	17.0
74	Альфонс Якоб	5	0	2	0.0
75	Альфред Вельпо	10	0	3	0.0
76	Альфузозин	21	0	3	1.0
77	Амбазон	21	0	5	1.0
78	Амбліопія	664	5	40	21.0
79	Амброксол	253	2	19	7.0
80	Амебіаз	635	6	52	19.0
81	Аменорея	1109	10	229	27.0
82	Американська колегія хірургів	7	0	2	1.0
83	Амізон	65	0	6	2.0
84	Амікацин	202	1	15	6.0
85	Амілоїд	80	0	6	2.0
86	Амілоїдоз	948	4	102	30.0
87	Амімія	30	0	4	1.0
88	Аміноглікозиди	457	2	31	13.0
89	Амінотрансферази	199	0	14	6.0
90	Аміодарон	241	1	18	8.0
91	Амітриптилін	1052	17	68	31.0
92	Амлодипін	278	4	20	8.0
93	Амнезія	558	12	30	17.0
94	Амніоцентез	152	0	26	4.0
95	Амоксицилін	872	14	45	28.0
96	Амоксицилін/клавуланова кислота	205	2	10	6.0
97	Амосов Микола Михайлович	1265	18	63	38.0
98	Ампренавір	1	0	1	0.0
99	Ампутація	216	1	23	7.0
100	Амрінон	11	0	3	0.5
101	Амтолметин гуацил	10	0	2	0.0
102	Амузія	28	0	4	1.0
103	Амфетамін	3806	95	150	123.0
104	Амфотерицин В	85	0	8	2.0
105	Анагрелід	19	0	2	1.0
106	Анапластичний рак щитоподібної залози	60	0	9	2.0
107	Анасарка	227	1	19	7.0
108	Анастомоз	207	0	16	6.0
109	Анастрозол	46	0	4	1.0
110	Анатоксин	237	1	20	6.0
111	Анатомічний театр Київського університету Св. Володимира	25	0	4	1.0
112	Анатомо-терапевтично-хімічна класифікація	165	0	17	4.0
113	Анафілаксія	409	2	28	12.0
114	Анафілактичний шок	2243	26	130	70.0
115	Ангіологія	25	0	5	0.0
116	Ангіома	337	4	20	10.0
117	Ангіосаркома	43	0	4	1.5
118	Ангіосаркома щитоподібної залози	4	0	1	0.0
119	Ангіоспазм	109	1	9	3.0
120	Андрейчин Михайло Антонович	81	0	10	2.0
121	Андрогени	535	5	34	18.0
122	Андростендіон	96	0	12	3.0
123	Аневризма	1196	15	81	38.0
124	Аневризма аорти	531	6	35	18.0
125	Анемія	5927	74	307	177.0
126	Анестезія	652	6	39	21.0
127	Анеуплоїдія	483	1	37	18.0
128	Анідулафунгін	7	0	2	0.0
129	Анізакіди	22	0	4	1.0
130	Анізакідоз	109	0	16	3.0
131	Анізокорія	387	5	28	12.0
132	Анкілоз	245	1	18	7.0
133	Анкілозуючий спондилоартрит	1280	23	78	39.0
134	Анкілостомози	234	0	21	6.5
135	Анорексія (симптом)	1445	28	72	44.0
136	Антагоністи альдостерону	64	0	7	2.0
137	Антиаритмічні препарати	284	1	26	9.0
138	Антигіпертензивні препарати	1092	9	67	35.0
139	Антитіла	2044	20	149	62.0
140	Антифосфоліпідний синдром	270	1	23	8.0
141	Антон Вексельбаум	1	0	1	0.0
142	Антоні Крупський	1	0	1	0.0
143	Антраль	802	17	36	25.0
144	Антропоноз	586	2	43	20.0
145	Анурія	394	3	29	10.0
146	Аортальна недостатність	215	1	17	7.0
147	Апатія (медицина)	1426	23	82	46.0
148	Апендицит	2853	61	125	90.0
149	Апное	479	5	61	12.0
150	Апное уві сні	766	11	59	22.0
151	Аполіпопротеїн A1	25	0	3	1.0
152	Апраксія	344	1	26	10.0
153	Аптека	318	2	23	10.0
154	Арахноїдит	392	2	25	13.0
155	Арбідол	43	0	5	1.0
156	Арбовірусні хвороби	57	0	5	2.0
157	Аргентинська геморагічна гарячка	22	0	6	1.0
158	Арман Труссо	6	0	1	0.5
159	Артеріальна гіпертензія	4044	62	208	125.0
160	Артеріальна гіпотензія	1589	31	69	50.0
161	Артеріосклероз	67	0	7	2.0
162	Артерія м'яза-підіймача яєчка	7	0	2	0.0
163	Артерія сім'явивідної протоки	14	0	4	1.0
164	Артерія яєчка	40	0	4	1.0
165	Артралгія	287	3	19	9.0
166	Артремфіт	35	0	5	1.0
167	Артрит	2225	45	109	68.0
168	Артроз плечового суглоба	85	1	7	3.0
169	Артропластика	41	0	7	1.0
170	Артур Ернест Гведел	13	0	3	0.0
171	Асептика	519	3	36	16.0
172	Аскарида людська	1929	27	133	53.0
173	Аскаридоз	1162	18	71	34.0
174	Аспарагіназа	24	0	4	1.0
175	Аспергільоз	229	0	20	8.0
176	Астазія	44	0	6	1.5
177	Астемізол	13	0	3	0.0
178	Астенія	1565	24	78	51.0
179	Астма бронхіальна	3152	37	585	86.0
180	Асфіксія	1995	26	161	63.0
181	Асцит	641	8	36	19.0
182	Атазанавір	7	0	1	1.0
183	Атаксія	485	4	31	16.0
184	Атезолізумаб	44	0	8	1.5
185	Ателектаз легені	600	6	46	19.0
186	Атеросклероз	3368	58	186	98.0
187	Атетоз	145	0	18	3.0
188	Атипова пневмонія	149	1	12	5.0
189	Атлант (анатомія)	140	0	9	4.0
190	Атоваквон	28	0	6	1.0
191	Атонія	175	1	14	5.0
192	Аторвастатин	166	1	12	5.5
193	Атропін	907	7	60	27.0
194	Атрофія	539	7	38	15.0
195	Аура (симптом)	208	1	13	7.0
196	Аускультація	165	1	11	4.0
197	Аутопсія	329	2	19	11.0
198	Аутотрансплантація	74	0	7	2.0
199	Афект первинний	32	0	3	1.0
200	Афонія	65	0	6	2.0
201	Афти	106	1	6	4.0
202	Ахілів рефлекс	177	1	12	6.0
203	Ахондроплазія	404	2	112	6.0
204	Ацеклофенак	76	0	7	3.0
205	Аценокумарол	77	0	8	2.0
206	Ацетилсаліцилова кислота/гідроксид магнію	134	0	22	3.0
207	Ацетилцистеїн	284	1	20	8.0
208	Ацикловір	601	7	38	19.0
209	Бабезіоз	227	2	14	7.0
210	Базиліксимаб	5	0	2	0.0
211	Базофілопенія	11	0	4	0.5
212	Бактеріємія	145	0	15	4.0
213	Балантидіаз	204	1	19	7.0
214	Барабанна струна	168	1	18	6.0
215	Бардах Яків Юлійович	28	0	6	1.0
216	Барлова хвороба	39	0	6	1.0
217	Баротравма	153	0	26	4.0
218	Бартолініт	34	0	4	1.0
219	Бартолінові залози	261	1	16	9.0
220	Бартонельози	58	0	9	2.0
221	Баттологія	24	0	4	1.0
222	Бацилярний ангіоматоз	31	0	5	1.0
223	Бацилярний пурпурний гепатит	10	0	2	0.5
224	Бевацизумаб	72	0	6	2.0
225	Бедаквілін	111	0	18	3.0
226	Безифлоксацин	8	0	2	0.0
227	Безоар	126	0	23	2.0
228	Безредка Олександр Михайлович	23	0	2	1.0
229	Безсоння	587	5	31	19.0
230	Беклометазон	80	0	6	3.0
231	Беміпарин	11	0	2	1.0
232	Беназеприл	16	0	3	0.0
233	Бендамустин	29	0	4	1.0
234	Бенджамін Раш	16	0	7	0.0
235	Бенедикт Ваґнер	2	0	1	0.0
236	Бензатин бензилпеніцилін	128	0	16	3.0
237	Бензатин феноксиметилпеніцилін	1	0	1	0.0
238	Бензобарбітал	17	0	2	1.0
239	Бепридил	15	0	2	0.5
240	Бері-бері	607	3	89	15.0
241	Бернгард Нохт	56	0	15	2.5
242	Бета-2-адреностимулятори	226	0	16	7.0
243	Бета-блокатор	954	10	54	31.0
244	Бета-клітина	68	0	5	2.0
245	Бета-лактамази	95	0	7	3.0
246	Бетаксолол	23	0	4	1.0
247	Бешиха	4619	67	200	151.0
248	Бівалірудин	4	0	1	0.0
249	Бігуняк Володимир Васильович	16	0	2	1.0
250	Бікалутамід	23	0	5	1.0
251	Біла гарячка	1287	21	79	41.0
252	Біластин	156	1	12	5.0
253	Біль	932	9	82	26.0
254	Біль за грудиною	59	0	7	2.0
255	Біодоступність	303	1	28	9.0
256	Біохімічний аналіз крові	3530	36	180	133.0
257	Біпериден	2	2	2	2.0
258	Біполярний афективний розлад	3240	70	154	103.0
259	Біфоназол	51	0	5	2.0
260	Бічний аміотрофічний склероз	1625	25	131	47.0
261	Бленорея	169	1	14	5.0
262	Блеоміцин	35	0	4	1.0
263	Блефарит	310	3	23	9.0
264	Близькосхідний коронавірусний респіраторний синдром	35	0	4	1.0
265	Бліда куля	96	0	18	2.5
266	Блокатори кальцієвих каналів	585	3	49	19.0
267	Блокатори H2-гістамінових рецепторів	369	4	28	12.0
268	Блювання	443	6	31	13.0
269	Богданов Іван Лукіянович	2	0	1	0.0
270	Бокавірусна інфекція	12	0	3	1.0
271	Болівійська геморагічна гарячка	31	0	8	1.0
272	Бородавка	1380	30	64	45.0
273	Борозна (мозок)	184	0	19	5.5
274	Ботулізм	3521	48	267	102.0
275	Боцепревір	7	0	1	1.0
276	Брадикардія	1319	17	68	41.0
277	Брахідактилія	61	0	7	2.0
278	Браян Артур Селлік	19	0	6	0.0
279	Брентуксимаб ведотин	25	0	4	1.0
280	Бретилію тозилат	11	0	2	1.0
281	Бривудин	4	0	2	0.0
282	Брижа (кишечник)	91	0	15	4.0
283	Бринцидофовір	2	0	1	0.0
284	Бромгексин	248	1	31	6.0
285	Бронхіт	2659	31	136	90.0
286	Бронхоектатична хвороба	1201	8	73	43.0
287	Бронхоспазм	261	1	17	8.0
288	Бругіоз	74	0	8	2.0
289	Бруцельоз	1604	9	98	49.0
290	Бубновський Сергій Михайлович	235	2	15	8.0
291	Бубон (медицина)	134	0	9	4.5
292	Бубонна чума	614	8	40	18.0
293	Будесонід	143	2	16	5.0
294	Булімія	1981	38	113	59.0
295	Бупренорфін	228	3	15	7.0
296	Бупропіон	116	0	13	3.0
297	Бурсит	626	7	39	20.0
298	Бусерелін	5	0	2	0.0
299	Буспірон	212	2	11	7.0
300	Бусульфан	16	0	3	1.0
301	Бутоконазол	6	0	1	0.5
302	Буторфанол	106	0	7	3.0
303	Вавжинєц Прессен	2	0	1	0.0
304	Вагінальний кандидоз	2893	61	127	96.0
305	Вазоактивний інтестинальний пептид	38	0	5	1.5
306	Вазопресин	1865	7	237	49.0
307	Вакцина проти гепатиту А	60	0	8	1.0
308	Вакцина проти епідемічного паротиту	69	0	6	2.0
309	Вакцина проти кору	615	3	43	20.0
310	Вакцинація	624	6	37	18.0
311	Вакцини	1836	13	137	56.0
312	Вакцини проти холери	25	0	4	1.0
313	Валацикловір	144	0	12	4.0
314	Валганцикловір	20	0	2	1.0
315	Валсартан	100	0	12	2.0
316	Вальпроєва кислота	136	1	10	4.0
317	Варикоз	2179	29	105	70.0
318	Варфарин	292	1	23	9.0
319	Васкуліт	632	8	52	20.0
320	Ведолізумаб	17	0	4	0.5
321	Везикульозний рикетсіоз	92	0	8	2.0
322	Великий кам'янистий нерв	70	0	7	2.0
323	Великогомілкова кістка	253	2	15	9.0
324	Венеричні хвороби	1277	22	82	38.0
325	Венерологія	144	1	16	4.0
326	Венесуельський енцефаломієліт	21	0	3	1.0
327	Венлафаксин	78	0	8	3.0
328	Верапаміл	171	0	13	5.0
329	Вернакалант	31	0	4	1.0
330	Вертикальний механізм передачі інфекції	123	0	11	3.5
331	Верхнє слиновидільне ядро	38	0	6	1.5
332	Верхній гортанний нерв	26	0	5	1.0
333	Верхньощелепна артерія	210	0	15	7.0
334	Верхньощелепна вена	5	0	3	0.0
335	Верхня гортанна артерія	1	0	1	0.0
336	Верхня щитоподібна артерія	64	0	27	1.0
337	Верхня щитоподібна вена	7	0	2	0.0
338	Випадкова смерть та інвалідність: знехтуване захворювання сучасного суспільства	4	0	1	0.0
339	Виразка Бурулі	66	0	10	2.0
340	Висип	1515	34	72	48.0
341	Високоактивна антиретровірусна терапія	264	1	19	9.0
342	Високович Володимир Костянтинович	25	0	4	1.0
343	Висотна хвороба	316	3	23	10.0
344	Висхідна глоткова артерія	19	0	4	1.0
345	Висхідна шийна артерія	12	0	3	0.5
346	Відрижка	214	1	15	6.0
347	Відшарування сітківки	471	5	30	15.0
348	Військова медицина в Україні	103	0	7	3.0
349	Військові медичні заклади України	159	1	12	5.0
350	Військово-лікарські комісії України	460	3	32	15.0
351	Віктор Бабеш	12	0	3	0.0
352	Вілем Душан Лямбль	14	0	3	1.0
353	Вілізієве коло	315	1	29	9.0
354	Вільгельм Ґрізінґер	3	0	1	0.0
355	Вільям Горгас	13	0	4	0.0
356	Віментин	30	0	5	1.0
357	Вінбластин	68	0	9	2.0
358	Вінорельбін	19	0	5	1.0
359	ВІПома	16	0	2	1.0
360	Вірджинія Апгар	91	0	46	1.5
361	Вірус Епштейна — Барр	3397	58	145	114.0
362	Вірус Зіка	187	1	11	5.0
363	Вірус імунодефіциту людини	3001	43	181	86.0
364	Вірус Норуолк	82	0	7	2.0
365	Вірус папіломи людини	2804	46	132	94.0
366	Вірусемія	26	0	5	1.0
367	Віспа мавп	101	0	12	3.0
368	Вітамін B12	2705	49	147	80.0
369	Вітряна віспа	6662	83	305	228.0
370	Внутрішнє вухо	954	6	105	28.0
371	Внутрішньоартеріальна ін'єкція	30	0	5	1.0
372	Внутрішньовенна ін'єкція	1581	11	93	53.0
373	Внутрішньолікарняна інфекція	766	1	65	18.0
374	Внутрішньом'язова ін'єкція	1517	15	94	51.0
375	Внутрішньочерепна гіпертензія	636	7	37	19.0
376	Внутрішня грудна артерія	54	0	6	1.0
377	Внутрішня сонна артерія	203	1	24	5.0
378	Внутрішня яремна вена	298	1	23	10.0
379	Воєнно-медична доктрина України	64	0	5	2.0
380	Возіанова Жанна Іванівна	31	0	3	1.0
381	Войцех Жердинський	6	0	1	0.5
382	Волинська гарячка	75	0	7	2.0
383	Волянський Юрій Леонідович	11	0	3	1.0
384	Вориконазол	45	0	7	1.0
385	Вортіоксетин	43	0	6	1.0
386	Воші	1713	35	94	58.0
387	Всесвітній день боротьби з цукровим діабетом	25	0	4	1.0
388	Всеукраїнський центр професійної реабілітації інвалідів	155	0	15	4.0
389	Всеукраїнський центр радіохірургії	112	0	12	3.5
390	Вузлик	239	0	20	7.0
391	Вузликовий періартеріїт	238	1	15	8.0
392	Вухереріоз	73	0	8	2.0
393	Вушна раковина	137	1	17	4.0
394	Габапентин	300	2	21	10.0
395	Газова гангрена	1009	10	122	30.0
396	Галітоз	145	2	11	4.0
397	Галоперидол	705	8	36	23.0
398	Галофантрин	16	0	3	1.0
399	Галюцинація	292	3	17	9.0
400	Гамалія Микола Федорович	109	0	16	3.0
401	Гангрена	1578	25	93	51.0
402	Ганс Сельє	99	0	11	3.0
403	Ганс Цінссер	4	0	1	0.0
404	Ганс-Герхард Кройцфельд	3	0	1	0.0
405	Ганцикловір	57	0	7	2.0
406	Гаплогрупа R1a	396	5	26	14.0
407	Гарячка	2246	14	146	70.0
408	Гарячка денге	568	3	51	15.0
409	Гарячка Західного Нілу	185	1	13	5.0
410	Гарячка Ласса	167	1	16	5.0
411	Гарячка лісу Семлікі	6	0	3	1.0
412	Гарячка паппатачі	71	0	10	2.0
413	Гарячка Ріфт Валлі	35	0	3	1.0
414	Гарячка Росс Рівер	24	0	3	1.0
415	Гарячка Сіндбіс	10	0	2	1.0
416	Гарячки від укусу пацюків	34	0	4	2.0
417	Гастринома	29	0	4	1.0
418	Гастрит	2092	31	128	65.0
419	Гастроезофагеальна рефлюксна хвороба	1963	41	118	61.0
420	Гатіфлоксацин	83	0	7	2.0
421	Гвайфенезин	418	4	21	14.0
422	Гексопреналін	18	0	3	1.0
423	Гельмінти	1720	19	98	49.0
424	Гельмінтози	672	2	56	19.0
425	Гемартроз	89	0	6	3.0
426	Гематома	1209	18	64	39.0
427	Гематурія	364	2	27	11.0
428	Геміпарез	611	4	34	20.0
429	Геміфлоксацин	10	0	2	1.0
430	Гемолітична анемія	475	1	43	13.0
431	Гемоперикард	28	0	3	1.0
432	Геморагічна гарячка	265	1	19	9.0
433	Геморагічна гарячка з нирковим синдромом	240	0	18	8.5
434	Геморагічний васкуліт	1446	16	78	44.0
435	Геморагічний інсульт	1332	11	71	41.0
436	Геморой	4616	105	186	152.0
437	Гемофілія	1863	20	139	58.0
438	Гемофільна інфекція	1003	6	57	36.0
439	Гемохроматоз	151	2	10	5.0
440	Гемцитабін	49	0	10	1.5
441	Генетичні хвороби	899	5	64	24.0
442	Генрик Кадий	6	0	2	0.0
443	Генрик Мосінг	13	0	3	0.0
444	Генріх Квінке	9	0	2	1.0
445	Гентаміцин	416	6	24	13.0
446	Георг Гаффкі	2	0	1	0.0
447	Георг Фернан Ізідор Відаль	1	0	1	0.0
448	Гепатит А	1487	12	86	49.0
449	Гепатит B	2037	28	112	63.0
450	Гепатит C	2751	34	147	88.0
451	Гепатит D	389	1	26	13.0
452	Гепатит E	261	2	21	8.0
453	Гепатомегалія	421	6	24	14.0
454	Гепатоцит	228	1	24	6.0
455	Герасун Борис Абрамович	61	0	7	2.0
456	Герпес простий	1422	19	67	42.0
457	Герпесвіруси	287	3	17	9.0
458	Герпесвірусні інфекції	989	15	57	32.0
459	Гестаційний цукровий діабет	174	0	12	5.0
460	Гефітиніб	19	0	3	1.0
461	Гикавка	612	12	33	18.0
462	Гіаліноз	120	1	13	4.0
463	Гіалоїдна мембрана	7	0	2	0.0
464	Гібернома	73	1	5	2.0
465	Гігантоклітинний артеріїт	85	0	8	3.0
466	Гігієна	642	1	58	19.0
467	Гідазепам	1705	25	116	51.0
468	Гідрокодон	58	1	5	2.0
469	Гідроксизин	70	0	7	2.0
470	Гідроксикарбамід	15	0	4	0.0
471	Гідроксиметилхіноксиліндіоксид	18	0	3	1.0
472	Гідроксихлорохін	44	0	7	1.0
473	Гідронефроз	979	13	57	31.0
474	Гідроторакс	280	1	22	9.0
475	Гідрофобія (симптом)	36	0	6	1.0
476	Гідрохлоротіазид	339	4	30	8.0
477	Гідроцефалія	2547	43	136	79.0
478	Гійом Дюпюїтрен	5	0	2	0.0
479	Гіменолепідоз	441	5	33	11.0
480	Гінгівіт	672	9	40	21.0
481	Гінеколог-ендокринолог	138	1	13	4.0
482	Гіперальдостеронізм	132	0	13	4.0
483	Гіперглікемічна кома	1362	10	90	44.0
484	Гіперглікемія	950	11	51	33.0
485	Гіперемія	734	10	44	22.0
486	Гіперестезія	154	1	12	5.0
487	Гіперкаліємія	398	3	29	12.0
488	Гіперкапнія	237	1	21	6.0
489	Гіперліпідемія	271	2	22	7.0
490	Гіперпаратиреоз	227	2	20	7.0
491	Гіперпролактинемія	268	1	23	8.0
492	Гіпертензивний криз	637	8	35	19.0
493	Гіпертиреоїдизм	446	6	31	13.0
494	Гіпноз	483	5	34	13.0
495	Гіповолемічний шок	975	7	80	26.0
496	Гіповолемія	363	4	31	11.0
497	Гіпоглікемічна кома	1118	5	72	36.0
498	Гіпоглікемія	1045	9	68	30.0
499	Гіподинамія	668	4	66	16.0
500	Гіпокаліємія	217	1	13	7.0
501	Гіпоксемія	296	1	20	9.0
502	Гіпоманія	834	1	124	11.0
503	Гіпопаратиреоїдизм	133	1	10	4.0
504	Гіпопіон	57	0	8	2.0
505	Гіпотермія	465	4	36	14.0
506	Гіпотиреоїдизм	1880	24	102	61.0
507	Гіпотонус	50	0	6	2.0
508	Гіпотрофія	253	0	21	7.0
509	Гіппократ	589	9	35	19.0
510	Гірська хвороба	364	4	30	10.0
511	Гістеректомія	278	3	21	9.0
512	Гістопатологія	26	0	6	1.0
513	Гістоплазмоз	109	0	13	3.0
514	Глатирамеру ацетат	35	0	6	1.5
515	Глаукома	1216	14	72	38.0
516	Глибока язикова артерія	2	0	2	0.0
517	Глибоке пахвинне кільце	87	1	8	3.0
518	Глібенкламід	125	1	13	3.0
519	Глікемічний індекс	903	10	63	26.0
520	Гліклазид	81	0	9	2.5
521	Гліобластома	1137	13	117	30.0
522	Гліома	224	2	14	7.0
523	Гломерулонефрит	2289	15	201	57.0
524	Глузман Семен Фішельович	401	2	64	9.0
525	Глюкагон	772	4	71	25.0
526	Глюкагонома	26	0	7	1.0
527	Глюкозурія	279	0	21	8.0
528	Глюкокортикоїди	1090	5	65	35.0
529	Гній (медицина)	331	1	20	10.0
530	Гноячок	102	0	8	3.0
531	Говард Тейлор Рікеттс	5	0	2	0.0
532	Гозерелін	81	0	9	2.0
533	Голімумаб	23	0	4	1.0
534	Голка хірургічна	106	1	8	3.0
535	Головна вена	45	0	8	1.0
536	Головне ядро трійчастого нерва	8	0	2	1.0
537	Головний біль	757	13	44	25.0
538	Головний біль напруги	474	6	32	14.0
539	Головний мозок людини	3823	35	310	117.0
540	Голосові зв'язки	428	4	35	12.0
541	Голубовська Ольга Анатоліївна	143	0	9	5.0
542	Гомілка	585	5	34	19.0
543	Гомілковостопний суглоб	462	3	29	15.0
544	Гонорея	4446	92	255	145.0
545	Гончарук Євген Гнатович	21	0	3	0.0
546	Гормон росту 2	30	0	3	1.0
547	Городецький Марко Михайлович	20	0	4	1.0
548	Гортань	1024	6	91	30.0
549	Госпітальна пневмонія	81	0	8	2.0
550	Гостра респіраторна вірусна інфекція	1821	23	101	55.0
551	Гостра серцева недостатність	858	1	64	29.0
552	Гостра судинна недостатність	701	2	48	23.0
553	Гострий апендицит	1699	26	96	55.0
554	Гострий гастрит	595	3	50	14.0
555	Гострий лімфобластний лейкоз	815	9	54	26.0
556	Гострий мієлобластний лейкоз	563	4	90	16.0
557	Гострий панкреатит	1705	30	93	53.0
558	Гострий розсіяний енцефаломієліт	138	0	12	4.0
559	Гострий середній отит	1484	26	71	47.0
560	Гострий тонзиліт	4904	91	215	158.0
561	Гострі лейкози	507	1	33	16.0
562	Гранульоматозний амебний енцефаліт	50	0	16	3.0
563	Грепафлоксацин	3	0	1	0.0
564	Грижа	1468	26	79	47.0
565	Гризеофульвін	91	0	7	3.0
566	Грип	1561	12	102	50.0
567	Грицюк Олександр Йосипович	8	0	2	0.0
568	Громадське здоров'я	528	1	44	17.0
569	Громашевська Любов Леонтіївна	5	0	1	1.0
570	Громашевський Лев Васильович	31	0	5	1.0
571	Грудинно-ключично-соскоподібний м'яз	162	0	16	5.0
572	Грудинно-ключично-сосцеподібна артерія	3	0	3	0.0
573	Гуго Шоттмюллер	1	0	1	0.0
574	Гума (патологія)	124	1	11	3.5
575	Гураль Анатолій Леонтійович	9	0	2	1.0
576	Ґергард Гансен	6	0	2	0.0
577	Ґрелін	94	0	9	3.0
578	Дазатиніб	12	0	3	1.0
579	Дакарбазин	20	0	2	1.0
580	Даклізумаб	11	0	2	0.0
581	Далекозорість	746	10	46	24.0
582	Дальтепарин	4	0	1	0.0
583	Данієль Алкідес Карріон	3	0	1	0.0
584	Данієль Елмер Сальмон	5	0	2	0.0
585	Дапсон	41	0	4	1.0
586	Даптоміцин	34	0	5	1.0
587	Дарунавір	12	0	2	1.0
588	ДВЗ-синдром	899	5	58	27.0
589	Девід Брюс (мікробіолог)	5	0	2	0.0
590	Девід Веттер	42	0	8	1.0
591	Дегідратаційний шок	223	1	17	7.0
592	Дезлоратадин	231	5	20	8.0
593	Декаметоксин	423	5	30	13.0
594	Декваліній	68	0	6	1.0
595	Дексаметазон	1851	27	207	50.0
596	Дексібупрофен	86	1	7	2.0
597	Декскетопрофен	237	1	16	8.0
598	Декслансопразол	64	0	5	2.0
599	Декстрометорфан	90	0	10	2.0
600	Делавірдин	5	0	2	0.0
601	Делірій	1058	16	97	28.0
602	Дельта-клітина	21	0	2	1.0
603	Деменція	3133	52	243	92.0
604	Демієлінізуючі захворювання	470	6	30	14.0
605	Демодекоз	2585	43	122	83.0
606	Деносумаб	73	0	8	2.0
607	Деперсоналізація	496	5	30	16.0
608	Дерматологія	422	4	27	13.0
609	Дерматоміозит	449	3	32	14.0
610	Десвенлафаксин	47	0	8	1.0
611	Десмоїд	236	1	23	7.0
612	Десмопресин	48	0	4	1.0
613	Джгут	816	2	56	27.0
614	Джеймс К. Стайнер	4	0	1	0.0
615	Джироламо Фракасторо	25	0	4	1.0
616	Джованні Баттіста Грассі	6	0	3	0.0
617	Джозаміцин	81	1	6	3.0
618	Джозеф Лістер	53	0	7	1.5
619	Джон Сноу	94	0	10	2.0
620	Джонатан Гатчінсон	3	0	1	0.5
621	Дивертикуліт	310	3	19	11.0
622	Дигітоксин	155	0	13	5.0
623	Диданозин	8	0	1	0.0
624	Дизартрія	557	2	39	17.0
625	Дизентерія	1609	24	123	50.0
626	Дизопірамід	10	0	3	0.0
627	Дийодтирозин	5	0	1	0.0
628	Дилтіазем	37	0	4	1.0
629	Дименгідринат	97	1	8	3.0
630	Диметилтриптамін	524	8	33	16.0
631	Диметинден	222	2	24	6.0
632	Дипілідіоз	119	1	10	3.5
633	Дипіридамол	190	1	20	5.0
634	Диплопія	178	1	13	5.0
635	Дирофіляріоз	580	4	35	17.0
636	Дисекція шиї	70	0	14	2.0
637	Дислокація мозку	49	0	5	2.0
638	Дисморфофобія	413	4	27	12.0
639	Диспансеризація	703	4	45	22.0
640	Диспепсія	893	12	53	28.0
641	Дисфагія	418	6	24	12.0
642	Дисфорія	284	2	20	9.0
643	Дифілоботріоз	750	4	51	22.0
644	Дифтерія	3931	35	239	109.0
645	Дифузний панбронхіоліт	18	0	5	0.5
646	Дифузний токсичний зоб	1055	9	95	31.0
647	Дихальна недостатність	692	1	45	20.0
648	Дихання Біота	350	0	34	10.0
649	Дихання Куссмауля	484	0	51	14.0
650	Дихання Чейна — Стокса	463	2	38	13.0
651	Діабетична нефропатія	95	0	9	3.0
652	Діагностична тріада Стімсона	35	0	7	1.0
653	Діагностичний і статистичний посібник з психічних розладів	159	0	14	5.0
654	Діазепам	852	11	43	27.0
655	Діапедез	56	0	5	2.0
656	Діарея	1851	29	84	60.0
657	Діарея мандрівників	199	3	16	6.0
658	Діацереїн	38	0	6	1.0
659	Дієта	761	7	44	26.0
660	Дієти за Певзнером	225	1	21	7.0
661	Діурез	1240	11	77	40.0
662	Доброякісна гіперплазія передміхурової залози	1045	15	61	33.0
663	Доброякісна пухлина	1029	13	74	25.0
664	Доказова медицина	303	2	21	9.0
665	Доксазозин	147	0	11	5.0
666	Доксепін	69	0	9	2.5
667	Доксиламін	94	0	10	3.0
668	Доксициклін	680	7	49	19.0
669	Долонно-підошовний синдром	44	0	4	2.0
670	Долутегравір	115	0	26	2.0
671	Домінік-Жан Ларрей	49	0	11	3.0
672	Домперидон	187	1	15	5.0
673	Дональд Гендерсон	15	0	4	0.0
674	Допінг-тест	20	0	2	1.0
675	Доріпенем	10	0	3	0.0
676	Доступні ліки	86	0	10	2.0
677	Дофамін	1651	28	79	54.0
678	Дофетилід	24	0	3	1.0
679	Доцетаксел	178	1	94	3.0
680	Дракункульоз	206	1	22	6.0
681	Дронедарон	17	0	3	1.0
682	Дротаверин	833	16	40	27.0
683	Друга холерна пандемія	2	0	1	0.0
684	Дуга аорти	227	0	17	6.0
685	Дудченко Іван Степанович	3	0	1	0.0
686	Дулоксетин	92	1	8	3.0
687	Дутастерид	51	0	5	2.0
688	Дяченко Сергій Степанович	14	0	2	1.0
689	Ебастин	33	0	7	1.0
690	Ебола (вірус)	1827	25	129	48.0
691	Еверолімус	16	0	3	1.0
692	Едвард Дженнер	94	0	9	3.0
693	Езомепразол	86	0	8	2.0
694	Езофагіт	483	6	26	15.0
695	Ейфорія	1151	24	52	37.0
696	Екзема	2953	60	166	96.0
697	Екзофтальм	156	2	12	5.0
698	Еконазол	32	0	4	1.0
699	Ексеместан	12	0	3	1.0
700	Екстракорпоральна мембранна оксигенація	39	0	5	1.0
701	Екстрапірамідна система	471	5	28	15.0
702	Екстрастріарна кора	3	0	1	0.0
703	Екстрений медичний реагувальник	19	0	4	1.0
704	Екстрений медичний технік	72	0	6	2.0
705	Елвітегравір	0	0	0	0.0
706	Електрокардіографія	2401	17	152	74.0
707	Електротравма	1043	3	97	30.0
708	Еліс Кетрін Еванс	8	0	3	0.0
709	Емануель Махек	7	0	2	0.0
710	Емболія	968	7	67	29.0
711	Еметин	17	0	3	1.0
712	Еміль Адольф фон Берінг	58	0	15	1.0
713	Еміль Шарль Ашар	6	0	1	0.0
714	Емоційно нестабільний розлад особистості	505	6	30	15.0
715	Емтрицитабін	31	0	4	1.0
716	Еналаприл	188	1	18	5.0
717	Ендартеріїт	230	2	15	7.0
718	Ендемічний висипний тиф	206	0	21	6.0
719	Ендемічний поворотний тиф	89	0	9	3.0
720	Ендемія	286	0	34	8.0
721	Ендокардит	567	4	49	14.0
722	Ендокринна хірургія	30	0	4	1.0
723	Ендокринні залози	3061	9	402	78.0
724	Ендорфіни	1275	27	55	43.0
725	Еноксапарин	76	0	7	2.0
726	Еноксацин	6	0	2	0.0
727	Енріке да Роше Ліма	2	0	2	0.0
728	Ентекавір	24	0	4	1.0
729	Ентерит	705	7	55	21.0
730	Ентерична нервова система	81	0	11	3.0
731	Ентеробіоз	1085	12	54	32.0
732	Ентеровірусні інфекції	2274	50	100	72.0
733	Ентерогастральний гальмівний рефлекс	1	0	1	0.0
734	Ентероколіт	734	10	44	21.0
735	Ентеросорбент	205	1	15	7.0
736	Енурез	554	8	43	17.0
737	Енфувіртид	2	0	1	0.0
738	Енцефаліт	2096	37	118	64.0
739	Енцефаліт долини Муррея	12	0	3	1.0
740	Енцефаліт Росіо	12	0	4	1.0
741	Енцефаліт Сент-Луїс	10	0	4	0.0
742	Енцефалопатія	1995	34	106	65.0
743	Еозинофілія	2265	27	129	78.0
744	Епідеміологія	576	2	42	19.0
745	Епідемічний висипний тиф	1207	7	84	36.0
746	Епідемічний паротит	1675	20	91	53.0
747	Епідемічний поворотний тиф	124	0	18	4.0
748	Епідемія	653	2	54	14.0
749	Епікондиліт	367	3	24	12.0
750	Епірубіцин	24	0	5	1.0
751	Еплеренон	46	0	6	1.0
752	Епросартан	12	0	3	0.0
753	Ептифібатид	9	0	2	1.0
754	Ерадикація інфекційних хвороб	55	0	8	2.0
755	Ерготерапія	964	13	55	32.0
756	Ерготизм	117	1	14	4.0
757	Ердостеїн	49	0	8	2.0
758	Еризипелоїд	257	2	19	8.0
759	Еритроміцин	362	4	23	12.0
760	Еритропоетин	242	2	18	7.0
761	Ерліхіоз	61	0	6	2.0
762	Ерлотиніб	18	0	3	1.0
763	Ертапенем	13	0	1	1.0
764	Есенціале	454	5	28	15.0
765	Есмолол	21	0	7	0.0
766	Естрадіол	694	7	43	22.0
767	Естрамустин	9	0	2	1.0
768	Есциталопрам	268	3	23	8.0
769	Етамбутол	53	0	5	2.0
770	Етанерцепт	27	0	3	1.0
771	Етацизин	22	0	3	1.0
772	Етифоксин	11	0	2	1.0
773	Етіологія (медицина)	551	3	35	17.0
774	Етодолак	38	0	5	1.0
775	Етопозид	37	0	4	1.0
776	Еторикоксиб	155	1	15	5.0
777	Етравірин	6	0	2	0.0
778	Етторе Маркіафава	8	0	3	0.0
779	Еутиреоз	200	1	17	5.0
780	Ефавіренз	30	0	5	1.0
781	Ехінокандини	9	0	1	0.5
782	Ехінокок звичайний	396	3	31	12.0
783	Ехінококоз	856	11	46	29.0
784	Ехокардіографія	309	2	23	10.0
785	Ешерихіоз	870	5	46	29.0
786	Європейська рада ресусцитації	49	0	8	2.0
787	Єрсиніоз кишковий	629	5	45	17.0
788	Єрсинія	128	0	14	4.0
789	Жан-Луї Прево	1	0	1	0.0
790	Жданов Віктор Михайлович	13	0	3	1.0
791	Жовта гарячка	438	1	25	14.0
792	Жовтяниця (медицина)	2225	20	125	72.0
793	Жовчнокам'яна хвороба	1311	16	94	36.0
794	Жозеф-Фредерік-Бенуа Шарр'єр	1	0	1	0.0
795	Жувальний м'яз	104	1	7	3.0
796	Заболотний Данило Кирилович	361	2	38	8.0
797	Забуті тропічні хвороби	185	1	12	6.0
798	Загальна клубова артерія	139	1	17	4.5
799	Загальна сонна артерія	637	10	50	18.0
800	Задишка	325	3	30	8.0
801	Задній сегмент ока	2	0	1	0.0
802	Задня вушна артерія	17	0	3	1.0
803	Задня мозкова артерія	87	1	23	2.0
804	Закидання голови-виведення підборіддя	7	0	1	1.0
805	Законодавство в екстреній медицині	97	0	9	4.0
806	Залеплон	23	0	4	1.0
807	Зальцитабін	7	0	2	0.0
808	Занамівір	26	0	6	1.0
809	Заочеревинний простір	165	0	15	5.0
810	Запалення	1990	20	133	63.0
811	Запор	1035	19	43	34.0
812	Зарицький Анатолій Минович	3	0	2	0.0
813	Застуда	282	3	23	8.0
814	Затримка місячних	5207	110	207	172.0
815	Західний енцефаломієліт коней	9	0	2	1.0
816	Зв'язка (анатомія)	197	1	17	6.0
817	Звивина	218	0	19	6.0
818	Зворотний гортанний нерв	120	1	12	3.0
819	Здорове харчування	778	7	58	26.0
820	Злоякісна анемія	209	0	19	6.0
821	Зміна поведінки (громадське здоров'я)	15	0	3	1.0
822	Знаменський Володимир Олексійович	8	0	3	1.0
823	Зневоднення організму	207	0	15	6.0
824	Зоб (хвороба)	1472	12	81	47.0
825	Зовнішній сітчастий шар	17	0	2	1.0
826	Зовнішня капсула	7	0	2	0.5
827	Зовнішня клубова артерія	99	1	11	3.0
828	Зовнішня сонна артерія	298	2	25	10.0
829	Зовнішня яремна вена	105	0	8	3.0
830	Золпідем	81	0	6	3.0
831	Зонд Сенґстакена — Блекмора	46	0	23	1.0
832	Зооноз	595	4	46	18.0
833	Зопіклон	107	0	9	3.0
834	Зоровий нерв	770	5	47	22.0
835	Зофеноприл	25	0	5	1.0
836	Зсідання крові	2617	22	340	77.0
837	Зюков Анатолій Матвійович	10	0	2	0.0
838	Івабрадин	90	0	9	2.0
839	Іванов Вадим Миколайович	6	0	2	0.0
840	Івар Сандстрьом	0	0	0	0.0
841	Ідарубіцин	13	0	2	0.0
842	Ідіопатичний фіброзуючий альвеоліт	248	2	20	8.0
843	Ізоконазол	10	0	2	0.0
844	Ізоксуприн	15	0	3	1.0
845	Ізопреналін	158	0	18	5.0
846	Ізосорбіду динітрат	91	0	9	3.0
847	Ізоспороз	49	0	12	3.0
848	Іматиніб	54	0	6	2.0
849	Іміпенем	63	0	6	2.0
850	Іміпрамін	44	0	5	1.0
851	Імунітет (медицина)	2565	19	186	78.0
852	Імуногістохімія	314	2	19	8.0
853	Інвагінація кишечника	312	3	21	10.0
854	Інгібітори 5-альфа-редуктази	47	0	6	1.0
855	Інгібітори АПФ	823	5	66	24.0
856	Інгібітори бета-лактамаз	32	0	4	1.0
857	Інгібітори протеази	75	0	10	2.0
858	Інгібітори рецепторів ангіотензину-ІІ	423	4	28	14.0
859	Інгібітори тирозинкінази	35	0	4	1.0
860	Індакатерол	10	0	3	1.0
861	Індапамід	116	0	10	3.0
862	Індинавір	9	0	2	0.0
863	Інозин	129	0	9	4.0
864	Інозин пранобекс	172	1	10	6.0
865	Інститут ендокринології та обміну речовин імені В. П. Комісаренка НАМН України	125	0	12	3.5
866	Інститут медичної реабілітації дітей з ураженням центральної нервової системи імені Януша Корчака	51	0	10	1.0
867	Інститут очних хвороб і тканинної терапії імені В. П. Філатова НАМН України	243	1	14	8.0
868	Інститут тропічної медицини імені Бернгарда Нохта	40	0	7	2.5
869	Інструктор курсів невідкладної допомоги	6	0	1	1.0
870	Інсулін	2619	26	237	77.0
871	Інсулінова помпа	177	1	10	6.0
872	Інсулінома	43	0	4	1.0
873	Інсулінотерапія	108	0	9	3.0
874	Інтерстиційний нефрит	168	0	17	5.0
875	Інтраопераційне гістологічне експрес-дослідження	47	0	6	2.0
876	Інтубація	71	0	9	2.0
877	Інфекційна еритема	766	11	39	23.0
878	Інфекційний мононуклеоз	6105	116	305	207.0
879	Інфекційні захворювання	5903	46	359	173.0
880	Інфекція	1679	6	117	53.0
881	Інфекція, яку спричинює вірус Епштейна — Барр	1618	20	124	43.0
882	Інфекція, яку спричинює герпесвірус людини 6-го типу	159	1	11	5.0
883	Інфекція, яку спричинює герпесвірус людини 7-го типу	49	0	5	1.5
884	Інфекція, яку спричинює герпесвірус людини 8-го типу	93	0	6	3.0
885	Інфліксімаб	94	0	15	2.0
886	Іпохондрія	1246	20	60	43.0
887	Іпратропію бромід	116	0	12	3.0
888	Ірбесартан	33	0	5	1.0
889	Іринотекан	36	0	5	1.0
890	Ірит	76	0	8	2.0
891	Ісрадипін	6	0	1	0.0
892	Ітоприд	38	0	4	2.0
893	Ітраконазол	163	1	11	4.0
894	Іфосфамід	30	0	4	1.0
895	Ішемічна хвороба серця	3070	25	170	99.0
896	Ішемічний інсульт	1974	28	116	66.0
897	Ішурія	621	6	33	22.0
898	Йододефіцит	405	2	102	10.0
899	Кабазитаксел	9	0	1	0.5
900	Календар щеплень	511	5	38	15.0
901	Каліфорнійський енцефаліт	14	0	4	1.0
902	Кальцитонін	879	11	55	24.0
903	Кальцитріол	198	0	15	7.0
904	Кампілобактеріоз	261	1	18	9.0
905	Канакінумаб	18	0	4	1.0
906	Каналопатія	15	0	2	1.0
907	Канаміцин	61	0	5	2.0
908	Кандидоз	3210	65	161	107.0
909	Канцерогени	817	11	64	25.0
910	Капецитабін	65	0	6	2.0
911	Капреоміцин	21	0	3	1.0
912	Каптоприл	184	1	13	6.0
913	Карантин	375	1	28	9.0
914	Карбамазепін	614	7	41	18.0
915	Карбоплатин	80	1	8	2.0
916	Карбоцистеїн	87	0	8	2.0
917	Карбункул (хвороба)	1013	10	56	33.0
918	Карведилол	105	0	9	3.5
919	Кардіалгія	89	1	7	3.0
920	Кардіоміопатія	1232	16	77	35.0
921	Кардіохірургія	78	0	6	2.0
922	Карл Вундерліх	6	0	3	0.0
923	Карл Йозеф Еберт	2	0	1	0.0
924	Карл фон Лібермейстер	1	0	1	0.0
925	Карлос Хуан Фінлей	1	0	1	0.0
926	Карлус Шагас	9	0	3	0.0
927	Кармустин	9	0	2	0.0
928	Каролінська університетська лікарня	11	0	2	0.0
929	Каротидний синус	128	1	20	4.0
930	Карфентаніл	64	0	8	3.0
931	Карциноїд	102	1	9	3.0
932	Карциноїдний синдром	108	0	9	3.0
933	Карцинома	3448	74	167	115.0
934	Каспофунгін	37	0	4	1.0
935	Катаракта	1098	15	63	33.0
936	Катастрофічний антифосфоліпідний синдром	24	0	5	1.0
937	Кафедра патологічної фізіології Національного медичного університету імені О. О. Богомольця	11	0	3	1.0
938	Кашель	454	4	31	14.0
939	Кашлюк	171	0	28	2.0
940	Кветіапін	153	0	9	5.0
941	Квінаприл	7	0	1	0.0
942	Келвін Леунг	1	0	1	0.5
943	Кератит	596	4	40	18.0
944	Кертіс Лестер Мендельсон	6	0	3	0.0
945	Кесонна хвороба	551	8	45	15.0
946	Кетоацидоз	299	1	18	9.5
947	Кетоконазол	178	1	12	5.0
948	Кетопрофен	223	2	14	7.0
949	Кеторолак	197	1	16	6.0
950	Кетотифен	196	1	18	6.0
951	Київська міська психіатрична лікарня	438	4	28	13.0
952	Київське обласне психіатрично-наркологічне медоб'єднання	139	0	12	4.0
953	Київський міський клінічний госпіталь ветеранів війни	150	0	15	4.0
954	Кила Шморля	631	5	33	21.0
955	Кишенькова маска	13	0	2	1.0
956	Кишечник	1540	31	78	46.0
957	Кишкова непрохідність	1875	32	104	58.0
958	Кільця Кайзера — Флайшера	43	0	9	1.0
959	Кінезітерапія	667	10	39	21.0
960	Кір	8602	128	453	271.0
961	Кіркова речовина надниркової залози	244	0	20	7.0
962	Кіста	1880	26	99	66.0
963	Кіста зябрової дуги	25	0	3	1.0
964	Кісточка (анатомія)	234	4	11	8.0
965	Кітасато Сібасабуро	15	0	5	1.0
966	Кіфоз	520	4	35	18.0
967	Клавдій Гален	191	0	15	7.0
968	Клавуланова кислота	117	0	9	3.0
969	Кладрибін	21	0	3	1.0
970	Кларитроміцин	451	6	28	15.0
971	Класифікація кровотеч за Форестом	952	4	83	21.0
972	Кластер захворювання	27	0	10	1.0
973	Клемастин	81	0	8	2.0
974	Кленбутерол	165	2	12	5.0
975	Кліндаміцин	199	1	12	6.0
976	Клініка (медичний заклад)	209	1	21	6.0
977	Клінічна лікарня «Феофанія»	597	9	36	17.0
978	Клінічна настанова	63	0	8	2.0
979	Клінічний аналіз крові	2180	16	146	79.0
980	Клінічний аналіз сечі	1815	12	110	68.0
981	Кліщовий висипний тиф Північної Азії	128	0	15	5.0
982	Кліщовий енцефаліт	2475	28	154	76.0
983	Кліщовий пароксизмальний рикетсіоз	23	0	5	1.0
984	Клоксацилін	22	0	3	1.0
985	Кломіпрамін	49	0	7	1.0
986	Клоназепам	145	0	17	5.0
987	Клонорхоз	113	0	13	3.0
988	Клонус	84	0	13	2.0
989	Клотримазол	766	10	56	23.0
990	Клофазимін	76	0	9	3.0
991	Ключиця	410	5	30	12.0
992	Клятва Гіппократа	1443	28	119	43.0
993	Коагулограма	1540	14	79	52.0
994	Коагулопатія	152	1	12	4.0
995	Козько Володимир Миколайович	14	0	2	1.0
996	Коксиби	67	0	6	2.0
997	Колапс (медицина)	1526	11	91	46.0
998	Колінний суглоб	999	15	51	33.0
999	Колінчастий вузол	24	0	3	1.0
1000	Колістин	112	0	14	3.0
1001	Колоноскопія	1385	23	106	40.0
1002	Колорадська кліщова гарячка	40	0	5	1.0
1003	Колоректальний рак	875	15	46	27.0
1004	Кома (медицина)	1694	33	82	55.0
1005	Комісаренко Ігор Васильович	20	0	2	1.0
1006	Конваллятоксин	12	0	2	0.5
1007	Контагіозність	132	0	10	3.0
1008	Контактний механізм передачі інфекції	154	1	12	5.0
1009	Контрактура Дюпюїтрена	310	3	21	9.0
1010	Конча-Заспа (санаторій)	143	0	17	4.0
1011	Кора головного мозку	1437	12	98	43.0
1012	Корбініан Бродман	6	0	1	0.0
1013	Корглікон	433	2	27	14.0
1014	Коров'яча віспа	89	0	9	3.0
1015	Корона голівки члена	140	2	11	4.0
1016	Коронавірусна інфекція	65	0	10	2.0
1017	Коронарна недостатність	273	1	46	6.0
1018	Короста	4893	99	289	152.0
1019	Короткозорість	1505	19	90	46.0
1020	Кортизол	2113	35	106	68.0
1021	Кортизон	259	3	21	7.0
1022	Кортикальний гомункулус	70	0	7	2.0
1023	Корчак-Чепурківський Овксентій Васильович	31	0	4	1.0
1024	Косоокість	423	4	33	12.0
1025	Крайня капсула	5	0	1	0.0
1026	Крайня плоть	590	2	30	19.0
1027	Краніофарингіома	61	0	5	2.0
1028	Краснуха	2059	35	103	67.0
1029	Крелін Юлій Зусманович	4	0	2	0.0
1030	Крим-Конго геморагічна гарячка	233	0	18	7.0
1031	Криптококоз	137	0	12	4.0
1032	Криптоспоридіоз	57	0	17	3.0
1033	Крістоф Вільгельм Гуфелянд	15	0	4	0.0
1034	Кров'яний тиск	1206	21	68	36.0
1035	Кронтовський Олексій Антонінович	3	0	2	0.0
1036	Кропив'янка (хвороба)	5399	119	246	174.0
1037	Круп	856	9	50	28.0
1038	Ксантелазма	160	1	14	4.0
1039	Ксантома	242	3	15	7.0
1040	Ксипамід	19	0	5	1.0
1041	Ку-гарячка	222	0	20	6.5
1042	Кульшовий суглоб	835	9	63	26.0
1043	Курортологія	57	0	5	2.0
1044	Куру (хвороба)	279	2	27	7.0
1045	Куряча сліпота (хвороба)	535	3	65	13.0
1046	Лабеталол	65	0	6	2.0
1047	Лагофтальм	66	0	7	2.0
1048	Лазарет	78	0	6	3.0
1049	Лакосамід	27	0	9	1.0
1050	Лакунарний інсульт	219	2	13	7.0
1051	Ламівудин	30	0	3	1.0
1052	Ламотригін	78	0	7	2.0
1053	Ланатозид C	27	0	4	1.0
1054	Лансопразол	53	0	5	2.0
1055	Ланцюг виживання	43	0	6	2.0
1056	Лапатиніб	9	0	2	0.0
1057	Лаппаконітину гідробромід	10	0	2	0.5
1058	Ларингіт	2423	42	148	77.0
1059	Ларингоспазм	433	3	33	13.0
1060	Латамоксеф	7	0	2	0.0
1061	Лацидипін	8	0	2	0.0
1062	Левамізол	288	3	20	8.0
1063	Леветирацетам	72	0	9	2.0
1064	Леворин	42	0	7	1.0
1065	Левотироксин	264	1	18	8.0
1066	Левофлоксацин	472	5	35	14.0
1067	Левоцетиризин	309	1	21	9.0
1068	Легенева гіпертензія	593	5	45	17.0
1069	Легеневе серце	418	3	27	13.0
1070	Легіонельоз	527	8	28	15.0
1071	Лейкемічний провал	209	1	19	7.0
1072	Лейкоз	3628	57	219	115.0
1073	Лейкоцитарна формула	953	3	60	27.0
1074	Лейоміома	507	3	32	15.0
1075	Лейпрорелін	101	0	20	2.0
1076	Лейшманіози	575	0	36	18.0
1077	Лектини С-типу	5	0	2	0.0
1078	Ленограстим	11	0	3	1.0
1079	Лепрозорій	142	1	9	5.0
1080	Лептин	254	1	16	7.0
1081	Лептоспіроз	3431	48	204	99.0
1082	Лерканідипін	32	0	4	1.0
1083	Летаргічний енцефаліт	200	1	19	5.5
1084	Летрозол	90	0	10	2.0
1085	Лефлуномід	51	0	5	1.5
1086	Леш Федір Олександрович	2	0	1	0.0
1087	Лихоманка	25	0	4	1.0
1088	Лицева артерія	84	1	8	3.0
1089	Лицевий нерв	814	8	51	22.0
1090	Лікар	578	7	40	19.0
1091	Лікар-ендокринолог	1578	19	80	52.0
1092	Лікарня	329	3	46	9.0
1093	Лікарня відновного лікування Міністерства внутрішніх справ України	395	1	33	11.0
1094	Лікарська рослина	773	9	52	23.0
1095	Лікарський збірник	9	0	2	0.5
1096	Лікарські засоби	2044	22	126	62.0
1097	Ліктьовий суглоб	155	0	10	5.0
1098	Лімфангіт	186	0	13	6.0
1099	Лімфатичні філяріїдози	50	0	4	2.0
1100	Лімфогранулематоз	1245	16	70	39.0
1101	Лімфома	820	11	50	26.0
1102	Лімфома щитоподібної залози	28	0	3	1.0
1103	Лімфорея	39	0	8	1.0
1104	Лімфоцитарний хоріоменінгіт	36	0	4	1.0
1105	Лімфоцитоз	385	2	23	13.0
1106	Ліндеман Володимир Карлович	22	0	9	1.0
1107	Лінезолід	88	0	8	2.5
1108	Лінкозаміди	85	0	10	2.0
1109	Лінкоміцин	897	13	50	27.0
1110	Лістеріоз	599	2	60	17.0
1111	Літотрипсія	281	0	38	8.0
1112	Лоаоз	143	0	11	4.0
1113	Лобова частка (мозок)	546	4	50	17.0
1114	Лобово-скронева деменція	17	0	3	0.0
1115	Ловастатин	71	0	8	2.0
1116	Ломефлоксацин	19	0	4	1.0
1117	Лопатка	212	1	18	6.0
1118	Лоперамід	448	3	35	11.0
1119	Лопінавір	5	0	1	0.0
1120	Лопінавір/Ритонавір	22	0	6	1.0
1121	Лоразепам	188	1	10	6.0
1122	Лорноксикам	80	0	7	3.0
1123	Луї Пастер	352	2	21	10.0
1124	Люмбальна пункція	904	14	53	29.0
1125	Лямбліоз	1040	16	77	28.0
1126	М'язова атрофія	525	5	31	15.0
1127	М'який шанкр	249	1	15	8.0
1128	Магнітно-резонансна томографія	2120	31	129	62.0
1129	Макроглобулінемія Вальденстрема	97	1	10	4.0
1130	Макроліди	627	6	40	21.0
1131	Мала гомілкова кістка	131	0	11	4.0
1132	Малеїн	7	0	2	0.0
1133	Малярія	3706	45	232	119.0
1134	Мапротилін	16	0	5	0.5
1135	Маравірок	5	0	1	0.0
1136	Марі Буавен	28	0	22	3.0
1137	Марсельська гарячка	132	0	14	4.0
1138	Масаж	1364	18	92	40.0
1139	Мастит	1319	20	58	46.0
1140	Мастоїдит	367	1	22	12.0
1141	Мастопатія	1341	23	71	42.0
1142	Меатотомія	22	0	3	1.0
1143	Мебеверин	87	1	6	3.0
1144	Мебендазол	146	1	12	4.0
1145	Мебікар	387	5	28	11.0
1146	Мегестрол	34	0	3	1.0
1147	Медазепам	15	0	4	1.0
1148	Медаль Менсона	5	0	2	0.0
1149	Медицина	1293	19	86	42.0
1150	Медицина подорожей та хвороб мандрівників	29	0	3	1.0
1151	Медична акустика	264	1	20	7.0
1152	Медична діагностика	665	5	45	23.0
1153	Медичне сортування	1416	12	97	44.0
1154	Медичне страхування	636	4	44	22.0
1155	Медичний факультет Київського імператорського університету Святого Володимира	72	0	7	2.0
1156	Медроксипрогестерон	72	0	15	1.0
1157	Медулярний рак щитоподібної залози	280	0	26	9.0
1158	Мексилетин	24	0	4	1.0
1159	Меланома	2775	52	130	91.0
1160	Мелатонін	1675	34	84	54.0
1161	Меліоїдоз	63	0	6	2.0
1162	Мелфалан	24	0	3	1.0
1163	Мельдоній	603	9	29	20.0
1164	Менінгеальний синдром	149	0	11	4.0
1165	Менінгеальні симптоми	434	2	34	13.0
1166	Менінгізм	110	0	14	3.0
1167	Менінгіт	2864	47	143	87.0
1168	Менінгокок	326	3	30	9.0
1169	Менінгококова інфекція	2042	14	127	63.0
1170	Меніск (анатомія)	1387	21	70	44.0
1171	Менопауза	1377	28	77	44.0
1172	Меркаптопурин	50	0	5	1.5
1173	Меропенем	67	0	7	2.0
1174	Месна	34	0	4	1.0
1175	Метаболізм лікарських засобів	290	1	20	7.0
1176	Метаквалон	159	1	13	4.0
1177	Метапневмовірусна інфекція	14	0	5	0.5
1178	Метастаз	853	11	66	27.0
1179	Метациклін	20	0	4	1.0
1180	Метилпреднізолон	222	1	17	6.0
1181	Метилфенідат	276	1	18	9.0
1182	Метицилін	42	0	5	2.0
1183	Метод Сельдінгера	137	0	11	4.0
1184	Метоклопрамід	452	4	27	14.0
1185	Метоксифлуран	23	0	6	1.0
1186	Метопролол	126	1	14	3.0
1187	Метотрексат	578	6	39	17.0
1188	Метформін	753	10	50	21.0
1189	Мефедрон	5584	121	242	177.0
1190	Мефлохін	13	0	3	0.0
1191	Механізм передачі інфекції	764	1	62	22.0
1192	Механотерапія	320	1	38	8.0
1193	Мечников Ілля Ілліч	987	8	101	24.0
1194	Мигдалики	1163	21	61	34.0
1195	Миготіння передсердь	438	4	31	13.0
1196	Миготіння шлуночків	152	1	12	4.0
1197	Міансерин	58	1	9	2.0
1198	Мігрень	2348	49	112	77.0
1199	Мідазолам	93	0	9	2.0
1200	Мідекаміцин	26	0	6	1.0
1201	Мідріаз	369	5	27	11.0
1202	Мієліт	196	1	17	5.0
1203	Мієлодиспластичні синдроми	85	1	7	3.0
1204	Мієломна хвороба	1198	14	64	42.0
1205	Міжнародна класифікація функціонування, обмеження життєдіяльності та здоров’я (МКФ)	304	1	21	10.0
1206	Міжнародне агентство з дослідження раку	23	0	6	1.0
1207	Міжнародне нормалізоване відношення	937	8	55	30.0
1208	Міжнародний класифікатор хвороб	1348	13	100	44.0
1209	Міжнародні медико-санітарні правила 2005 року	84	0	7	3.0
1210	Міжхребцева кила	2330	47	102	74.0
1211	Міжхребцевий диск	258	4	17	7.0
1212	Мікафунгін	12	0	2	0.0
1213	Міконазол	115	0	11	4.0
1214	Мікоплазмоз урогенітальний	391	3	24	12.0
1215	Мікофенолова кислота	37	0	5	1.0
1216	Мікроцефалія	357	2	37	10.0
1217	Мікседема	898	1	196	18.0
1218	Мілнаципран	21	0	4	1.0
1219	Мінералокортикоїди	350	0	22	11.0
1220	Міноксидил	573	9	35	19.0
1221	Мінх Григорій Миколайович	19	0	3	1.0
1222	Мінцер Озар Петрович	56	0	6	2.0
1223	Міозит	904	14	42	30.0
1224	Міома матки	1833	25	93	64.0
1225	Міопатія	549	6	32	17.0
1226	Міофасціальний больовий синдром	223	1	14	7.0
1227	Міртазапін	216	1	12	7.0
1228	Мітоксантрон	30	0	6	1.0
1229	Мітоміцин	7	0	2	0.0
1230	МКХ-10: Клас I. Деякі інфекційні та паразитарні хвороби (A)	505	4	37	18.0
1231	МКХ-10: Клас I. Деякі інфекційні та паразитарні хвороби (B)	692	1	50	24.0
1232	МКХ-10: Клас V. Розлади психіки та поведінки	2294	35	132	77.0
1233	МКХ-10: Клас VI. Хвороби нервової системи	2193	18	121	81.0
1234	МКХ-10: Клас VII. Хвороби ока та його придаткового апарату	1147	4	76	41.0
1235	МКХ-10: Клас VIII. Хвороби вуха та соскоподібного відростка	350	0	26	10.0
1236	МКХ-10: Клас XVI. Окремі стани, що виникають в перинатальному періоді	427	3	24	13.0
1237	МКХ-10: Клас XVII. Вроджені вади розвитку, деформації та хромосомні аномалії	1022	4	70	36.0
1238	Множинна ендокринна неоплазія	40	0	4	1.0
1239	Множинна ендокринна неоплазія тип 1	32	0	4	1.0
1240	Множинна ендокринна неоплазія тип 2А	19	0	2	1.0
1241	Множинна ендокринна неоплазія тип 2Б	13	0	2	1.0
1242	Мобільний армійський хірургічний шпиталь	11	0	4	0.5
1243	Моексиприл	3	0	1	0.0
1244	Мозкова речовина надниркової залози	185	0	15	6.0
1245	Мозковий кровообіг	876	4	51	30.0
1246	Мозолисте тіло	344	3	24	9.0
1247	Моксифлоксацин	126	0	16	3.0
1248	Монобактами	35	0	4	1.0
1249	Монойодтирозин	6	0	2	0.0
1250	Моноклональні антитіла	447	4	36	12.0
1251	Монтелукаст	131	0	11	5.0
1252	Морацизин	10	0	3	1.0
1253	Морська хвороба	255	2	18	8.0
1254	Мосаприд	18	0	4	0.0
1255	Мочутковський Йосип Йосипович	8	0	2	0.0
1256	Моямоя	57	0	6	1.0
1257	Муковісцидоз	4214	89	212	132.0
1258	Мупіроцин	41	0	7	1.0
1259	Мутизм	150	2	13	4.0
1260	Набряк	680	11	38	23.0
1261	Набряк Квінке	2922	47	129	99.0
1262	Набряк легень	1357	21	79	38.0
1263	Набуметон	47	0	14	1.0
1264	Набутий імунітет	274	0	33	7.0
1265	Надгортанник	425	4	36	11.0
1266	Надіфлоксацин	3	0	1	0.0
1267	Надлопаткова артерія	10	0	2	0.0
1268	Надлопаткова вена	1	0	1	0.0
1269	Надниркова залоза	2853	13	226	82.0
1270	Надолол	4	0	2	0.0
1271	Надп'яткова кістка	104	0	10	3.0
1272	Надропарин	52	0	6	2.0
1273	Налбуфін	350	1	41	9.0
1274	Налідиксова кислота	25	0	5	1.0
1275	Налорфін	79	0	11	2.0
1276	Напроксен	282	0	15	9.0
1277	Наталізумаб	19	0	4	1.0
1278	Натаміцин	73	0	8	2.0
1279	Натан Едвін Брілл	1	0	1	0.0
1280	Натуральна віспа	2038	34	209	61.0
1281	Науково-практичний центр профілактичної та клінічної медицини Державного управління справами	110	0	9	3.0
1282	Нафтифін	74	0	7	2.5
1283	Національна асоціація екстрених медичних техніків	40	0	4	1.0
1284	Національний військово-медичний клінічний центр «Головний військовий клінічний госпіталь»	841	5	53	30.0
1285	Національний інститут раку (Україна)	267	2	21	10.0
1286	Національний музей медицини України	78	0	8	3.0
1287	Національний реєстр екстрених медичних техніків (США)	3	0	2	0.0
1288	Небіволол	134	0	14	3.0
1289	Невірапін	10	0	2	1.0
1290	Неврит	745	10	38	23.0
1291	Неврома	32	0	4	1.0
1292	Негоджкінська лімфома	726	8	53	21.0
1293	Негоспітальна пневмонія	397	2	26	12.0
1294	Нежить	585	3	38	19.0
1295	Нейробластома	198	1	27	5.0
1296	Нейродерміт	820	12	43	26.0
1297	Нейроендокринна пухлина	103	0	10	2.0
1298	Нейроінфекції	502	4	37	15.0
1299	Нейропатія	709	13	31	24.0
1300	Нейрофіброматоз	390	1	23	12.0
1301	Нейрофіброматоз І типу	234	2	19	7.0
1302	Нейрофіброматоз II типу	51	0	5	1.5
1303	Некробацильоз	37	0	5	2.0
1304	Некроз	1379	19	80	38.0
1305	Некротичний фасциїт	0	0	0	0.0
1306	Нелфінавір	3	0	2	0.0
1307	Немоноксацин	10	0	2	0.0
1308	Ненуклеозидні інгібітори зворотньої транскриптази	22	0	4	1.0
1309	Неоміцин	121	1	12	4.0
1310	Непарна щитоподібна артерія	81	0	10	2.0
1311	Нервова анорексія	621	10	40	20.0
1312	Нервова система	3743	34	254	118.0
1313	Нервовий вузол	157	1	12	5.0
1314	Нереверсивна маска	35	0	3	2.0
1315	Неспецифічний виразковий коліт	941	5	55	31.0
1316	Несправжній суглоб	89	0	11	3.0
1317	Нетилміцин	19	0	3	1.0
1318	Нефопам	29	0	4	1.0
1319	Нефротичний синдром	482	2	30	14.0
1320	Нецукровий діабет	642	3	36	20.0
1321	Нещадименко Марко Петрович	11	0	3	0.0
1322	Нижня щитоподібна артерія	30	0	5	1.0
1323	Нижня щитоподібна вена	6	0	3	0.0
1324	Низько-диференційований рак щитоподібної залози	61	0	13	1.0
1325	Нізатидин	3	0	1	0.0
1326	Нікардипін	11	0	2	0.5
1327	Ніклас Сальгрен	6	0	3	0.0
1328	Нікольський Петро Васильович	3	0	1	0.0
1329	Нікорандил	23	0	3	1.0
1330	Ніктурія	218	0	19	6.0
1331	Нілотиніб	14	0	2	1.0
1332	Нільс Алвалл	23	0	15	1.0
1333	Німесулід	498	3	27	15.0
1334	Німодипін	36	0	5	1.5
1335	Німоразол	16	0	2	1.0
1336	Німотузумаб	5	0	2	0.0
1337	Ністагм	561	8	40	18.0
1338	Нітразепам	124	0	11	3.0
1339	Нітрендипін	10	0	3	0.0
1340	Нітроксолін	435	5	22	14.0
1341	Нітрофурани	272	3	20	8.0
1342	Нітрофурантоїн	104	0	7	3.0
1343	Ніфедипін	267	3	20	8.0
1344	Ніфурател	46	0	5	2.0
1345	Ніфуроксазид	664	14	37	20.0
1346	Нобелівська премія з фізіології або медицини	159	0	13	4.0
1347	Новоутворення ендокринних залоз	66	0	14	1.0
1348	Нога людини	731	11	34	23.0
1349	Ножиці атравматичні	12	0	3	0.0
1350	Нозологія	323	3	21	8.0
1351	Нома	227	2	17	7.0
1352	Норфлоксацин	243	3	19	7.0
1353	Носова канюля	32	0	3	1.0
1354	Носова кровотеча	370	4	31	10.0
1355	Нудота	303	5	19	8.0
1356	Нуклеозидні інгібітори зворотньої транскриптази	25	0	3	1.0
1357	Нюховий горбок	21	0	4	1.0
1358	О'ньйонг'ньйонг	14	0	3	1.0
1359	Обідкова частка	72	0	8	2.0
1360	Обінутузумаб	5	0	2	0.0
1361	Обличчя великої панди (ознака)	3	0	1	0.5
1362	Образцов Василь Парменович	41	0	6	1.0
1363	Обрамлене застереження	14	0	2	1.0
1364	Огорожа (анатомія)	22	0	3	1.0
1365	Одеська обласна клінічна лікарня	40	0	4	1.0
1366	Ожиріння в Україні	31	0	3	1.0
1367	Окоруховий нерв	264	1	19	8.0
1368	Оксаліплатин	51	0	7	2.0
1369	Оксацилін	78	0	8	2.0
1370	Оксибутинін	31	0	4	1.0
1371	Оксиками	24	0	5	1.0
1372	Оксикодон	228	0	25	6.0
1373	Оксиконазол	11	0	2	0.5
1374	Окситоцин	1546	29	81	48.0
1375	Окскарбазепін	20	0	2	1.0
1376	Окспренолол	8	0	3	0.0
1377	Олеандоміцин	11	0	3	0.0
1378	Олігурія	386	2	30	10.0
1379	Олмесартан	29	0	3	1.0
1380	Олопатадин	54	0	4	2.0
1381	Омалізумаб	21	0	4	1.0
1382	Омепразол	649	7	76	18.0
1383	Омнопон	81	0	13	3.0
1384	Омоконазол	8	0	2	0.0
1385	Онейроїд	86	0	10	3.0
1386	Оніхофагія	26	0	2	1.0
1387	Онкологія	747	3	58	19.0
1388	Онкоцит	20	0	3	1.0
1389	Онхоцеркоз	174	0	11	6.0
1390	Операція Крайля	136	0	15	4.0
1391	Оперізуючий герпес	3319	63	144	108.0
1392	Опікова хвороба	422	1	35	11.0
1393	Опіковий шок	329	2	30	9.0
1394	Опісторхоз	1005	5	65	28.0
1395	Опортуністична інфекція	194	1	15	6.0
1396	Орієнтовний перелік основних лікарських засобів, розроблений ВООЗ	118	0	16	3.0
1397	Орнідазол	332	2	21	10.0
1398	Орнітоз	427	6	29	13.0
1399	Орхіт	322	2	38	10.0
1400	Орципреналін	27	0	4	1.0
1401	Остеопороз	1959	33	93	63.0
1402	Остеосинтез	128	0	16	4.0
1403	Острівцева кора	108	0	14	3.0
1404	Осьовий хребець	105	0	9	3.0
1405	Отопластика	93	0	9	2.5
1406	Отруєння	1240	13	89	30.0
1407	Отруєння грибами	184	0	13	5.0
1408	Отруєння етиловим спиртом	256	1	22	8.0
1409	Отто Обермейер	4	0	2	0.0
1410	Офатумумаб	5	0	1	0.0
1411	Офлоксацин	243	2	14	8.0
1412	Офтальмологія	743	5	46	25.0
1413	Офтальмоплегія	70	0	6	2.5
1414	Очеревина	428	2	30	14.0
1415	Очерки гнойной хирургии	14	0	2	1.0
1416	Очна артерія	47	0	4	2.0
1417	Очна ямка	168	1	13	5.0
1418	П'єр Фідель Бретонно	6	0	2	0.0
1419	П'єр-Шарль Александр Луї	6	0	3	0.0
1420	П'ята холерна пандемія	7	0	3	0.0
1421	П'яткова кістка	67	0	8	2.0
1422	Падалка Борис Якович	26	0	6	0.0
1423	Паклітаксел	179	1	23	4.0
1424	Панарицій	506	5	28	16.0
1425	Пандемія	439	3	31	14.0
1426	Пандемія грипу H1N1 (2009)	42	0	5	1.0
1427	Пандемія хвороби, яку спричинює вірус Зіка	17	0	3	1.0
1428	Панкреатична нейроендокринна пухлина	29	0	3	1.0
1429	Пантопразол	229	1	16	6.0
1430	Панцитопенія	169	1	15	5.0
1431	Папілома	1741	22	91	57.0
1432	Папілярний рак щитоподібної залози	416	3	50	11.0
1433	Парааміносаліцилова кислота	23	0	4	1.0
1434	Парагангліома	24	0	3	1.0
1435	Парагонімоз	169	1	15	5.0
1436	Парагрип	688	1	212	13.0
1437	Паразитарна інвазія	216	2	19	6.0
1438	Параліч	614	5	38	18.0
1439	Парамедик	521	7	29	15.0
1440	Паранеопластичний синдром	119	1	15	4.0
1441	Парапроктит	1401	27	77	43.0
1442	Паратгормон	1566	13	109	46.0
1443	Паратиреоїдектомія	21	0	4	1.0
1444	Паратифи	325	1	22	9.0
1445	Паратонзилярний абсцес	980	15	52	30.0
1446	Паращитоподібна залоза	615	2	54	18.0
1447	Парвовірус В19	445	4	31	14.0
1448	Парекоксиб	8	0	2	0.0
1449	Парентеральне введення	1156	11	67	35.0
1450	Пароксетин	258	3	19	8.0
1451	Пароксизм	224	2	15	8.0
1452	Пароксизмальна тахікардія	988	9	53	33.0
1453	Паромоміцин	10	0	2	0.0
1454	Паротит	273	1	17	9.0
1455	Патісіран	6	0	2	1.0
1456	Патогенез	482	2	44	14.0
1457	Патогенез бічного аміотрофічного склерозу	10	0	2	1.0
1458	Патогномонічний симптом	167	1	13	5.0
1459	Патологічна анатомія	369	3	24	12.0
1460	Патрік Менсон (паразитолог)	6	0	4	0.0
1461	Пауль Лангерганс	6	0	1	0.0
1462	Пахвинна зв'язка	104	0	11	3.0
1463	Пахвинний канал	542	2	32	16.0
1464	Пахвова артерія	127	0	15	3.5
1465	Пахвова вена	17	0	3	0.5
1466	Пахова гранульома	155	1	9	5.0
1467	Пегільований інтерферон альфа-2а	50	0	6	1.5
1468	Пегільований інтерферон альфа-2b	23	0	4	1.0
1469	Пегфілграстим	24	0	3	1.0
1470	Педикульоз	1283	25	58	40.0
1471	Пелещук Анатолій Петрович	19	0	5	1.0
1472	Пембролізумаб	430	0	182	6.0
1473	Пеметрексед	57	0	8	2.0
1474	Пенетрація (медицина)	274	1	24	8.0
1475	Пеніцилін	1302	25	66	45.0
1476	Пентазоцин	37	0	13	1.0
1477	Пентамідин	33	0	3	1.0
1478	Пентобарбітал	154	0	14	5.0
1479	Пентоксифілін	291	2	29	9.0
1480	Пенцикловір	11	0	2	1.0
1481	Пептична виразка	1045	13	62	33.0
1482	Передменструальний синдром	2266	43	101	73.0
1483	Передня мозкова артерія	81	0	7	2.0
1484	Передня яремна вена	46	0	5	1.0
1485	Передсердний натрійуретичний фактор	318	0	33	9.0
1486	Передчасна еякуляція	977	11	46	32.0
1487	Переливання крові	2433	19	136	85.0
1488	Перелік інфекційних хвороб людини	1294	12	95	35.0
1489	Перелік курсів екстреної медичної допомоги	16	0	3	1.0
1490	Перелік паразитарних хвороб людини	131	1	30	3.0
1491	Переломи кісток	1819	16	125	56.0
1492	Перикардит	524	8	28	15.0
1493	Перитоніт	2441	26	175	71.0
1494	Періодонтоз	435	3	26	14.0
1495	Перкусія	259	2	19	8.0
1496	Пероральний прийом лікарських засобів	1418	26	77	43.0
1497	Перстнещитоподібна артерія	1	0	1	0.0
1498	Пертузумаб	21	0	3	1.0
1499	Перша холерна пандемія	5	0	1	0.0
1500	Петер Крауснекер	1	0	1	0.0
1501	Петехія	325	5	19	11.0
1502	Пефлоксацин	15	0	3	1.0
1503	Печериста пазуха	108	0	10	3.0
1504	Печінка	3537	37	251	109.0
1505	Печінкова недостатність	817	5	70	23.0
1506	Печія	589	7	34	20.0
1507	Пирогов Микола Іванович	994	16	54	30.0
1508	Півкулі головного мозку	861	10	60	28.0
1509	Під'язикова артерія	16	0	4	1.0
1510	Підвисоцький Володимир Валеріанович	64	0	8	2.0
1511	Підвішуюча зв'язка щитоподібної залози	4	0	3	0.0
1512	Підключична артерія	288	0	20	9.0
1513	Підключична вена	78	0	7	2.0
1514	Підотимод	1	0	1	0.0
1515	Підпід'язикова артерія	1	0	1	0.0
1516	Підшкірна ін'єкція	1376	10	85	43.0
1517	Підшкірний мансонельоз	42	0	5	1.0
1518	Підшкірні філяріїдози	39	0	3	2.0
1519	Пієлонефрит	3640	40	223	115.0
1520	Пімозид	16	0	4	1.0
1521	Піндолол	5	0	1	0.0
1522	Пінеалобластома	0	0	0	0.0
1523	Пінеалома	10	0	2	1.0
1524	Пінта (хвороба)	48	0	6	2.0
1525	Піодермія	981	11	45	31.0
1526	Піпемідова кислота	18	0	2	1.0
1527	Піперазин	190	1	22	5.5
1528	Піперацилін	23	0	4	1.0
1529	Піразинамід	40	0	6	1.0
1530	Пірамідна система	401	1	32	13.0
1531	Пірантел	193	1	15	6.0
1532	Піріметамін	24	0	3	1.0
1533	Піріметамін/сульфадоксин	8	0	2	0.0
1534	Пірліндол	12	0	5	0.0
1535	Піроксикам	67	0	10	2.0
1536	Пітавастатин	6	0	3	0.0
1537	Пітуіцитома	7	0	2	0.0
1538	Плазмодій	661	2	80	18.0
1539	Платифілін	480	8	33	14.0
1540	Плеврит	1707	20	100	51.0
1541	Плевромутилін	6	0	2	0.0
1542	Плечеголовна вена	42	0	6	1.0
1543	Плечоголовний стовбур	41	0	5	2.0
1544	Пліометрика	71	0	9	2.0
1545	Плоска бородавка	101	1	9	2.0
1546	Плоскоклітинна карцинома щитоподібної залози	42	0	7	1.0
1547	Пляма (висип)	176	1	14	6.0
1548	Плямиста гарячка Скелястих Гір	74	0	13	2.0
1549	Пневмоконіоз	401	2	30	12.0
1550	Пневмоторакс	1760	24	114	52.0
1551	Пневмоцистна пневмонія	194	1	23	6.0
1552	Побічна дія (медицина)	3182	71	183	97.0
1553	Поверхнева скронева артерія	51	0	6	2.0
1554	Повільні інфекції	77	0	9	2.0
1555	Повітряно-крапельний механізм передачі інфекції	215	1	21	6.0
1556	Поворотний тиф	240	1	26	7.0
1557	Подагра	6388	147	246	205.0
1558	Позаконазол	11	0	2	1.0
1559	ПоКіФоРо ІнРиКоЗ	5	0	1	0.0
1560	Поле Бродмана 4	18	0	5	1.0
1561	Поле Бродмана 5	3	0	1	0.0
1562	Поле Бродмана 6	12	0	2	1.0
1563	Поле Бродмана 7	6	0	1	0.5
1564	Поле Бродмана 8	2	0	1	0.0
1565	Поле Бродмана 9	3	0	2	0.0
1566	Поле Бродмана 10	11	0	2	1.0
1567	Поле Бродмана 11	1	0	1	0.0
1568	Поле Бродмана 12	3	0	1	0.0
1569	Поле Бродмана 13	4	0	1	0.0
1570	Поле Бродмана 14	0	0	0	0.0
1571	Поле Бродмана 15	2	0	1	0.0
1572	Поле Бродмана 16	2	0	1	0.0
1573	Поле Бродмана 20	7	0	1	0.5
1574	Поле Бродмана 21	2	0	1	0.0
1575	Поле Бродмана 22	12	0	2	1.0
1576	Поле Бродмана 23	4	0	1	0.0
1577	Поле Бродмана 24	3	0	1	0.0
1578	Поле Бродмана 25	25	0	5	1.0
1579	Поле Бродмана 26	3	0	1	0.0
1580	Поле Бродмана 27	5	0	1	1.0
1581	Поле Бродмана 28	1	0	1	0.0
1582	Поле Бродмана 29	4	0	2	0.0
1583	Поле Бродмана 30	3	0	2	0.0
1584	Поле Бродмана 31	2	0	1	0.0
1585	Поле Бродмана 32	3	0	1	0.0
1586	Поле Бродмана 33	6	0	3	0.0
1587	Поле Бродмана 34	1	0	1	0.0
1588	Поле Бродмана 35	2	0	1	0.0
1589	Поле Бродмана 36	3	0	1	0.0
1590	Поле Бродмана 37	4	0	2	0.0
1591	Поле Бродмана 38	7	0	2	0.0
1592	Поле Бродмана 39	13	0	2	1.0
1593	Поле Бродмана 40	11	0	2	1.0
1594	Поле Бродмана 43	3	0	2	0.0
1595	Поле Бродмана 44	9	0	2	1.0
1596	Поле Бродмана 45	6	0	2	0.0
1597	Поле Бродмана 46	8	0	3	0.0
1598	Поле Бродмана 47	7	0	1	0.0
1599	Поле Бродмана 48	0	0	0	0.0
1600	Поле Бродмана 49	0	0	0	0.0
1601	Поле Бродмана 52	0	0	0	0.0
1602	Поліартрит	804	15	38	25.0
1603	Полідипсія	159	1	16	4.0
1604	Полієнові антибіотики	78	0	8	2.0
1605	Полікістоз нирок	440	4	26	14.0
1606	Поліклініка № 1 Державного управління справами	105	0	10	3.0
1607	Поліневрит	286	2	20	8.0
1608	Поліноз	632	9	33	20.0
1609	Поліомієліт	3357	47	272	94.0
1610	Політравма	564	5	34	16.0
1611	Поліфагія (симптом)	75	1	6	2.5
1612	Поля Бродмана	124	0	10	4.0
1613	Поля Бродмана 17, 18, 19. Зорова кора.	65	0	6	2.0
1614	Поля Бродмана 41 і 42	18	0	7	0.5
1615	Поперечна артерія шиї	27	0	4	1.5
1616	Постцентральна звивина	102	0	8	4.0
1617	Потилична артерія	24	0	3	1.0
1618	Потилична частка	874	3	462	13.0
1619	Потрійний-А синдром	31	0	4	1.0
1620	Поясна кора	51	0	8	2.0
1621	Правастатин	16	0	2	1.0
1622	Правець	6410	83	1571	171.0
1623	Правило Лібермейстера	13	0	2	1.0
1624	Правцева діагностична тріада	17	0	2	1.0
1625	Празиквантел	82	0	8	2.5
1626	Празозин	134	0	37	2.0
1627	Прамірацетам	26	0	5	1.0
1628	Прасугрель	44	0	5	1.0
1629	Прегабалін	683	12	41	20.0
1630	Преднізолон	1074	10	64	36.0
1631	Примак Федір Якович	10	0	3	0.0
1632	Пріонові хвороби	481	5	39	14.0
1633	Проба Шелестюка	96	0	10	3.0
1634	Прогестерон	2918	39	655	81.0
1635	Прогормон	19	0	4	0.0
1636	Прогресивний параліч	70	0	10	2.0
1637	Продромальний період	171	2	13	4.0
1638	Прозектор	24	0	3	1.0
1639	Проказа	2337	50	122	73.0
1640	Прокаїн	331	3	24	10.0
1641	Прокаїнамід	51	0	5	1.5
1642	Проктит	385	3	20	13.0
1643	Пролактин	1532	20	72	55.0
1644	Пролактинома	183	1	16	5.0
1645	Променева терапія	698	7	43	23.0
1646	Променева хвороба	9404	54	603	311.0
1647	Променево-зап'ястковий суглоб	237	0	18	7.0
1648	Прометазин	76	0	8	2.0
1649	Пропафенон	29	0	3	1.0
1650	Пропілтіоурацил	20	0	3	1.0
1651	Пропранолол	316	1	24	11.0
1652	Пророксан	17	0	2	1.0
1653	Простагландини	553	6	30	16.0
1654	Простатит	2845	62	127	87.0
1655	Протиглисні засоби	126	0	12	4.0
1656	Протіонамід	10	0	3	1.0
1657	Протрузія міжхребцевого диска	785	6	42	24.0
1658	Професійні хвороби	429	0	35	13.0
1659	Процедура Бенталла	23	0	3	1.0
1660	Псевдобульбарний синдром	442	1	29	14.0
1661	Псевдоефедрин	153	1	10	5.0
1662	Псевдотуберкульоз	373	2	38	10.0
1663	Психіатр	207	1	17	6.0
1664	Псоріаз	4385	104	194	137.0
1665	Пташиний грип	196	0	12	6.0
1666	Пульпозне ядро	29	0	4	1.0
1667	Пульс	3115	33	177	94.0
1668	Пульсометрія	64	0	7	2.0
1669	Пухир	295	4	19	9.0
1670	Пухлина головного мозку	1862	27	99	57.0
1671	Пухлинний маркер	405	2	32	11.0
1672	Рабдоміоліз	208	1	15	7.0
1673	Рабепразол	52	0	5	2.0
1674	Рак легені	2845	40	137	93.0
1675	Рак молочної залози	1676	27	87	56.0
1676	Рак паращитоподібної залози	60	0	6	2.0
1677	Рак підшлункової залози	598	9	35	17.0
1678	Рак шийки матки	969	19	51	31.0
1679	Рак щитоподібної залози	804	6	89	20.0
1680	Раково-ембріональний антиген	163	0	12	5.0
1681	Ралтегравір	11	0	2	1.0
1682	Рандомізоване контрольоване дослідження	160	0	11	5.0
1683	Ранолазин	66	0	5	2.0
1684	Рауль Бенсауд	3	0	1	0.0
1685	Реактивний артрит	793	12	44	25.0
1686	Реакція Асколі	148	0	20	4.0
1687	Реакція пасивної гемаглютинації	85	0	7	3.0
1688	Реанімація (медицина)	1399	16	85	43.0
1689	Ребаміпід	50	0	5	1.0
1690	Реберношийний стовбур	9	0	4	0.0
1691	Ревматизм	3785	52	191	119.0
1692	Ревматологія	474	3	32	15.0
1693	Рейкі	243	2	17	7.0
1694	Рене Лаенек	22	0	4	1.0
1695	Ренін	375	1	26	11.0
1696	Реовіруси	88	0	8	3.0
1697	Респіраторно-синцитіальна інфекція	189	2	14	5.0
1698	Рестриктивна кардіоміопатія	36	0	6	1.0
1699	Ретапамулін	6	0	2	0.0
1700	Реформа швидкої (екстреної) медичної допомоги в Україні з 2016 року	171	1	16	5.0
1701	Рецидив (медицина)	514	6	34	16.0
1702	Рибавірин	53	0	5	1.0
1703	Ривароксабан	168	1	10	6.0
1704	Ригідність потиличних м'язів	252	1	18	9.0
1705	Рикетсіози	281	0	29	8.0
1706	Римантадин	271	2	26	7.0
1707	Риновірусна інфекція	113	0	9	3.0
1708	Ритонавір	18	0	2	1.0
1709	Ритуксимаб	124	1	15	3.0
1710	Рифабутин	8	0	2	0.0
1711	Рифаксимін	57	0	5	2.0
1712	Рифаміцин	24	0	5	1.0
1713	Рифапентин	7	0	2	0.0
1714	Рідкісна хвороба	216	1	19	7.0
1715	Рілпівірин	7	0	2	0.0
1716	Роберт Кох	163	1	13	4.0
1717	Роботизована хірургія	40	0	6	1.0
1718	Рогівка	426	3	31	13.0
1719	Родимка	1056	17	59	35.0
1720	Розлад особистості	407	5	23	13.0
1721	Розширена підтримка життя	90	0	10	3.0
1722	Роксатидин	11	0	3	0.0
1723	Рокситроміцин	34	0	5	1.0
1724	Рольфінг	31	0	5	1.0
1725	Ротавірусна інфекція	2379	52	98	82.0
1726	Рофекоксиб	47	0	4	2.0
1727	Рубець (медицина)	417	10	25	13.0
1728	Ручківський Сергій Никифорович	1	0	1	0.0
1729	С-клітина	28	0	4	1.0
1730	Савченко Іван Григорович	10	0	2	1.0
1731	Саквінавір	8	0	2	0.0
1732	Сальбутамол	478	5	34	14.0
1733	Сальгренська Університетська Лікарня	6	0	2	0.0
1734	Сальметерол	44	0	4	1.0
1735	Сальмонельоз	4759	77	242	154.0
1736	Санація (медицина)	389	2	22	13.0
1737	Сап	255	1	21	7.0
1738	Сапроноз	147	0	13	4.0
1739	Саркоїдоз	935	14	49	31.0
1740	Саркома	1807	27	112	54.0
1741	Саркома Капоші	529	7	29	17.0
1742	Саркома Юінга	533	5	53	16.0
1743	Свен Івар Сельдінгер	5	0	1	0.0
1744	Світлобоязнь	63	0	6	2.0
1745	Севофлуран	121	1	10	4.0
1746	Сезонний афективний розлад	89	0	9	4.0
1747	Секнідазол	97	0	8	3.0
1748	Секретин	225	1	15	7.0
1749	Сепсис	3055	62	148	97.0
1750	Септичний шок	473	7	27	15.0
1751	Середньомозкове ядро трійчастого нерва	9	0	4	1.0
1752	Середня мозкова артерія	150	0	17	5.0
1753	Середня щитоподібна вена	2	0	1	0.0
1754	Серозні мансонельози	9	0	3	1.0
1755	Серозні філяріїдози	8	0	2	1.0
1756	Серотонін	2200	50	99	69.0
1757	Сертаконазол	46	0	4	2.0
1758	Сертралін	227	2	18	7.0
1759	Серце людини	4489	46	319	154.0
1760	Серцева недостатність	2509	35	156	73.0
1761	Серцево-судинні захворювання	1408	10	101	40.0
1762	Сехіфенадин	16	0	3	1.0
1763	Сечокам'яна хвороба	1291	16	105	42.0
1764	Сибірка	2337	15	156	66.0
1765	Силікоз	449	4	26	17.0
1766	Силодозин	28	0	4	1.0
1767	Симпатикотонія	69	0	6	3.0
1768	Симптом	504	5	43	16.0
1769	Симптом Аарона	5	0	1	0.0
1770	Симптом Абаді	0	0	0	0.0
1771	Симптом блідого носогубного трикутника	87	0	7	3.0
1772	Симптом випорожнень по типу «рисового відвару»	28	0	5	1.0
1773	Симптом Вінтерботтома	6	0	1	0.5
1774	Симптом Гієна	8	0	2	1.0
1775	Симптом Годельє	119	0	13	3.5
1776	Симптом двобічного збільшення потиличних лімфатичних вузлів	74	0	10	2.0
1777	Симптом Добровольської-Ніколадоні	2	0	1	0.0
1778	Симптом каптура	22	0	3	1.0
1779	Симптом каптура (психіатрія)	32	0	3	2.0
1780	Симптом Керніга	279	1	20	7.0
1781	Симптом Кіарі	64	0	10	2.0
1782	Симптом Копліка	559	9	27	18.0
1783	Симптом Курвуазьє	298	1	19	10.0
1784	Симптом Левіна	7	0	1	1.0
1785	Симптом Лессажа	23	0	4	1.0
1786	Симптом малинового желе	151	0	12	5.0
1787	Симптом малинового язика	164	1	13	4.0
1788	Симптом Мюссе	178	0	21	4.0
1789	Симптом Падалки	188	0	17	5.0
1790	Симптом Пастіа	115	0	12	3.5
1791	Симптом Піка	13	0	2	1.0
1792	Симптом Романьї	8	0	3	0.0
1793	Симптом рукавичок і шкарпеток	69	0	9	2.0
1794	Симптом Стімсона	23	0	3	1.0
1795	Симптом Стокса	36	0	4	1.0
1796	Симптом триніжка	46	0	7	1.0
1797	Симптом Фаже	12	0	2	1.0
1798	Симптом Феррарі	15	0	2	1.0
1799	Симптом Флатау	25	0	3	1.0
1800	Симптом Форчгеймера	28	0	4	1.0
1801	Симптом Щоткіна-Блюмберга	398	1	37	12.0
1802	Симптоми Брудзинського	217	1	18	6.0
1803	Симптоми Тауссіга	3	0	2	0.0
1804	Синдактилія	116	0	9	4.0
1805	Синдром	446	5	27	13.0
1806	Синдром Аазе — Сміта	31	0	4	1.0
1807	Синдром Аарскога	54	0	5	2.0
1808	Синдром Абдалла — Девіса — Фарража	23	0	4	1.0
1809	Синдром Авелліса	13	0	2	1.0
1810	Синдром Адамса—Олівера	55	0	6	2.0
1811	Синдром Аді	53	0	6	1.0
1812	Синдром Аді—Крітчлі	4	0	2	0.0
1813	Синдром Аєрзи	25	0	4	1.0
1814	Синдром Акерманів	8	0	2	1.0
1815	Синдром Алажілля	34	0	6	1.0
1816	Синдром Аллана—Герндона—Дадлі	18	0	3	1.0
1817	Синдром Аллена—Гайнса	40	0	7	1.0
1818	Синдром Аллена—Мастерса	59	0	6	2.0
1819	Синдром Алстрема	37	0	5	1.0
1820	Синдром Альвареса	21	0	3	1.0
1821	Синдром Альпорта	93	0	10	3.0
1822	Синдром Андерманна	65	0	24	2.0
1823	Синдром Андерсен	44	0	4	2.0
1824	Синдром Антлі—Бікслера	9	0	2	1.0
1825	Синдром Аперта	62	0	7	1.5
1826	Синдром Аракава I	9	0	2	0.5
1827	Синдром Аракава II	5	0	3	0.0
1828	Синдром Аспергера	2241	48	116	68.0
1829	Синдром Ачора—Сміта	1	0	1	0.0
1830	Синдром Ашара	18	0	4	1.0
1831	Синдром Ашара — Тьєра	18	0	3	1.0
1832	Синдром Ашера	43	1	6	1.0
1833	Синдром Ашермана	190	1	27	4.0
1834	Синдром Бадда — Кіарі	278	1	25	7.0
1835	Синдром Бехчета	177	1	20	4.0
1836	Синдром Бруннера	38	0	5	1.0
1837	Синдром Вегенера	372	1	29	11.0
1838	Синдром відміни	1105	16	69	34.0
1839	Синдром Вільямса	191	2	12	6.0
1840	Синдром Вольфа-Паркінсона-Вайта	836	7	47	29.0
1841	Синдром Герстмана — Штройслера — Шейнкера	29	0	3	1.0
1842	Синдром Гієна — Барре	994	13	63	32.0
1843	Синдром гіпоплазії лівих відділів серця	73	0	7	2.0
1844	Синдром Горнера	460	3	30	12.0
1845	Синдром Гудпасчера	73	0	7	2.0
1846	Синдром Дабіна — Джонсона	126	0	15	3.0
1847	Синдром де Тоні — Дебре — Фанконі	95	0	10	2.0
1848	Синдром Денді—Волкера	239	0	23	6.5
1849	Синдром Доріана Грея	72	0	17	2.0
1850	Синдром Дресслера	234	1	19	7.0
1851	Синдром Едвардса	706	7	53	23.0
1852	Синдром Ейкарді	53	0	24	1.0
1853	Синдром Елліса — ван Кревельда	27	0	5	1.0
1854	Синдром Жильбера	1455	17	90	47.0
1855	Синдром зап'ястного каналу	645	6	35	20.0
1856	Синдром Золлінгера — Еллісона	275	3	44	7.0
1857	Синдром Кавасакі	307	2	24	9.0
1858	Синдром Кейтеля	6	0	4	0.0
1859	Синдром китайського ресторану	30	0	3	1.0
1860	Синдром Корсакова	342	2	35	10.0
1861	Синдром космічної адаптації	14	0	2	1.0
1862	Синдром Котара	309	1	25	9.0
1863	Синдром котячого крику	548	0	36	16.0
1864	Синдром Криглера — Найяра	119	0	8	4.0
1865	Синдром Лаєлла	1064	10	208	27.0
1866	Синдром Лауна — Ґанонґа — Левайна	161	0	14	5.0
1867	Синдром Лея	31	0	4	1.0
1868	Синдром Маккюна—Олбрайта	259	3	39	7.0
1869	Синдром Марфана	1330	22	89	41.0
1870	Синдром Морганьї — Адамса — Стокса	337	2	26	13.0
1871	Синдром Морріса	512	1	51	13.0
1872	Синдром Неємія Ашерсона	13	0	2	1.0
1873	Синдром Неймеген	58	0	11	1.5
1874	Синдром Патау	817	8	47	27.0
1875	Синдром Пейтца — Єгерса	153	0	17	4.0
1876	Синдром передчасного збудження шлуночків	46	0	4	2.0
1877	Синдром подразненого кишечника	1104	22	51	33.0
1878	Синдром порушення активності та уваги	1921	18	333	35.0
1879	Синдром раптової дитячої смерті	189	2	17	6.0
1880	Синдром Ретта	569	3	140	11.0
1881	Синдром Рея	2950	8	590	28.0
1882	Синдром Ротора	68	0	7	2.5
1883	Синдром Сваєра	37	0	9	1.0
1884	Синдром системної запальної відповіді	118	1	14	3.5
1885	Синдром слабкості синусового вузла	233	1	19	7.0
1886	Синдром Стендаля	267	0	43	6.0
1887	Синдром Стівенса — Джонсона	928	12	61	27.0
1888	Синдром струшеної дитини	261	3	13	9.0
1889	Синдром Такаясу	152	0	14	4.0
1890	Синдром Тернера	1026	7	74	34.0
1891	Синдром тривалої гарячки невідомого походження	175	1	12	5.0
1892	Синдром Ундіни	69	0	15	2.0
1893	Синдром хронічної втоми	901	13	48	27.0
1894	Синдром Шегрена	447	4	29	14.0
1895	Синостоз	98	0	10	2.5
1896	Синхондроз	127	1	12	4.0
1897	Сироваткова хвороба	210	1	15	6.0
1898	Сиролімус	62	0	6	2.0
1899	Система винагород	67	0	7	2.0
1900	Система груп крові AB0	446	4	32	14.0
1901	Системна склеродермія	656	4	38	19.0
1902	Системний бартонельоз	33	0	4	1.0
1903	Системний червоний вовчак	2274	37	177	63.0
1904	Сифіліс	6599	115	379	194.0
1905	Сім'яний канатик	291	0	20	10.0
1906	Сім'яні залози	781	11	49	24.0
1907	Сіра речовина	771	4	84	20.0
1908	Сіріл Гарнем	3	0	2	0.0
1909	Сітківка	665	5	46	19.0
1910	Сказ	4232	71	244	124.0
1911	Скальпована рана	55	0	9	2.0
1912	Скарлатина	7516	113	606	228.0
1913	Сколіоз	1250	18	89	37.0
1914	Скронева кістка	409	3	30	13.0
1915	Скронева частка	372	4	31	11.0
1916	Скроневий м'яз	48	0	5	1.5
1917	Слоновість	253	3	21	8.0
1918	Смугасте тіло	148	0	11	5.0
1919	СНІД	4879	63	290	131.0
1920	Содоку	66	0	8	2.0
1921	Сокол Олександра Семенівна	15	0	4	1.0
1922	Соліфенацин	12	0	2	1.0
1923	Соматосенсорна система	37	0	4	1.0
1924	Соматостатин	262	0	23	8.0
1925	Соматостатинома	7	0	2	0.0
1926	Соматотропний гормон	934	12	92	26.0
1927	Сонна хвороба	679	4	76	21.0
1928	Сорафеніб	20	0	3	1.0
1929	Соталол	30	0	3	1.0
1930	Софосбувір	171	1	21	5.0
1931	Сочевицеподібне ядро	53	0	8	2.0
1932	Спадкові захворювання	1010	3	79	24.0
1933	Спалах інфекційної хвороби	48	0	8	1.0
1934	Спарганоз	14	0	2	1.0
1935	Спарфлоксацин	16	0	2	1.0
1936	Спектиноміцин	21	0	4	1.0
1937	Спинномозкова рідина	1061	7	58	36.0
1938	Спинномозкове ядро трійчастого нерва	15	0	3	1.0
1939	Список лауреатів Нобелівської премії з фізіології або медицини	341	0	74	10.0
1940	Список спадкових хвороб	417	1	39	10.0
1941	Спінальна анестезія	477	3	29	15.0
1942	Спіраміцин	66	0	5	2.0
1943	Спіраприл	2	0	1	0.0
1944	Спленомегалія	170	0	15	5.0
1945	Справжня поліцитемія	725	7	50	22.0
1946	Стабілізатор мастоцитів	21	0	3	1.0
1947	Ставудин	2	0	1	0.0
1948	Станіслав фон Провасек	4	0	1	0.0
1949	Статини	624	7	38	19.0
1950	Стафілокок	4606	66	234	153.0
1951	Стафілокок золотистий	1745	24	121	55.0
1952	Стафілококова інфекція	2717	43	143	85.0
1953	Стеноз	340	5	17	11.0
1954	Стеноз мітрального клапана	234	1	14	8.5
1955	Стефанський В'ячеслав Карлович	8	0	2	0.0
1956	Стравохід	1081	7	54	40.0
1957	Стрептобацильоз	27	0	5	1.0
1958	Стрептококовий фарингіт	957	19	46	31.0
1959	Стригучий лишай	331	2	23	11.0
1960	Стрічка Брозлоу для екстреної педіатричної допомоги	6	0	2	1.0
1961	Стронгілоїдоз	739	1	46	27.0
1962	Строфантин	260	2	22	8.0
1963	Стьожак	251	1	25	6.0
1964	Субарахноїдальний крововилив	829	9	49	28.0
1965	Субдуральна гематома	443	4	27	13.0
1966	Субталамічне ядро	32	0	4	1.0
1967	Суглоб	1563	18	87	50.0
1968	Сулодексид	84	0	9	2.0
1969	Сульбактам	84	0	7	2.0
1970	Сульпірид	254	2	21	8.0
1971	Сульфадиметоксин	83	0	7	3.0
1972	Сульфадимідин	4	0	2	0.0
1973	Сульфадіазин	32	0	5	1.0
1974	Сульфадоксин	26	0	5	1.0
1975	Сульфаметоксазол	55	0	5	2.0
1976	Сульфаметоксазол/триметоприм	306	5	18	9.0
1977	Сульфаметрол	4	0	2	0.0
1978	Сульфаніламід	256	1	22	8.0
1979	Сульфацетамід	66	0	7	2.0
1980	Сунітиніб	29	0	3	1.0
1981	Суперечка щодо насичених жирів	9	0	2	1.0
1982	СХ614	4	0	1	0.0
1983	Східний енцефаломієліт коней	22	0	3	1.0
1984	Сьома холерна пандемія	38	0	5	1.0
1985	Т-клітинна терапія лейкозу	15	0	9	0.0
1986	Таблетки, що розпадаються в ротовій порожнині	46	0	7	1.0
1987	Таксани	25	0	4	1.0
1988	Таласемія	581	1	35	21.0
1989	Талінолол	19	0	5	0.0
1990	Тамоксифен	255	1	19	8.0
1991	Тамсулозин	93	0	8	3.0
1992	Тегасерод	19	0	4	1.0
1993	Тегафур	8	0	2	1.0
1994	Тедизолід	20	0	3	1.0
1995	Теїксобактин	7	0	2	0.0
1996	Тейкопланін	21	0	4	1.0
1997	Телапревір	8	0	4	0.0
1998	Телбівудин	5	0	2	0.0
1999	Телемедицина	301	1	38	7.0
2000	Телітроміцин	10	0	3	0.0
2001	Телмісартан	51	0	7	1.0
2002	Темозоломід	24	0	3	1.0
2003	Теніази	92	0	10	3.0
2004	Теніаринхоз	535	2	42	17.0
2005	Теніоз	539	1	32	18.0
2006	Теноксикам	24	0	4	1.0
2007	Тенонітрозол	10	0	2	0.0
2008	Тенофовір	109	0	10	3.0
2009	Тенофовір/Емтрицитабін	41	0	5	2.0
2010	Теобальд Сміт	3	0	1	0.0
2011	Тепловий удар	5990	38	439	169.0
2012	Теразозин	17	0	3	1.0
2013	Тератома	540	6	46	16.0
2014	Тербінафін	140	1	9	5.0
2015	Тербуталін	17	0	2	1.0
2016	Теризидон	13	0	2	1.0
2017	Термінальний нерв	17	0	2	1.0
2018	Терфенадин	40	0	4	1.0
2019	Тестостерон	1880	38	124	59.0
2020	Тетраплегія	145	0	14	5.0
2021	Тизанідин	75	1	22	2.0
2022	Тикагрелор	96	0	11	3.0
2023	Тикарцилін	17	0	3	0.0
2024	Тиклопідин	23	0	2	1.0
2025	Тимолол	39	0	6	1.0
2026	Тинзапарин	16	0	6	1.0
2027	Тинідазол	92	1	7	3.0
2028	Типранавір	4	0	1	0.0
2029	Тиреоглобулін	438	5	26	13.0
2030	Тиреоїдектомія	249	1	17	7.0
2031	Тиреоїдит Хашимото	1297	20	60	43.0
2032	Тиреопероксидаза	219	1	15	7.0
2033	Тиреотропний гормон	2159	29	109	71.0
2034	Тироксин	990	8	94	30.0
2035	Тиротрицин	724	2	286	10.0
2036	Тиф	617	10	32	18.0
2037	Тіамазол	57	0	5	2.0
2038	Тіамфенікол	17	0	2	1.0
2039	Тіанептин	34	0	3	1.0
2040	Тігециклін	28	0	3	1.0
2041	Тім'яна частка	399	3	43	10.0
2042	Тіогуанін	6	0	1	0.0
2043	Тіопентал натрію	219	2	15	6.5
2044	Тіотриазолін	527	3	32	17.0
2045	Тіотропію бромід	50	0	5	2.0
2046	Тітов Михайло Борисович	7	0	1	1.0
2047	Тобраміцин	90	0	7	2.0
2048	Токсичний багатовузловий зоб	182	1	14	6.0
2049	Токсокароз	1071	12	61	34.0
2050	Токсоплазмоз	2585	36	156	83.0
2051	Толперизон	25	0	8	4.0
2052	Толтеродин	21	0	2	1.0
2053	Томас Сиденгам	8	0	2	0.0
2054	Тонкоголкова аспіраційна пункційна біопсія	130	1	18	3.5
2055	Топотекан	16	0	3	1.0
2056	Тореміфен	12	0	2	1.0
2057	Тоцилізумаб	49	0	8	1.0
2058	Трандолаприл	5	0	1	0.0
2059	Трансмісивний механізм передачі інфекції	601	0	51	18.5
2060	Трансплантат	41	0	9	1.0
2061	Трансплантація	1371	6	112	40.0
2062	Трансплантація печінки	141	0	11	4.0
2063	Трансплантологія	145	0	45	3.0
2064	Трапецієподібний м'яз	240	1	16	8.0
2065	Трастузумаб	98	0	15	3.0
2066	Трахеїт	651	9	46	20.0
2067	Трахома	165	0	15	6.0
2068	Трематодози	51	0	5	2.0
2069	Третиноїн	56	0	5	2.0
2070	Третій шлуночок	190	0	29	5.0
2071	Третя пандемія чуми	58	0	8	2.0
2072	Третя холерна пандемія	5	0	2	0.0
2073	Триамцинолон	80	0	9	2.5
2074	Тригексифенідил	26	6	12	8.0
2075	Трийодтиронін	294	2	18	8.0
2076	Трикутник Пирогова	71	0	9	1.0
2077	Тримебутин	65	0	6	2.0
2078	Тримеперидин	136	1	11	4.5
2079	Триметазидин	134	1	9	4.0
2080	Триметоприм	100	0	7	3.0
2081	Трипаносомози	124	0	14	3.0
2082	Трипторелін	74	0	9	2.0
2083	Трифлузал	21	0	4	1.0
2084	Трихінельоз	836	1	52	29.0
2085	Трихомоноз	2932	45	152	92.0
2086	Трихоцефальоз	583	1	50	17.0
2087	Трициклічні антидепресанти	312	1	22	10.0
2088	Тріада Гатчінсона	94	0	10	3.0
2089	Трійчастий вузол	33	0	3	1.0
2090	Трійчастий нерв	1548	20	81	51.0
2091	Тровафлоксацин	10	0	4	1.0
2092	Тромбоемболія легеневої артерії	1937	29	116	56.0
2093	Тромбоз	787	8	55	24.0
2094	Тромбоз глибоких вен	624	5	42	20.0
2095	Тромбофлебіт	1080	13	63	35.0
2096	Тромбоцитопенія	910	13	56	28.0
2097	Тропічна медицина	15	0	4	0.0
2098	Тропічні хвороби	57	0	4	2.0
2099	Троподифен	6	0	2	0.0
2100	Тропонін	527	3	36	15.0
2101	Туберкульоз	6967	112	404	200.0
2102	Туберозний склероз	121	0	10	3.0
2103	Туляремія	1543	2	126	46.0
2104	Тулярин	23	0	4	1.0
2105	Тяжкий гострий респіраторний синдром	144	1	12	4.0
2106	Увеїт	405	4	27	12.0
2107	Ударний об'єм	78	0	9	2.5
2108	Українська військово-медична академія	326	3	17	11.0
2109	Українська спілка психотерапевтів	46	0	4	2.0
2110	Український лепрозорій	85	0	8	2.5
2111	Ундециленова кислота	19	0	3	1.0
2112	Урапідил	46	1	6	1.0
2113	Уремія	596	3	52	19.0
2114	Уропепсин	5	0	1	0.0
2115	Устекінумаб	23	0	5	1.0
2116	Фавіпіравір	7	0	1	0.5
2117	Фамотидин	101	1	8	3.0
2118	Фамцикловір	38	0	4	1.5
2119	Фарбування гематоксиліном-еозином	81	0	8	3.0
2120	Фарбування за ван Гізоном	21	0	2	1.0
2121	Фарбування за Цілем — Нільсеном	200	0	20	6.0
2122	Фарингіт	3147	58	156	96.0
2123	Фармацевтика	119	1	9	4.0
2124	Фармація	314	3	21	9.0
2125	Фасціольоз	608	1	44	19.0
2126	Фасція (анатомія)	373	4	52	10.0
2127	Фатальне сімейне безсоння	161	0	17	5.0
2128	Фекально-оральний механізм	383	2	34	11.0
2129	Фексофенадин	108	0	7	3.0
2130	Фелодипін	36	0	3	1.0
2131	Фенетилін	83	0	16	2.0
2132	Фенілбутазон	40	0	4	1.0
2133	Феніндіон	8	0	3	0.0
2134	Фенітоїн	97	0	10	3.0
2135	Феноксиметилпеніцилін	27	0	5	1.0
2136	Фенотерол	84	0	8	2.0
2137	Фенспірид	67	0	7	2.0
2138	Фентиконазол	26	0	4	1.0
2139	Фентоламін	104	1	12	3.0
2140	Феохромоцитома	365	3	29	12.0
2141	Фердинанд Штехер	5	0	2	0.0
2142	Фіброгастродуоденоскопія	166	1	17	4.0
2143	Фіброзне кільце	60	0	8	1.0
2144	Філатов Володимир Петрович	248	2	23	8.0
2145	Філграстим	69	0	7	2.5
2146	Філіппо Пачіні	2	0	1	0.0
2147	Філяріїдози	264	0	23	8.0
2148	Фінастерид	149	1	14	4.0
2149	Фінголімод	12	0	2	0.0
2150	Флегмона	934	15	55	28.0
2151	Флекаїнід	68	0	7	2.0
2152	Флувастатин	15	0	2	0.5
2153	Флувоксамін	28	0	5	1.0
2154	Флударабін	12	0	4	0.0
2155	Флуконазол	555	9	31	17.0
2156	Флуоксетин	730	12	36	23.0
2157	Флупіртин	27	0	16	1.0
2158	Флурбіпрофен	32	0	6	1.0
2159	Флутамід	67	0	7	2.0
2160	Флуцитозин	34	0	8	1.0
2161	Флюоресцентна гібридизація in situ	53	0	10	1.0
2162	Фозиноприл	12	0	3	0.0
2163	Фолікулярна клітина	67	1	8	2.0
2164	Фолікулярний рак щитоподібної залози	100	1	10	3.0
2165	Фондапаринукс	27	0	3	1.0
2166	Формотерол	29	0	3	1.0
2167	Фосампренавір	2	0	1	0.0
2168	Фоскарнет	43	0	6	1.0
2169	Фосфазид	1	0	1	0.0
2170	Фосфоміцин	287	2	17	10.0
2171	Фотемустин	6	0	1	0.0
2172	Фрамбезія	82	0	8	2.0
2173	Фраміцетин	15	0	4	1.0
2174	Франц Бабель де Фронсберґ	2	0	1	0.0
2175	Франц де Пауля Нойгаузер	1	0	1	0.0
2176	Фрідріх Гаас	9	0	1	1.0
2177	Фталилсульфатіазол	36	0	4	1.0
2178	Фтивазид	32	0	6	1.0
2179	Фторлак	17	0	2	1.0
2180	Фторхінолони	540	3	38	16.0
2181	Фузафунгін	56	0	7	2.0
2182	Фузидова кислота	41	0	6	1.0
2183	Фульвестрант	12	0	3	0.5
2184	Фуразидин	89	0	19	2.0
2185	Фуразолідон	303	3	18	9.0
2186	Фурункульоз	2468	43	269	70.0
2187	Хантавірусний легеневий синдром	19	0	7	1.0
2188	Харчові отруєння	1647	12	134	51.0
2189	Хасімото Хакару	3	0	1	0.0
2190	Хвороба «рука-нога-рот»	407	4	64	10.0
2191	Хвороба Альцгеймера	4441	90	212	146.0
2192	Хвороба Андерсен	59	0	7	2.0
2193	Хвороба Боуена	161	0	14	5.0
2194	Хвороба Верльгофа	668	2	39	22.0
2195	Хвороба Вільсона	648	4	42	22.0
2196	Хвороба Вільяма Александера	45	0	4	1.0
2197	Хвороба Гантінгтона	1035	9	253	22.0
2198	Хвороба Гюнтера	172	2	13	5.0
2199	Хвороба Іценка — Кушинга	707	8	55	21.0
2200	Хвороба К'ясанурського лісу	15	0	3	1.0
2201	Хвороба котячих подряпин	512	3	32	16.0
2202	Хвороба Кройцфельда — Якоба	315	2	19	10.0
2203	Хвороба Лайма	21064	229	2281	565.0
2204	Хвороба Менкеса	34	0	7	1.0
2205	Хвороба Паркінсона	4506	81	239	149.0
2206	Хвороба Пейроні	100	1	10	3.0
2207	Хвороба Пертеса	437	3	40	13.0
2208	Хвороба Пламмера	0	0	0	0.0
2209	Хвороба Рандю — Ослера	121	1	11	3.0
2210	Хвороба Рейно	847	12	49	27.0
2211	Хвороба Росаі — Дорфман	5	0	1	0.0
2212	Хвороба Тея — Сакса	532	3	38	18.0
2213	Хвороба Фарбера	30	0	4	1.0
2214	Хвороба Шагаса	2783	6	755	14.0
2215	Хвороба Шамберга	80	0	13	2.0
2216	Хвороба, яку спричинює вірус Ебола	1292	17	80	39.0
2217	Хвороба, яку спричинює вірус Зіка	160	1	15	5.0
2218	Хвороба, яку спричинює вірус Марбург	194	1	22	5.0
2219	Хвороби, що передаються статевим шляхом	2687	29	155	76.0
2220	Хвостате ядро	69	0	6	3.0
2221	Хидей Ногучі	12	0	3	0.0
2222	Хілоторакс	36	0	5	1.0
2223	Хілурія	41	0	7	1.0
2224	Хінідин	45	0	5	1.0
2225	Хінолони	96	0	10	3.0
2226	Хірургічна операція	923	10	49	35.0
2227	Хірургія	488	7	33	14.0
2228	Хіфенадин	28	0	5	1.0
2229	Хламідійна лімфогранульома	176	1	11	6.0
2230	Хламідіоз	3020	33	203	98.0
2231	Хлорамбуцил	27	0	3	1.0
2232	Хлорамфенікол	343	3	22	11.0
2233	Хлордіазепоксид	27	0	3	1.0
2234	Хлоропірамін	164	0	14	5.0
2235	Хлорохін	50	0	5	1.0
2236	Хлорфенамін	101	0	9	3.0
2237	Хлорхінальдол	20	0	3	1.0
2238	Холангіт	300	1	24	9.0
2239	Холера	3219	28	291	94.0
2240	Холерний вібріон	335	1	35	9.0
2241	Холестатичний синдром	666	7	39	21.0
2242	Холецистектомія	259	1	21	8.0
2243	Хоменко Григорій Гнатович	3	0	1	0.0
2244	Хондрит (хвороба)	13	0	3	1.0
2245	Хоріонічний гонадотропін	1827	20	98	61.0
2246	Хоріосклероз	39	0	5	1.0
2247	Хржонщевський Никанор Адамович	39	0	6	1.0
2248	Хромафінні клітини	29	0	3	1.0
2249	Хронічна ниркова недостатність	749	3	63	23.0
2250	Хронічний гастрит	609	4	52	16.0
2251	Хронічний гепатит	478	4	35	13.0
2252	Хронічний лімфолейкоз	177	1	15	5.0
2253	Хронічний мієлоцитарний лейкоз	193	1	13	5.5
2254	Хронічний панкреатит	963	15	45	31.0
2255	Цві Ларон	1	0	1	0.0
2256	Целекоксиб	313	3	49	9.0
2257	Центральний госпіталь Міністерства внутрішніх справ України	371	2	25	12.0
2258	Центральний госпіталь Служби безпеки України	269	1	17	8.0
2259	Центральний клінічний госпіталь Державної прикордонної служби України	259	1	16	9.0
2260	Ценуроз	70	0	7	3.0
2261	Церивастатин	2	0	1	0.0
2262	Цетиризин	349	2	22	11.0
2263	Цетуксимаб	26	0	4	1.0
2264	Цефадроксил	22	0	3	1.0
2265	Цефазолін	222	1	20	6.0
2266	Цефаклор	21	0	3	1.0
2267	Цефалексин	176	0	13	5.0
2268	Цефалоспорини	685	10	41	20.0
2269	Цефалотин	11	0	3	0.0
2270	Цефамандол	13	0	2	1.0
2271	Цефепім	90	0	10	3.0
2272	Цефіксим	221	2	14	7.0
2273	Цефоперазон	45	0	7	1.0
2274	Цефотаксим	259	2	22	8.0
2275	Цефпірамід	6	0	3	0.0
2276	Цефпіром	26	0	7	1.0
2277	Цефподоксим	218	1	19	7.0
2278	Цефпрозил	18	0	4	0.0
2279	Цефрадин	15	0	3	1.0
2280	Цефтазидим	65	0	8	1.0
2281	Цефтаролін	21	0	3	1.0
2282	Цефтібутен	12	0	2	1.0
2283	Цефтізоксим	6	0	2	0.0
2284	Цефтобіпрол	19	0	3	1.0
2285	Цефтріаксон	1297	23	75	42.0
2286	Цефуроксим	240	1	17	8.0
2287	Цеце	677	6	71	21.0
2288	Цидофовір	19	0	3	1.0
2289	Цизаприд	40	0	4	1.0
2290	Циклосерин	53	0	4	2.0
2291	Циклоспорин	126	1	9	4.0
2292	Циклофосфамід	105	0	11	3.0
2293	Цилазаприл	6	0	2	0.0
2294	Цилостазол	58	1	5	2.0
2295	Циметидин	80	0	11	3.0
2296	Цинаризин	394	4	28	12.0
2297	Ципрогептадин	80	0	7	2.0
2298	Ципротерон	199	8	46	17.5
2299	Ципрофлоксацин	526	7	30	16.0
2300	Цироз печінки	1810	26	157	55.0
2301	Цисплатин	126	1	10	4.0
2302	Цистит	3209	53	159	105.0
2303	Цистицеркоз	650	4	41	19.0
2304	Циталопрам	104	0	7	3.0
2305	Цитарабін	32	0	6	1.0
2306	Цитиколін	244	2	17	7.0
2307	Цитомегаловірус	1231	16	59	43.0
2308	Цитомегаловірусна інфекція	1562	22	76	54.0
2309	Ціп'як бичачий	1012	14	60	31.0
2310	Ціп'як свинячий	745	5	56	21.0
2311	Ціп'як собачий	97	0	10	3.0
2312	Цукровий діабет	6955	95	604	204.0
2313	Цукровий діабет тип 1	473	6	27	16.0
2314	Цукровий діабет тип 2	2238	24	109	71.0
2315	Цуцугамуші	58	0	6	2.0
2316	Червоне ядро	141	0	11	5.0
2317	Черевний тиф	2181	15	123	73.0
2318	Черепні нерви	3045	15	200	95.0
2319	Черепно-мозкова травма	1679	19	96	52.0
2320	Чернов Василь Єгорович	13	0	3	1.0
2321	Четверта холерна пандемія	2	0	1	0.0
2322	Четвертий шлуночок	175	1	18	5.0
2323	Чікунгунья	109	0	13	3.0
2324	Чоловіча статева система	6771	149	277	225.0
2325	Чорна речовина	209	0	21	5.5
2326	Чорна смерть	1040	18	54	32.0
2327	Чорна Тамара Трохимівна	1	0	1	0.0
2328	Чума	4540	58	428	131.0
2329	Чума Юстиніана	243	1	74	5.0
2330	Чумна паличка	268	0	86	6.0
2331	Шагома	14	0	3	1.0
2332	Шарлотта Кліверлі-Бісман	26	0	3	1.0
2333	Шарль Манту	19	0	4	1.0
2334	Шевчук Віктор Григорович	19	0	3	1.0
2335	Шигелла Бойда	5	0	3	0.0
2336	Шигельоз	1338	9	122	39.0
2337	Шизофренія	6743	148	343	210.0
2338	Шийний відділ хребта	519	7	33	16.0
2339	Шина (медицина)	266	1	24	7.0
2340	Шистосомози	294	1	29	9.0
2341	Шия	271	4	16	9.0
2342	Шкала Франкеля	110	0	9	4.0
2343	Шкурба Андрій Вікторович	47	0	5	1.0
2344	Шлунково-кишкова кровотеча	1438	17	80	46.0
2345	Шлунок	2857	26	182	90.0
2346	Шок (медицина)	2142	23	124	73.0
2347	Шоста холерна пандемія	0	0	0	0.0
2348	Шпательний тест	22	0	3	1.0
2349	Шпиталь	173	0	11	5.0
2350	Щербак Юрій Миколайович	2235	15	208	62.0
2351	Щитоподібна залоза	5169	63	375	159.0
2352	Щитоподібний хрящ	63	0	7	2.0
2353	Щитошийний стовбур	27	0	5	1.0
2354	Щока	104	0	9	3.0
2355	Юкстагломерулярний апарат	183	0	16	5.0
2356	Юстинус Кернер	7	0	2	0.0
2357	Яворовський Олександр Петрович	23	0	4	2.0
2358	Ядро Едінгера-Вестфаля	89	0	11	3.0
2359	Ядро лицевого нерва	22	0	4	1.0
2360	Ядро одинокого шляху	27	0	6	1.0
2361	Ядро окорухового нерва	25	0	3	1.0
2362	Язикова артерія	44	0	6	1.0
2363	Язикова вена	9	0	2	1.0
2364	Яйцеклітина	3020	21	309	77.0
2365	Ящур	572	4	48	18.0
2366	Aedes albopictus	130	0	11	4.0
2367	Anoplura	72	0	8	2.0
2368	ATC код A	73	0	11	1.5
2369	ATC код B	43	0	8	1.0
2370	ATC код C	42	0	4	1.0
2371	ATC код G	8	0	1	0.0
2372	ATC код H	7	0	1	0.0
2373	ATC код J	12	0	2	0.0
2374	ATC код L	5	0	1	0.0
2375	ATC код N	17	0	5	0.5
2376	ATC код P	15	0	3	0.0
2377	ATC код S	8	0	1	0.0
2378	BMJ	40	0	6	1.0
2379	BRCA1	77	0	15	2.0
2380	Chlamydophila psittaci	31	0	4	1.0
2381	Clostridium botulinum	325	1	29	10.0
2382	D-димер	645	7	38	21.0
2383	Déviation conjuguée	15	0	2	1.0
2384	Francisella tularensis	69	0	7	2.0
2385	G-клітина	16	0	2	1.0
2386	H5N1	28	0	3	1.0
2387	Helicobacter pylori	2217	30	116	70.0
2388	HeRAMS	15	0	2	1.0
2389	International Trauma Life Support	13	0	3	1.0
2390	Medscape	25	0	5	0.5
2391	Mycobacterium ulcerans	6	0	2	0.0
2392	OMIM	69	0	8	2.0
2393	Plasmodium falciparum	119	0	9	3.0
2394	Plasmodium knowlesi	20	0	4	1.0
2395	Plasmodium malariae	179	0	17	5.0
2396	Plasmodium ovale	38	0	5	1.5
2397	Plasmodium vivax	157	0	19	5.0
2398	PubMed	259	2	16	8.0
2399	SAMPLE	67	0	14	2.0
2400	Tc-99m-MIBI	15	0	4	1.0
2401	Terminologia Anatomica	10	0	3	0.0
2402	The Lancet	41	0	4	1.0
2403	Torch-інфекції	2830	45	141	97.0
2404	UniProt	32	0	3	1.0
2405	Whonamedit?	4	0	1	0.0
2406	Yersinia enterocolitica	120	0	14	3.5
2407	Yersinia pseudotuberculosis	27	0	4	1.0
2408	ZMapp	5	0	1	0.0
