1	Абсолютна система відліку	20	0	3	1.0
2	Абсолютний нуль	462	6	26	15.0
3	Автоколивання	171	0	15	6.0
4	Автолізія	3	0	1	0.0
5	Агрегатний стан	901	6	62	28.0
6	Адіабатичне наближення	28	0	7	0.0
7	Адіабатичне розмагнічування	29	0	5	1.0
8	Адіабатичний інваріант	5	0	2	0.0
9	Адрон	181	1	12	6.0
10	Аеродинаміка	517	2	42	16.0
11	Аеромеханіка	4	0	1	0.0
12	Аксино	1	0	1	0.0
13	Аксіальний струм	3	0	2	0.0
14	Аксіон	11	0	2	0.0
15	Активна фазована антенна решітка	71	0	6	2.0
16	Акумулятор тепла	43	0	6	2.0
17	Акустика	394	2	28	12.0
18	Акустичні фонони	15	0	4	1.0
19	Акустоконцентраційний ефект	1	0	1	0.0
20	Акустооптика	11	0	2	0.0
21	Алніко	10	0	3	1.0
22	Альбедо	549	2	76	13.0
23	Альфа-спектрометр	4	0	1	0.0
24	Аматорський радіозв'язок	86	0	9	3.0
25	Амбіполярна дифузія	13	0	4	1.0
26	Американське фізичне товариство	18	0	2	1.0
27	Аморфні речовини	506	1	38	18.0
28	Амплітуда ймовірності	19	0	3	1.0
29	Амплітуда розсіяння	17	0	3	1.0
30	Амплітудна маніпуляція	115	0	13	3.0
31	Амплітудна модуляція	667	1	53	21.0
32	Аналітична механіка	14	0	3	0.0
33	Андреєвське відбиття	3	0	1	0.0
34	Анізотропний магнетоопір	3	0	1	0.0
35	Аніон	409	2	33	10.0
36	Антиматерія	289	1	15	8.0
37	Антинейтрон	16	0	2	1.0
38	Антипротон	31	0	5	1.0
39	Антисвіт	4	0	2	0.0
40	Антисегнетоелектрики	9	0	2	0.0
41	Антиферомагнетики	38	0	5	1.0
42	Аромат (квантове число)	37	0	4	1.0
43	Арсенід алюмінію	9	0	1	1.0
44	Атмосфера (одиниця вимірювання)	258	2	20	8.0
45	Атмосферна акустика	2	0	1	0.0
46	Атом	3005	27	182	102.0
47	Атомна маса	324	0	22	10.0
48	Атомна орбіталь	201	0	15	6.0
49	Атомна рефракція	6	0	2	0.0
50	Атомна теорія Дальтона	7	0	2	0.0
51	Атомна фізика	205	1	18	5.0
52	Атомна, молекулярна і оптична фізика	26	0	3	1.0
53	Атомний номер	295	3	16	10.0
54	Атомний остов	5	0	2	0.0
55	Атомний радіус	249	0	25	6.0
56	Атрактивна взаємодія	17	0	3	1.0
57	Атрактор	163	1	13	4.0
58	Аутогезія	6	0	1	0.0
59	Балістика	392	2	34	10.0
60	Баріони	71	0	10	2.0
61	Баріонний заряд	35	0	4	1.0
62	Басейн притягання	5	0	2	0.0
63	Батарея (електрика)	396	3	25	12.0
64	Безелектродна лампа	6	0	1	0.0
65	Безперервний сигнал	38	0	6	1.0
66	Бекерель	470	4	35	14.0
67	Бер	3174	30	234	101.0
68	Бета-випромінювання	449	1	40	12.0
69	Бета-розпад	1032	3	86	31.0
70	Бетатрон	17	0	5	0.0
71	Біекситон	1	0	1	0.0
72	Бінодаль	4	0	1	0.0
73	Біотехнічна система	15	0	8	0.5
74	Біполярний транзистор	3172	5	201	121.0
75	Біфуркація Андронова — Хопфа	15	0	3	1.0
76	Біфуркація подвоєння періоду	13	0	8	0.0
77	Ближнє поле	19	0	2	1.0
78	Бозон	219	2	13	7.0
79	Бозон Ґолдстоуна	11	0	4	1.0
80	Бозон Хіггса	360	5	29	10.0
81	Болометр	21	0	3	1.0
82	Борнове наближення	9	0	2	1.0
83	Брана	18	0	3	1.0
84	Бреггівська дифракція	116	0	13	3.0
85	Бреґґівський пік	9	0	3	0.0
86	Брижі (хвилі)	66	0	13	2.0
87	Броунівський рух	797	2	64	22.0
88	Будівельна механіка	108	0	13	3.0
89	Будівельна фізика	22	0	4	1.0
90	Бульбашка Алькуб'єрре	19	0	6	1.0
91	В'язкоеластичність	8	0	3	0.0
92	Вага	775	9	60	22.0
93	Валентна зона	186	0	25	5.0
94	Варіаційний принцип	14	0	3	1.0
95	Вейлівський напівметал	10	0	5	0.0
96	Вектор Бюргерса	15	0	1	1.0
97	Вектор поляризації	187	1	21	5.0
98	Вектор стану	41	0	7	1.0
99	Векторний потенціал	65	0	5	2.0
100	Великий адронний колайдер	1060	16	53	34.0
101	Великий канонічний ансамбль	25	0	4	1.0
102	Великий термодинамічний потенціал	16	0	4	1.0
103	Верх валентної зони	8	0	2	1.0
104	Вибух	337	3	30	8.0
105	Вимушене випромінювання	214	0	15	6.0
106	Вимушені коливання	641	1	52	15.5
107	Випрямлення змінного струму	1957	6	136	66.0
108	Вироджений напівпровідник	38	0	6	1.0
109	Вихрові струми	451	2	37	12.0
110	Вібронна спектроскопія	15	0	3	1.0
111	Вігнерівський кристал	7	0	3	0.0
112	Від'ємна диференційна провідність	43	0	8	1.0
113	Відбій	35	0	6	1.0
114	Віддзеркалення	38	0	4	2.0
115	Відносна густина	178	0	20	4.5
116	Відпрацьоване ядерне паливо	301	2	19	10.0
117	Відстань	566	5	47	18.0
118	Вільна енергія Гельмгольца	131	1	24	3.5
119	Вільне падіння	663	4	56	20.0
120	Вільний параметр	0	0	0	0.0
121	Віріальне рівняння стану	5	0	2	0.0
122	Віріальні коефіцієнти	28	0	4	1.0
123	Віртуальна частинка	22	0	3	1.0
124	Віртуальні переміщення	12	0	2	1.0
125	Віскер (металургія)	34	0	8	1.0
126	Вісь	296	2	21	8.0
127	Вісь обертання	56	0	6	1.5
128	Вісь часу	43	0	5	2.0
129	Вічний двигун	330	2	24	9.0
130	Власна інформація	33	0	6	1.0
131	Власний напівпровідник	426	0	31	13.0
132	Власний час	21	0	3	1.0
133	Внутрішній імпеданс	2	0	1	1.0
134	Вологість	264	1	17	9.0
135	Вольт-ампер	132	0	11	4.0
136	Впливна величина	4	0	1	0.0
137	Втомне руйнування	48	0	4	2.0
138	Вторинна електронна емісія	102	0	10	3.0
139	Вторинне квантування	16	0	3	1.0
140	Вуглецеві наноконуси	5	0	3	0.0
141	Вуглецеві нанотрубки	379	1	34	11.0
142	Газовий розряд	810	3	56	24.0
143	Газоструменевий випромінювач	11	0	2	1.0
144	Гал (фізична одиниця)	15	0	2	1.0
145	Гальванічний елемент	846	0	93	22.0
146	Гальмівний шлях	416	1	31	13.0
147	Гамільтоніан	165	1	16	4.0
148	Гамма-промені	1566	11	128	48.0
149	Гамма-спалахи	33	0	5	1.0
150	Гамма-спектроскопія	13	0	4	0.0
151	Гармата Гауса	158	0	15	4.0
152	Гармонічні коливання	1685	6	116	49.0
153	Генерація другої гармоніки	39	0	6	1.0
154	Генерація носіїв заряду	71	0	10	2.0
155	Геометрична оптика	306	1	29	10.0
156	Геофізика	92	0	10	3.0
157	Герц	726	8	40	23.0
158	Гетеродин	89	0	11	3.0
159	Гетероструктури	30	0	5	2.0
160	Гідроаеродинаміка	31	0	4	1.0
161	Гідрофон	3	0	1	0.0
162	Гіперболічна траєкторія	15	0	2	1.0
163	Гіперзвукова швидкість	87	0	8	3.0
164	Гіперони	14	0	3	1.0
165	Гіпотеза Ампера	101	0	13	3.0
166	Гіромагнітне співвідношення	74	0	8	3.0
167	Глісування	23	0	3	1.0
168	Глушник мобільних телефонів	28	0	5	1.0
169	Глюбол	21	0	2	1.0
170	Глюон	106	0	7	4.0
171	Головне квантове число	116	0	8	4.0
172	Голономний зв'язок	13	0	2	1.0
173	Гомопауза	3	0	1	0.0
174	Горизонт Коші	2	0	1	0.0
175	Горизонт подій	133	0	14	4.0
176	Гравітаційна сингулярність	212	1	16	6.0
177	Гравітаційне поле	113	0	10	3.0
178	Гравітаційне реліктове випромінювання	4	0	2	0.0
179	Гравітаційний радіус	54	0	6	1.5
180	Гравітино	14	0	7	0.0
181	Гравітон	86	0	8	3.0
182	Границя міцності	668	2	59	17.0
183	Гранична швидкість	34	0	3	1.0
184	Граничні умови Борна-Кармана	27	0	4	1.0
185	Графен	578	6	56	17.0
186	Групова швидкість	156	0	20	4.0
187	Густина енергії	350	1	40	11.5
188	Густина потоку частинок	37	0	6	1.0
189	Густина станів	119	0	20	2.0
190	Густина струму	752	0	49	28.0
191	Ґратка Бете	3	0	2	0.0
192	Давидівське розщеплення	8	0	2	1.0
193	Дальній порядок	34	0	7	1.0
194	Дарсі (одиниця)	7	0	2	0.0
195	Двомірна ядерна магнітно-резонансна спектроскопія	5	0	2	0.0
196	Двофотонне збудження	10	0	5	1.0
197	Дебай	34	0	6	1.0
198	Дейтрон	37	0	4	1.0
199	Декстерів перенос енергії	9	0	2	1.0
200	Делокалізований стан	13	0	2	1.0
201	Дельта-баріон	2	0	1	0.0
202	Детермінант Слейтера	27	0	6	1.0
203	Детермінований хаос	97	1	22	3.0
204	Дефект маси	411	2	33	14.0
205	Деформаційний потенціал	7	0	2	0.0
206	Деформація	1634	11	107	50.0
207	Деформація згину	1142	2	84	45.0
208	Деформація зсуву	443	2	30	12.0
209	Деформація кручення	857	0	54	32.0
210	Децибел	882	5	60	30.0
211	Дециметрові хвилі	112	1	14	3.0
212	Дзеркало	562	4	30	17.0
213	Дивність	11	0	4	0.0
214	Дилатон	12	0	2	1.0
215	Динамічна рівновага	238	1	23	7.0
216	Директор (рідкий кристал)	20	0	3	1.0
217	Дислокація (кристалографія)	53	0	9	1.0
218	Дисперсійні сили	27	0	6	1.0
219	Дисперсія світла	1900	4	149	54.0
220	Диференціальний переріз розсіювання	60	0	9	2.0
221	Диференціатор	122	1	15	4.0
222	Дифракційна ґратка	1629	1	126	40.0
223	Дифракція	2107	7	140	61.0
224	Дифузійний струм	94	1	9	3.0
225	Дифузія	1482	10	140	47.0
226	Дифузія за законом Арреніуса	19	0	2	1.0
227	Дифузне відбиття світла	111	0	12	3.0
228	Діаграма станів (хімія)	0	0	0	0.0
229	Діаграма Фейнмана	66	0	8	2.0
230	Діамагнетики	348	0	24	9.0
231	Діелектрична сприйнятливість	135	0	13	4.0
232	Діелектричне дзеркало	10	0	4	1.0
233	Дійсна густина	7	0	2	0.0
234	Дійсне зображення	68	0	17	1.0
235	Діод Зенера	573	2	46	16.0
236	Дірка (квазічастинка)	243	1	17	7.0
237	Дірка Фермі	2	0	2	0.0
238	Діркова телепортація	7	0	1	1.0
239	Дно зони провідності	10	0	4	0.0
240	Довгі хвилі	111	0	9	3.0
241	Довжина вільного пробігу	203	1	18	7.0
242	Довжина хвилі	2259	8	165	67.0
243	Доплерівське розширення	18	0	5	1.0
244	Дослід радіоактивності Антуаном Анрі Беккерелем	57	0	13	2.0
245	Дослід Штерна-Герлаха	165	0	19	4.0
246	Доцентрове прискорення	371	1	35	10.0
247	Дробовий квантовий ефект Холла	29	0	5	2.0
248	Дроплетон	1	0	1	0.0
249	Друга в'язкість	9	0	2	1.0
250	Друга космічна швидкість	354	1	37	9.0
251	Другий звук	8	0	2	1.0
252	Дуант	4	0	1	0.0
253	Духи Фаддєєва — Попова	10	0	2	0.0
254	Еванесцентне поле	29	0	5	1.0
255	Евтектика	201	0	22	6.0
256	Ейнштейн (одиниця)	3	0	1	0.0
257	Ейрі кільця	4	0	2	0.0
258	Екзотичний атом	6	0	1	0.0
259	Екранування заряду	40	0	6	1.0
260	Ексимерна люмінесценція	2	0	1	0.0
261	Ексиплексна люмінесценція	3	0	1	0.0
262	Екситон	67	0	7	1.5
263	Екситон Ваньє-Мотта	7	0	3	0.0
264	Екситон Френкеля	14	0	3	1.0
265	Експеримент з олійними краплями	26	0	4	1.0
266	Експеримент Майкельсона — Морлі	65	0	10	2.0
267	Ексцентриситет орбіти	69	0	10	3.0
268	Електрети	45	0	6	1.0
269	Електрика	936	13	56	30.0
270	Електрична енергія	970	6	61	32.0
271	Електрична напруга	3898	25	227	140.0
272	Електричне коло	1778	7	110	64.0
273	Електричне поле	2743	13	167	100.0
274	Електричний дипольний момент	305	0	23	9.0
275	Електричний заряд	2195	3	128	61.0
276	Електричний імпеданс	529	2	36	16.0
277	Електричний потік	145	1	13	5.0
278	Електроадгезія	0	0	0	0.0
279	Електроізоляція	260	1	19	8.0
280	Електрокалоричний ефект	9	0	2	1.0
281	Електромагнітна індукція	2918	8	202	108.0
282	Електромагнітна хвиля	3533	12	233	107.0
283	Електромагнітне випромінювання	1212	5	89	39.0
284	Електромагнітне поле	871	7	59	27.0
285	Електрон	1129	14	72	36.0
286	Електрон провідності	54	0	10	1.0
287	Електрон-діркова рідина	14	0	2	1.0
288	Електрон-фононна взаємодія	27	0	7	1.0
289	Електронна гармата	57	0	9	2.0
290	Електронна густина	25	0	4	1.0
291	Електронна енергія	4	1	2	1.0
292	Електронна лавина	24	0	3	1.0
293	Електронна оболонка	258	1	21	8.0
294	Електронна пара	35	0	5	1.0
295	Електронна спектроскопія	33	0	4	1.0
296	Електронне нейтрино	40	0	6	1.0
297	Електронний генератор	315	1	29	10.0
298	Електронний мікроскоп	462	2	41	11.0
299	Електронний парамагнітний резонанс	178	0	20	5.0
300	Електронний стан	11	0	3	1.0
301	Електронно-променева установка	2	0	2	0.0
302	Електрооптичний ефект	57	0	6	2.0
303	Електрорушійна сила	3218	6	209	103.0
304	Електростатика	382	1	31	10.0
305	Електростатична індукція	144	1	13	4.0
306	Електростатична лінза	13	0	4	0.5
307	Електростатичний генератор Ван де Граафа	65	0	5	2.0
308	Електростатичний потенціал	1536	5	112	44.0
309	Емітанс пучка	0	0	0	0.0
310	Енергетичний рівень	120	0	13	3.0
311	Енергетичний спектр	90	1	12	2.0
312	Енергія вакууму	52	0	8	1.0
313	Енергія зв'язку	319	0	25	10.0
314	Еніон	6	0	1	0.0
315	Ентропія змішування	18	0	2	1.0
316	Ергодична гіпотеза	21	0	7	1.0
317	Ета-мезон	6	0	2	0.0
318	Ефект Вігнера	35	0	6	1.0
319	Ефект де Гааза-ван Альфена	6	0	1	0.5
320	Ефект Джоуля-Томсона	80	0	12	2.0
321	Ефект Доплера	589	6	52	18.0
322	Ефект Зеемана	169	0	20	5.0
323	Ефект Зеєбека	231	2	18	7.0
324	Ефект Казимира	39	0	5	1.0
325	Ефект Керра	137	0	16	3.5
326	Ефект Кея	3	0	1	0.0
327	Ефект конденсатного диску	39	0	7	1.0
328	Ефект Кондо	7	0	2	1.0
329	Ефект Коттона — Мутона	47	0	6	2.0
330	Ефект Мейснера	67	0	6	2.0
331	Ефект Міхеєва — Смирнова — Вольфенштейна	9	0	2	1.0
332	Ефект Нернста	16	0	5	1.0
333	Ефект Овергаузера	14	0	4	1.0
334	Ефект Оже	37	0	6	1.0
335	Ефект Пельтьє	213	1	15	7.0
336	Ефект Перселла	4	0	3	0.0
337	Ефект Рамана	6	0	2	0.0
338	Ефект Рамзауера	30	0	6	1.0
339	Ефект Рашби	8	0	3	1.0
340	Ефект Реннера	0	0	0	0.0
341	Ефект Реннера — Теллера	3	0	1	0.5
342	Ефект Тіндаля	157	1	15	4.0
343	Ефект Томсона	113	0	9	3.5
344	Ефект Фарадея	121	0	12	4.0
345	Ефект Франца-Келдиша	6	0	1	0.0
346	Ефект Штарка	34	0	6	1.0
347	Ефективна густина станів	27	0	4	1.0
348	Ефективна маса	68	0	7	2.0
349	Ефективна площа розсіювання	59	0	6	1.0
350	Ефективна температура	83	0	7	3.0
351	Ефективний коефіцієнт розмноження нейтронів	172	0	35	5.0
352	Ехолокація	73	0	9	2.0
353	Жаропродуктивність	6	0	3	0.5
354	Загальна коваріантність	7	0	1	0.0
355	Задача трьох тіл	83	0	8	2.0
356	Закон Ампера	2679	5	159	81.0
357	Закон Архімеда	1159	13	79	35.0
358	Закон Беца	13	0	3	1.0
359	Закон Бугера — Ламберта — Бера	771	1	61	20.0
360	Закон всесвітнього тяжіння	974	9	69	31.0
361	Закон Гука	1939	9	120	72.0
362	Закон Ґейґера — Неттола	24	0	3	1.0
363	Закон Дальтона	246	0	21	7.0
364	Закон Дебая	33	0	4	1.0
365	Закон Джоуля — Ленца	1705	7	100	62.0
366	Закон дисперсії	147	0	13	4.5
367	Закон Дюлонга — Пті	83	0	9	3.0
368	Закон збереження енергії	1587	11	91	47.0
369	Закон збереження імпульсу	947	3	59	32.0
370	Закон збереження маси	350	2	22	12.0
371	Закон Мозлі	211	0	29	4.0
372	Закон рівнорозподілу	28	0	3	1.0
373	Закон Снеліуса	191	0	15	6.0
374	Закони термодинаміки	550	3	54	17.0
375	Закони Фіка	405	1	32	11.0
376	Залишкова намагніченість	36	0	4	1.0
377	Залізний пік	6	0	2	0.0
378	Заломлення	834	4	85	28.0
379	Замерзання	51	0	6	1.0
380	Запізнення	25	0	3	2.0
381	Заряджена частинка	84	0	8	2.0
382	Заряджений струм	2	0	1	0.0
383	Зарядове спряження	8	0	2	0.0
384	Збіднений уран	72	0	7	2.0
385	Зброя спрямованої енергії	29	0	4	1.0
386	Збуджений стан квантовомеханічної системи	22	0	4	1.0
387	Зведена маса	55	0	6	2.0
388	Зворотність	34	0	5	1.0
389	Звукова енергія	14	0	3	1.0
390	Звуковий удар	24	0	3	1.0
391	Згасаюча хвиля	5	0	1	0.0
392	Зминання	58	0	9	2.0
393	Змінний конденсатор	109	0	15	3.0
394	Змінний струм	4931	30	282	177.0
395	Змінні дія — кут	0	0	0	0.0
396	Золото	1432	25	69	47.0
397	Зона провідності	155	0	21	4.0
398	Зонне плавлення	10	0	3	0.0
399	Зоряний нуклеосинтез	12	0	3	0.0
400	Ізобари (ядерна фізика)	72	0	9	2.0
401	Ізовалентна домішка	0	0	0	0.0
402	Ізоентропійний процес	54	0	7	2.0
403	Ізолятор Мотта	5	0	2	0.0
404	Ізотермічний процес	1265	5	83	36.0
405	Ізотопи	1543	11	105	49.0
406	Ізотопічний спін	20	0	5	1.0
407	Ізотопна поширеність	11	0	2	0.0
408	Імплозія (фізика)	12	0	2	0.0
409	Імпульсна модуляція	229	0	23	6.5
410	Імпульсно-кодова модуляція	288	1	20	10.0
411	Інваріант (фізика)	26	0	3	1.0
412	Інваріанти електромагнітного поля	32	0	5	1.0
413	Інверсна заселеність	145	0	26	3.0
414	Індуктивність	2143	4	132	80.0
415	Індукційний струм	538	1	40	17.0
416	Інерційна система відліку	418	3	32	13.0
417	Інерція	798	2	64	25.0
418	Інжекція носіїв заряду	36	0	4	1.0
419	Інженерно-фізичний факультет НТУУ «КПІ»	22	0	4	1.0
420	Інкремент наростання	3	0	1	0.0
421	Інтеграл вздовж траєкторій	65	0	6	2.0
422	Інтеграл перекриття	4	0	1	0.0
423	Інтенсивна величина	21	0	3	1.0
424	Інтеркомбінаційна конверсія	15	0	7	1.0
425	Інтерференція хвиль	852	1	50	30.0
426	Інтерферометр Майкельсона	108	0	13	3.0
427	Інтерферометр Фабрі-Перо	96	0	11	3.0
428	Інформаційна ентропія	731	3	54	21.0
429	Інфразвук	585	2	50	15.0
430	Інфразвукова зброя	57	0	5	2.0
431	Іон	1075	11	76	33.0
432	Іонізаційна рівновага	17	0	2	1.0
433	Іоністор	174	1	13	5.0
434	Іонна пастка	2	0	1	0.0
435	Іонний звук	3	0	2	0.0
436	Іпсилон-мезон	10	0	2	0.0
437	Іскрова камера	12	0	2	1.0
438	Іскровий розряд	277	0	25	9.0
439	Історія механіки	51	0	5	1.0
440	Історія телескопа	114	0	14	4.0
441	Історія фізики	143	0	13	4.0
442	Йод-131	583	3	55	18.0
443	Йодид калію	339	4	22	10.0
444	Йонний кристал	24	0	3	1.0
445	Калібрувальна інваріантність	38	0	4	1.0
446	Калібрувальний бозон	26	0	5	1.0
447	Калорія	707	13	32	24.0
448	Камера Вільсона	470	2	43	13.0
449	Каналювання	1	0	1	0.0
450	Канонічне перетворення	12	0	3	1.0
451	Канонічний ансамбль (фізика)	34	0	7	1.0
452	Каони	15	0	3	1.0
453	Капілярний ефект	213	0	16	6.0
454	Каустика	36	0	5	1.0
455	Квадратурно-амплітудна модуляція	240	0	22	6.5
456	Квадратурно-фазова модуляція	21	0	6	1.0
457	Квадрупольний момент	42	0	10	1.0
458	Квазікласичне наближення	60	0	6	2.0
459	Квазікристал	21	0	4	0.0
460	Квазічастинка	79	0	8	2.0
461	Квант магнітного потоку	26	0	5	1.0
462	Квантова гравітація	72	0	5	2.0
463	Квантова декогеренція	25	0	4	1.0
464	Квантова дротина	17	0	3	1.0
465	Квантова інформація	32	0	6	1.0
466	Квантова криптографія	76	0	7	2.0
467	Квантова логіка	18	0	4	1.0
468	Квантова механіка	916	11	73	27.0
469	Квантова телепортація	74	0	7	2.0
470	Квантова точка	112	0	11	3.0
471	Квантова тривіальність	5	0	3	0.0
472	Квантова хімія	65	0	7	2.0
473	Квантова яма	51	0	10	1.0
474	Квантовий байєсіанізм	17	0	5	1.0
475	Квантовий вихід	76	0	6	2.0
476	Квантовий ефект	1	0	1	0.0
477	Квантовий ефект Холла	89	0	9	3.0
478	Квантовий комп'ютер	500	8	30	16.0
479	Квантовий перехід	22	0	4	1.0
480	Квантовий стан	108	1	11	3.0
481	Квантовий стрибок	101	0	13	3.0
482	Квантовий хаос	7	0	2	0.0
483	Квантування Дірака	7	0	2	0.0
484	Кварк	553	5	35	19.0
485	Кварконій	6	0	2	0.0
486	Кільця Ньютона	338	0	34	10.0
487	Кінематика	759	1	52	24.0
488	Кінетична енергія	1386	7	87	43.0
489	Кінетична теорія	475	0	39	15.0
490	Кінетичне рівняння	42	0	7	2.0
491	Кінцевий ефект	853	6	81	23.0
492	Класична електродинаміка	300	2	27	9.0
493	Класична фізика	31	0	4	1.0
494	Кластер (фізика)	32	0	5	1.0
495	Клин (механіка)	65	0	6	2.0
496	Клістрон	69	0	7	2.0
497	Кліщі вимірювальні	48	0	6	2.0
498	КМОН	343	1	35	10.5
499	Когезія	139	0	11	4.0
500	Когерентність	1207	4	94	36.0
501	Коефіцієнт дифузії	219	0	29	5.0
502	Коефіцієнт екстинкції	104	0	13	2.5
503	Коефіцієнт жорсткості	881	3	76	26.0
504	Коефіцієнт корисної дії	1587	11	112	43.0
505	Коефіцієнт підсилення антени	170	0	14	6.0
506	Коефіцієнт рекомбінації	5	0	2	0.0
507	Коефіцієнт самодифузії	5	0	2	0.0
508	Коефіцієнт теплового розширення	231	0	19	5.0
509	Колайдер	159	0	15	5.0
510	Колапс хвильової функції	64	0	9	2.0
511	Коливальний контур	2157	5	150	74.0
512	Коливання	2112	9	150	69.0
513	Коліматор	63	0	6	2.0
514	Колірна температура	440	2	50	13.0
515	Кольоровий заряд	33	0	5	1.0
516	Комірка Вігнера — Зейтца	37	0	4	1.0
517	Компенсований напівпровідник	22	0	4	1.0
518	Комплекс з переносом заряду	13	0	2	1.0
519	Композити	740	4	55	23.0
520	Комптонівське розсіювання	477	1	38	13.0
521	Конденсація Бозе — Ейнштейна	169	0	43	4.0
522	Контактна різниця потенціалів	221	2	14	6.0
523	Конфайнмент	122	1	22	3.0
524	Копенгагенська інтерпретація	59	0	6	2.0
525	Кореляційна енергія	8	0	2	1.0
526	Коронний розряд	246	1	19	7.0
527	Космологічна сингулярність	80	0	9	2.0
528	Космологічна стала	34	0	5	1.0
529	Космологічний масштабний фактор	11	0	3	0.0
530	Котушка Гельмгольца	24	0	6	1.0
531	Кристалізація сплавів	168	0	13	5.0
532	Критерій Ліндеманна	1	0	1	0.0
533	Критична точка	189	1	23	5.5
534	Критичний тиск	42	0	7	1.0
535	Критичні індекси	14	0	3	1.0
536	Кріоелектронна мікроскопія	18	0	2	1.0
537	Кріолюмінесценція	3	0	1	0.0
538	Крутильні ваги	2	0	1	0.0
539	Ксі-баріон	5	0	3	0.0
540	Кубічний метр	2252	39	98	76.0
541	Кулон (одиниця)	352	2	24	11.0
542	Куперівська пара	43	0	5	1.0
543	Кут Брюстера	417	0	35	13.0
544	Кут змочування	159	0	14	5.0
545	Кутова модуляція	66	0	6	2.0
546	Кутова швидкість	1081	5	75	32.0
547	Кутове прискорення	597	1	73	18.0
548	Лабораторна система	6	0	2	0.0
549	Лазер на вільних електронах	11	0	2	0.0
550	Лазерна абляція	25	0	4	1.0
551	Лазерний гіроскоп	39	0	6	1.0
552	Лазерний далекомір	111	0	12	3.5
553	Лампа біжної хвилі	47	0	6	2.0
554	Ланцюгова реакція	353	1	30	11.0
555	Ларморова частота	19	0	4	1.0
556	Лембів зсув	11	0	3	0.0
557	Лептон	220	3	13	7.0
558	Лептонний заряд	22	0	3	1.0
559	Ліквідус	55	0	5	2.0
560	Лінза	1040	5	71	32.0
561	Лінійне середовище	2	0	1	0.0
562	Лінійчастий спектр	339	0	39	8.5
563	Лічильник Гейгера	883	9	66	25.0
564	Лічильник сцинтиляцій	72	0	8	2.0
565	Локалізація Андерсона	10	0	3	0.0
566	Локалізований плазмон	14	0	2	1.0
567	Локалізований стан	31	0	4	1.0
568	Лоренц-коваріантність	12	0	2	0.5
569	Лужна батарейка	177	1	13	5.0
570	Луна (акустичне явище)	142	1	16	4.0
571	Людвіг Валентин Лоренц	0	0	0	0.0
572	Люмінесценція	679	3	50	19.0
573	Лямбда-баріон	6	0	1	0.0
574	Лямбда-точка	7	0	1	1.0
575	М-теорія	68	0	8	2.0
576	Магічні числа	38	0	5	1.0
577	Магічні ядра	61	0	5	2.0
578	Магнетизм	299	1	31	8.0
579	Магнетон Бора	69	0	6	3.0
580	Магнетоопір	109	0	17	2.0
581	Магнетрон	425	1	41	11.0
582	Магній	1144	14	97	32.0
583	Магнітна еквівалентність	2	0	1	0.5
584	Магнітна лінза	13	0	3	0.0
585	Магнітне динамо	7	0	3	0.0
586	Магнітне екранування ядра	5	0	2	1.0
587	Магнітне квантове число	132	0	9	4.0
588	Магнітне перез'єднання	5	0	2	0.0
589	Магнітний домен	93	0	12	2.0
590	Магнітний момент	673	2	44	23.0
591	Магнітний момент протона	9	0	2	1.0
592	Магнітний монополь	58	0	7	2.0
593	Магнітний перехід	2	0	1	0.0
594	Магнітний потік	1795	5	106	66.0
595	Магнітний резонанс	123	0	9	4.0
596	Магнітогідродинаміка	15	0	2	1.0
597	Магніторушійна сила	86	0	9	2.0
598	Магнон	13	0	4	0.0
599	Майорон	8	0	2	0.0
600	Майстер-рівняння	2	0	1	0.0
601	Маса електрона	295	2	24	9.0
602	Масове число	525	1	56	15.0
603	Матеріал	371	1	26	12.0
604	Матеріальна точка	373	1	29	13.0
605	Матриці Дірака	68	0	37	1.0
606	Матриця густини	16	0	3	1.0
607	Матриця жорсткості	46	0	9	1.0
608	Матриця розсіяння	16	0	4	0.0
609	Матрична механіка	39	0	4	2.0
610	Маятник	224	1	19	7.0
611	Межа Чандрасекара	59	0	34	1.0
612	Мезони	110	0	11	3.0
613	Мезоскопічна фізика	13	0	2	1.0
614	Металічний водень	26	0	4	1.0
615	Металічний зв'язок	536	0	58	12.0
616	Метастабільний стан	67	0	9	2.0
617	Метод Гартрі — Фока	74	0	7	2.0
618	Метод матриць переходу	18	0	4	1.5
619	Метод Чохральського	89	0	11	2.0
620	Метрика простору-часу	42	0	4	1.0
621	Метрика Фрідмана-Леметра-Робертсона-Вокера	19	0	4	1.0
622	Метрика Шварцшильда	47	0	5	2.0
623	Механізм Хіггса	44	0	4	1.0
624	Механічна рівновага	185	0	14	5.5
625	Міжатомна взаємодія	70	0	8	2.0
626	Міжнародний експериментальний термоядерний реактор	444	6	25	14.0
627	Мікроскопічний масштаб	6	0	2	0.0
628	Міліметрові хвилі	48	0	5	2.0
629	Мільйонна частка	441	2	30	14.0
630	Модель Габбарда	4	0	1	0.0
631	Модель Гарячого Всесвіту	9	0	2	0.0
632	Модель желе	18	0	3	1.0
633	Модель Ізінга	35	0	6	1.0
634	Модифікована ньютонівська динаміка	9	0	2	0.0
635	Модулі пружності	130	0	11	4.0
636	Модулометр	2	0	1	0.0
637	Модуль зсуву	196	0	20	5.0
638	Модуль Юнга	1048	7	69	30.0
639	Модуляція (фізика)	852	2	62	27.0
640	Модуляція добротності	6	0	1	0.0
641	Молекула	1211	14	87	35.0
642	Молекулярна динаміка	54	0	7	2.0
643	Молекулярна орбіталь	34	0	4	1.0
644	Молекулярна рефракція	10	0	3	0.5
645	Молекулярні кристали	31	0	5	1.0
646	Молекулярно-променева епітаксія	54	0	23	1.0
647	Момент сили	1373	5	83	47.0
648	Монохроматична плоска хвиля	432	0	39	14.0
649	Монохроматор	63	0	10	2.0
650	Монохромія	184	1	21	5.0
651	Мультиплетність	43	0	8	1.0
652	Мультипольний момент	9	0	2	0.0
653	Мюон	100	0	10	3.0
654	Мюоній	8	0	2	0.0
655	Наближення ефективного середовища	7	0	3	1.0
656	Наближення сильного зв'язку	26	0	5	1.0
657	Нагніт лазера	9	0	2	1.0
658	Надвипромінювання Діке	0	0	0	0.0
659	Надґратка	21	0	4	1.0
660	Надкритична рідина	18	0	3	1.0
661	Надплинність	77	0	9	2.0
662	Надпорогова іонізація	0	0	0	0.0
663	Надтверді матеріали	38	0	8	1.0
664	Нанодротини	19	0	3	0.0
665	Наноелектромеханічні системи	23	0	3	1.0
666	Наноіоніка	4	0	2	0.0
667	Нанооболонка	5	0	2	0.0
668	Наноскопічний масштаб	5	0	2	0.0
669	Нанотехнології	1323	9	99	35.0
670	Наночастинка	184	0	15	5.0
671	Напівметал (спінтроніка)	2	0	1	0.0
672	Напівпровідник	3297	13	207	107.0
673	Напівпровідник p-типу	457	1	50	15.0
674	Напівтінь	73	0	14	2.0
675	Напруженість магнітного поля	1268	3	75	45.0
676	Напруження	1182	5	71	38.0
677	Народження пар	38	0	5	1.0
678	Насичена пара	555	0	49	15.0
679	Нат (одиниця вимірювання)	21	0	4	1.0
680	Наукова містифікація	16	0	3	1.0
681	Небо	258	3	22	7.0
682	Нейтраліно	7	0	3	0.0
683	Нейтральна частинка	21	0	3	1.0
684	Нейтрино	372	3	27	11.0
685	Нейтрон	811	5	55	23.0
686	Нейтронно-адсорбційний аналіз	0	0	0	0.0
687	Нелінійна система	204	1	17	6.0
688	Нематик	11	0	3	0.0
689	Ненасичена пара	196	0	23	5.0
690	Непрямий екситон	1	0	1	0.0
691	Нерозв'язані проблеми фізики	99	0	12	3.0
692	Нормальний порядок	1	0	1	0.0
693	Нормальні коливання	55	0	6	2.0
694	Нормальні умови	270	0	21	8.0
695	Носії заряду	670	3	45	20.0
696	Нотація бра-кет	46	0	5	2.0
697	Нуклеація	19	0	4	1.0
698	Нуклеосинтез	66	0	8	2.0
699	Нуклід	490	5	29	17.0
700	Нуклон	295	2	23	10.0
701	Нульовий звук	1	0	1	0.0
702	Нульовий стан квантової системи	11	0	2	1.0
703	Нульові коливання	82	0	12	3.0
704	Об'єднана теорія поля	39	0	5	1.0
705	Об'єднаний інститут ядерних досліджень	34	0	6	1.0
706	Обернений простір	14	0	3	1.0
707	Обернений сантиметр	38	0	7	1.0
708	Обертання	334	3	21	10.0
709	Обійдені ядра	9	0	2	0.0
710	Область збіднення	36	0	4	1.0
711	Обмінна взаємодія	60	0	12	2.0
712	Оболонкова модель ядра	78	0	7	2.0
713	Обчислювальна гідродинаміка для зміни фази матеріалів	4	0	2	0.0
714	Обчислювальна механіка	3	0	1	0.0
715	Обчислювальна фізика	29	0	4	1.0
716	Одноатомний газ	8	0	2	0.0
717	Одноелектронне наближення	32	0	5	1.0
718	Оже-рекомбінація	8	0	2	0.5
719	Оже-спектроскопія	39	0	8	1.0
720	Омега-баріон	5	0	1	0.0
721	Омега-мезон	4	0	1	0.0
722	Омічний контакт	43	0	6	1.5
723	Ондулятор	8	0	2	0.0
724	Оперативний запас реактивності	359	0	30	10.0
725	Оператор еволюції	15	0	4	1.0
726	Оператор числа частинок	2	0	1	0.0
727	Оператори народження та знищення	31	0	7	1.0
728	Операція молекулярної машини	3	0	1	0.0
729	Опорний сигнал	48	0	6	1.0
730	Опромінення	627	3	52	18.0
731	Оптика тонких плівок	32	0	3	1.0
732	Оптична активність	180	0	17	4.0
733	Оптична вісь	92	0	14	2.5
734	Оптична вісь кристалу	50	0	8	2.0
735	Оптична густина	405	0	37	10.0
736	Оптична сила	280	1	32	7.0
737	Оптична теорема	5	0	1	0.5
738	Оптичне випромінювання	217	0	16	7.0
739	Оптичний параметричний осцилятор	8	0	2	1.0
740	Оптичний стіл	2	0	1	0.0
741	Оптичний телескоп	37	0	5	1.0
742	Оптичний фонон	16	0	3	1.0
743	Оптично активні речовини	126	0	12	4.0
744	Оптоволокно	1367	9	101	41.0
745	Орбітальне квантове число	157	0	17	5.0
746	Орбітон	4	0	1	0.0
747	Органічний світлодіод	265	2	25	7.0
748	Органічні напівпровідники	44	0	4	1.0
749	Освітленість	938	6	86	28.0
750	Основна фізична величина	135	1	12	3.0
751	Осцилятор Лоренца	2	0	2	0.0
752	Осциляції нейтрино	24	0	6	1.0
753	Осциляції Рабі	3	0	2	0.0
754	Осциляції Шубнікова — де Гааза	4	0	1	0.0
755	П'єзоелектрики	127	0	12	3.0
756	П'єзоефект	270	1	27	7.0
757	Пара	387	2	42	12.0
758	Парадокс близнят	97	0	12	2.5
759	Парадокс Еренфеста	25	0	3	1.0
760	Парадокс субмарини	18	0	3	1.0
761	Парамагнетики	496	0	43	16.0
762	Пасивна радіолокація	102	0	12	2.0
763	Пентакварк	24	0	4	1.0
764	Перетворення Гільберта	50	0	9	2.0
765	Перехресна ентропія	60	0	16	1.0
766	Період напіврозпаду	1759	14	126	53.0
767	Питомий імпульс	36	0	5	1.0
768	Питомий коефіцієнт поглинання електромагнітної енергії	53	0	7	2.0
769	Піони	144	0	12	4.0
770	Плазмон	29	0	5	1.0
771	Плутоній-239	725	4	59	23.0
772	Повне внутрішнє відбиття	683	0	56	21.0
773	Позитрон	219	2	15	6.0
774	Позитроній	24	0	4	1.0
775	Поляритон	30	0	3	1.0
776	Полярон	15	0	4	0.0
777	Померон	5	0	2	0.0
778	Попов Олександр Степанович	284	1	22	8.0
779	Посудина Дьюара	127	0	9	4.0
780	Поширення радіохвиль	383	0	30	13.0
781	Припустиме затухання	4	0	2	0.0
782	Проект Y	35	0	6	1.0
783	Протон	1064	10	102	35.0
784	Радар	400	3	26	13.0
785	Радар із синтезованою апертурою	48	0	9	1.0
786	Радіаційна аварія	808	7	50	26.0
787	Радіоелектронна протидія	46	0	5	1.0
788	Радіозв'язок	442	0	38	11.0
789	Радіолокаційні перешкоди	61	0	12	2.0
790	Радіофотонна РЛС	22	0	3	1.0
791	Реактивний рух	364	1	27	11.0
792	Рейкотрон	79	0	11	2.0
793	Рівняння Греда — Шафранова	5	0	1	1.0
794	Рідкі кристали	1039	3	85	28.0
795	Ро-мезон	8	0	2	0.0
796	Розходження Кульбака — Лейблера	33	0	5	1.0
797	Ротон	9	0	2	0.0
798	Рутеній	149	0	10	4.0
799	Світлодіод	1281	5	92	40.0
800	Сигма-баріон	2	0	1	0.0
801	Сигма-дельта-модуляція	69	0	9	2.0
802	Сила Лоренца	2553	7	161	90.0
803	Спектральна ефективність	62	0	9	2.0
804	Спектрофотометр	146	1	15	4.0
805	Список позначень у фізиці	2222	12	145	70.0
806	Спільна ентропія	26	0	4	1.0
807	Сплутані квантові стани	146	1	10	4.0
808	Стандартний стан	104	0	8	3.0
809	Статистичний шум	3	0	1	0.0
810	Стерильне нейтрино	9	0	2	0.0
811	Супергетеродинний радіоприймач	162	0	18	3.5
812	Суперсиметрія	87	0	7	3.0
813	Супутниковий зв'язок	364	1	40	11.0
814	Сферміон	4	0	2	0.0
815	Тау-лептон	26	0	3	1.0
816	Тахіони	316	1	50	7.0
817	Телур	210	1	14	6.0
818	Теорія де Бройля — Бома	52	0	10	2.0
819	Теплобачення	113	0	14	3.0
820	Термоядерна енергія	453	1	28	15.0
821	Тета-мезон	0	0	0	0.0
822	Тетракварк	3	0	2	0.0
823	Томаш Станецький	4	0	2	0.0
824	Торій	326	2	22	9.0
825	Траєкторія	570	3	37	20.0
826	Тритій	446	6	24	14.0
827	Тріон	6	0	2	0.0
828	Уран-235	3093	31	250	95.0
829	Фазова модуляція	376	1	26	11.5
830	Фазована антенна решітка	191	0	16	6.0
831	Ферміон	248	2	15	7.0
832	Фі-мезон	3	0	1	0.0
833	Фізика	1708	22	133	56.0
834	Фізика низьких температур (журнал)	19	0	4	1.0
835	Фонон	155	0	13	4.0
836	Формула Койде	10	0	2	1.0
837	Фотон	1732	15	114	55.0
838	Фундаментальна частинка	38	0	4	1.0
839	Функція розподілу (статистична фізика)	16	0	3	1.0
840	Хронологія квантових обчислень	18	0	4	1.0
841	Циклотронна маса	3	0	1	0.5
842	Частотна модуляція	610	1	47	17.0
843	Черенковське випромінювання	2418	13	327	71.0
844	Число Авогадро	617	4	45	19.0
845	Число Маха	609	6	42	19.0
846	Шипіння (ядерна зброя)	14	0	3	1.0
847	Шлях (фізика)	474	2	44	12.0
848	Ядерна енергетика	1013	5	87	33.0
849	Ядерне випробування	131	0	13	4.0
850	Ядерний вибух	742	7	49	22.0
851	Ядро атома	1533	3	100	52.0
852	B-кварк	15	0	3	0.0
853	B-мезон	5	0	2	0.0
854	BeamForming	47	0	4	2.0
855	C-кварк	11	0	2	0.0
856	CERN	332	4	22	10.0
857	D-кварк	25	0	4	1.0
858	D-мезон	4	0	1	0.0
859	J/ψ-мезон	2	0	1	0.0
860	Ku-діапазон	66	0	6	2.0
861	S-кварк	20	0	3	1.0
862	T-кварк	23	0	3	1.0
863	T-мезон	5	0	2	0.0
864	U-кварк	45	0	7	1.0
865	W- і Z-бозони	34	0	4	1.0
866	Wendelstein 7-X	26	0	3	1.0
867	X та Y бозони	11	0	3	0.0
