1	*-алгебра	11	0	4	0.0
2	0 (число)	475	3	26	17.0
3	0,(9)	29	0	6	1.0
4	1 (число)	178	1	12	5.0
5	2 (число)	141	0	11	4.0
6	3-сфера	6	0	2	0.0
7	4-вектор	67	0	9	1.5
8	6 (число)	178	2	10	6.0
9	Абак (рахівниця)	157	0	17	4.0
10	Абелева група	147	1	14	4.0
11	Абсолютна похибка вимірювання	904	0	65	26.0
12	Абстрактна алгебра	83	0	7	3.0
13	Абстракція	1192	15	69	39.0
14	Азартна гра (теорія ігор)	7	0	3	0.0
15	Аксіома	1108	16	54	34.0
16	Аксіома вибору	83	0	22	2.0
17	Аксіома паралельності Евкліда	53	0	5	1.0
18	Аксіоматика Гільберта	22	0	5	1.0
19	Аксіоми Пеано	128	1	8	5.0
20	Актуарій	159	0	12	5.0
21	Актуарна математика	132	1	10	4.0
22	Алан Тюрінг	1990	21	327	40.0
23	Алгебра	338	1	23	9.0
24	Алгебра Кліфорда	11	0	2	1.0
25	Алгебра Лі	38	0	5	1.0
26	Алгебра логіки	851	1	55	25.0
27	Алгебраїчне числове поле	14	0	3	0.0
28	Алгебраїчні числа	44	0	6	1.0
29	Алгебрична геометрія	37	0	7	1.0
30	Алгебрична топологія	13	0	2	1.0
31	Алгебричний многовид	21	0	2	1.0
32	Алгебрично замкнуте поле	22	0	4	0.5
33	Алгоритм	4348	21	268	134.0
34	Алгоритм Евкліда	660	2	49	20.0
35	Алгоритм імітації відпалу	183	0	17	4.5
36	Александр Гротендік	38	0	7	1.0
37	Аль-Хорезмі	117	0	13	3.5
38	Альберт Ейнштейн	2313	55	106	75.0
39	Альфред Грей	5	0	2	0.0
40	Альфред Тарський	23	0	4	1.0
41	Американське математичне товариство	14	0	2	0.0
42	Аналітична геометрія	239	1	18	7.0
43	Аналітична теорія чисел	11	0	2	1.0
44	Аналітична функція	183	1	14	5.5
45	Аналогова обчислювальна машина	123	0	11	4.0
46	Андре Вейль	11	0	2	0.0
47	Анрі Леон Лебег	22	0	17	0.0
48	Анрі Пуанкаре	145	0	9	5.0
49	Антіфонт	3	0	1	0.0
50	Аполлоній Перзький	17	0	4	1.0
51	Апостеріорна ймовірність	146	0	15	4.0
52	Арифметика	205	1	18	6.0
53	Арифметична функція	42	0	6	2.0
54	Арістотель	2461	20	163	71.0
55	Арнольд Володимир Ігорович	45	0	5	1.0
56	Артур Кейлі	7	0	1	0.0
57	Архімед	472	6	28	15.0
58	Асимптота	285	2	21	9.0
59	Асоціативність	301	1	24	9.0
60	Атлас (математика)	5	0	2	0.0
61	Атле Сельберг	8	0	2	0.0
62	Атрактор	163	1	13	4.0
63	Аттична система числення	24	0	6	1.0
64	Афінна геометрія	44	0	12	1.0
65	Багатократний інтеграл	162	0	14	4.0
66	Багатокритеріальна оптимізація	261	1	21	7.0
67	Баєсів інформаційний критерій	19	0	5	0.0
68	Баєсова ймовірність	84	0	8	3.0
69	Баєсова лінійна регресія	67	0	9	1.5
70	Баєсова мережа	176	0	19	5.0
71	Баєсова оцінка	60	0	7	2.0
72	Баєсове виведення	45	0	5	1.0
73	Банахів простір	211	0	18	6.0
74	Банахова алгебра	15	0	5	1.0
75	Басейн притягання	5	0	2	0.0
76	Безвиграшна ситуація	24	0	3	1.0
77	Безкоаліційна гра	7	0	3	0.0
78	Безмасштабна мережа	10	0	2	0.0
79	Бенуа Мандельброт	65	0	15	2.0
80	Бернгард Ріман	63	0	8	2.0
81	Бертран Расселл	257	2	16	9.0
82	Бета-функція	114	0	13	3.0
83	Бієкція	272	1	18	9.0
84	Білінійне відображення	6	0	2	0.0
85	Бінарна класифікація	88	0	14	2.0
86	Біном Ньютона	574	7	32	18.0
87	Біноміальний коефіцієнт	273	2	22	9.0
88	Біноміальний розподіл	698	3	70	20.0
89	Блез Паскаль	471	2	51	10.0
90	Броунівське дерево	9	0	2	0.5
91	Броунівський рух	797	2	64	22.0
92	Булеан	218	1	24	6.0
93	Булева алгебра (структура)	148	0	17	4.0
94	Булева функція	1159	3	104	36.0
95	Буняковський Віктор Якович	53	0	9	1.0
96	Варіаційне числення	97	0	11	2.0
97	Вейвлет	141	0	13	4.0
98	Вектор (математика)	1018	13	97	29.0
99	Векторне поле	168	0	15	5.0
100	Векторне числення	30	0	5	1.0
101	Векторний простір	457	3	45	14.0
102	Велика теорема Ферма	462	4	32	13.0
103	Верхня і нижня границі	94	0	8	3.0
104	Взаємна інформація	138	0	46	1.0
105	Взаємно прості числа	534	4	64	12.0
106	Вибірка	1430	10	95	44.0
107	Визначник	1006	12	72	32.0
108	Виключна диз'юнкція	857	4	61	28.0
109	Вимірна функція	93	0	8	3.0
110	Випадкова величина	1095	6	74	31.0
111	Випадкова подія	417	4	38	14.0
112	Випадкове блукання	36	0	4	1.0
113	Випадковий процес	343	1	24	10.0
114	Випадковий процес з довгою пам'яттю	7	0	3	0.5
115	Випадкові числа	56	0	7	2.0
116	Вироджений розподіл	29	0	5	1.0
117	Висковатов Василь Іванович	2	0	1	0.5
118	Висота (величина)	2	0	1	0.0
119	Від'ємне число	333	1	28	11.0
120	Відкрита множина	142	1	11	4.0
121	Відкриті математичні питання	126	0	18	2.0
122	Віднімання	335	3	27	10.0
123	Відношення	274	1	20	8.0
124	Відношення еквівалентності	516	1	30	19.0
125	Відношення порядку	341	0	35	10.5
126	Відособлений розподіл	15	0	4	0.0
127	Відсоток	907	9	54	30.0
128	Відстань	566	5	47	18.0
129	Вільна група	13	0	2	1.0
130	Вільний параметр	0	0	0	0.0
131	Вільні і зв'язані змінні	31	0	4	1.0
132	Вільям Ровен Гамільтон	27	0	3	1.0
133	Вільям Терстон	15	0	2	1.0
134	Вісімкова система числення	219	0	21	6.0
135	Вісь	296	2	21	8.0
136	Вкладення Сегре	0	0	0	0.0
137	Власні вектори та власні числа	668	1	44	22.0
138	Внутрішня точка	42	0	6	1.0
139	Гамма-розподіл	91	0	10	2.5
140	Гамма-функція	329	1	27	11.0
141	Гармонічна функція	77	0	9	2.0
142	Гармонічний аналіз	62	0	10	2.0
143	Гаусові числа	44	0	5	2.0
144	Гельфанд Ізраїль Мойсейович	40	0	3	1.0
145	Генератор псевдовипадкових чисел	260	1	21	8.0
146	Генератриса	150	0	13	4.0
147	Генерація випадкових чисел	245	1	15	8.0
148	Геодезична лінія	179	0	16	4.0
149	Геометрична прогресія	2366	17	292	39.0
150	Геометричний броунівський рух	15	0	3	1.0
151	Геометрія	421	4	28	13.0
152	Геометрія Лобачевського	146	1	12	4.0
153	Георг Кантор	55	0	5	1.0
154	Герман Вейль	17	0	4	0.0
155	Гідроаеромеханіка	57	0	6	2.0
156	Гідромеханіка	50	0	8	1.0
157	Гійом де Лопіталь	9	0	2	0.0
158	Гільбертів простір	280	1	32	8.0
159	Гіпербола (математика)	969	4	69	31.0
160	Гіпергеометричний розподіл	85	0	6	3.0
161	Гіперграф	21	0	4	1.0
162	Гіперповерхня	33	0	5	1.0
163	Гіпотеза Гольдбаха	42	0	6	1.0
164	Гіпотеза Пуанкаре	357	1	27	10.0
165	Гіпотеза Рімана	174	1	15	4.0
166	Гістограма	497	1	37	16.0
167	Голоморфна функція	119	0	14	3.0
168	Гомеоморфізм	58	0	5	2.0
169	Гомологічна алгебра	7	0	2	0.0
170	Гомоморфізм	210	0	17	6.0
171	Гомоморфізм груп	112	0	13	3.0
172	Гомоморфне шифрування	21	0	3	1.0
173	Гомотопія	24	0	5	1.0
174	Готлоб Фреге	50	0	5	1.0
175	Готфрід Вільгельм Ляйбніц	367	3	31	10.0
176	Гра без побічних платежів	1	0	1	0.0
177	Градієнтний спуск	386	1	36	10.5
178	Градієнтні методи	113	0	12	4.0
179	Границя	347	2	25	10.0
180	Границя функції в точці	646	2	38	22.0
181	Границя числової послідовності	298	1	21	9.0
182	Граф (математика)	1416	4	104	42.0
183	Група (математика)	390	3	30	12.0
184	Група Галуа	10	0	3	0.0
185	Група Лі	51	0	6	2.0
186	Густина імовірності	459	2	34	14.5
187	Ґратка (порядок)	67	0	8	2.0
188	Давид Гільберт	84	0	8	2.0
189	Дванадцяткова система числення	45	0	6	1.0
190	Девід Мамфорд	7	0	2	0.0
191	Декартова система координат	984	9	61	30.0
192	Дельта-метод	17	0	2	1.0
193	Дельта-функція Дірака	291	1	21	8.0
194	Дерево (теорія графів)	643	2	43	18.0
195	Джеймс Клерк Максвелл	241	0	42	6.0
196	Джон Конвей	12	0	2	0.0
197	Джон Мілнор	12	0	3	0.0
198	Джон фон Нейман	218	2	18	7.0
199	Джон Форбс Неш	633	7	36	20.0
200	Джордж Буль	89	0	8	2.5
201	Джуліо Асколі	3	0	2	0.0
202	Дзета-функція Рімана	113	0	15	3.0
203	Диз'юнкт Горна	8	0	2	0.0
204	Динамічна гра	12	0	3	1.0
205	Динамічна система	403	1	27	12.0
206	Дискретна група	7	0	2	0.0
207	Дискретна математика	846	8	54	26.0
208	Дискретний логарифм	68	0	11	2.0
209	Дискримінант	285	2	20	8.0
210	Дисперсійний аналіз	716	2	59	19.5
211	Дисперсія випадкової величини	2644	11	172	76.0
212	Дистрибутивність	181	0	15	6.0
213	Дифеоморфізм	21	0	3	1.0
214	Диференціальна геометрія	104	0	9	3.0
215	Диференціальне рівняння з частинними похідними	496	1	47	14.0
216	Диференціальне та інтегральне числення	128	0	13	3.0
217	Диференціальне числення	227	1	16	7.0
218	Диференціальні рівняння	3661	13	223	137.0
219	Диференційовний многовид	18	0	2	1.0
220	Дійсне число	1971	26	137	52.0
221	Дійснозначна функція	11	0	2	0.5
222	Ділення	276	1	25	9.0
223	Діофантові рівняння	197	0	16	7.0
224	Дія (фізика)	26	0	3	1.0
225	Добуток	814	11	56	24.0
226	Довга арифметика	73	0	14	2.0
227	Доведення	138	0	13	3.5
228	Доведення з нульовим пізнанням	27	0	4	1.0
229	Довжина	683	8	42	23.0
230	Довжина кривої	146	0	13	5.0
231	Довірчий інтервал	895	4	62	28.0
232	Додавання	479	6	34	15.0
233	Дональд Кнут	75	0	6	2.0
234	Досконале число	81	0	10	2.0
235	Дослідження операцій	498	1	36	15.0
236	Дотична	186	1	16	5.0
237	Дотичний простір	20	0	4	1.0
238	Дріб	1172	16	81	34.0
239	Друга похідна	166	1	16	4.0
240	Еварист Галуа	62	0	8	2.0
241	Евклід	203	1	14	7.0
242	Евклідів простір	455	1	28	14.0
243	Евклідова геометрія	195	2	14	6.0
244	Едвард Віттен	21	0	4	1.0
245	Експоненційний розподіл	549	1	43	14.0
246	Ексцентриситет	405	4	26	12.0
247	Елементарна математика	36	0	4	1.0
248	Елі Жозеф Картан	12	0	2	0.0
249	Еліпс	1096	7	69	41.0
250	Еліптична крива	304	0	40	9.0
251	Еліптична криптографія	187	0	22	5.0
252	Еліптична функція	10	0	2	0.5
253	Еммі Нетер	167	0	21	4.0
254	Емпірична функція розподілу	478	2	34	15.0
255	Ентропійна швидкість	8	0	1	0.0
256	Ентропія	3052	30	192	90.0
257	Ератосфен	306	2	75	6.0
258	Ергодичний розподіл	28	0	6	1.0
259	Ермітова форма	7	0	2	0.0
260	Ефект метелика (математика)	306	2	18	10.0
261	Жак Соломон Адамар	14	0	4	0.0
262	Жан-П'єр Серр	16	0	3	1.0
263	Житомирська Світлана Яківна	10	0	2	0.0
264	Життя (гра)	173	0	17	6.0
265	Жозеф-Луї Лагранж	61	0	6	2.0
266	Жорданова нормальна форма	158	0	14	5.0
267	Загальна лінійна група	4	0	1	0.0
268	Загальна теорія відносності	559	8	48	17.0
269	Загальна топологія	17	0	2	1.0
270	Задання групи	3	0	1	0.0
271	Задача дробово-лінійного програмування	64	0	9	2.0
272	Задача про пакування в ємності	27	0	4	1.0
273	Задача розв'язності	19	0	4	1.0
274	Закон великих чисел	451	0	36	13.0
275	Закон виключеного третього	217	0	19	5.0
276	Закони Кеплера	1396	1	109	36.0
277	Закони Ланчестера	7	0	1	0.0
278	Закони Ньютона	4215	53	235	153.0
279	Замикання (математика)	110	0	16	3.0
280	Заперечення	386	3	24	11.0
281	Зв'язність (диференціальна геометрія)	4	0	1	0.0
282	Звичайні диференціальні рівняння	247	1	24	7.0
283	Згортка (математичний аналіз)	309	2	32	8.0
284	Зліченна множина	156	0	17	4.0
285	Знак рівності	297	3	19	9.0
286	Зовнішня алгебра	25	0	5	1.0
287	Зовнішня похідна	9	0	3	0.0
288	Золота спіраль	102	1	9	3.0
289	Золотий перетин	1826	29	82	60.0
290	Ізометрія (математика)	60	0	13	1.0
291	Ізоморфізм	243	1	19	7.0
292	Ізоморфізм груп	65	0	7	2.0
293	Імовірнісна логіка	21	0	5	1.0
294	Імовірність	1060	6	68	35.0
295	Імпульс (механіка)	996	6	61	33.0
296	Індекс контура відносно точки	10	0	3	0.0
297	Індо-арабська система числення	301	4	19	9.0
298	Інтеграл	3335	25	172	115.0
299	Інтеграл Лебега	146	0	21	3.0
300	Інтегральна теорема Коші	200	1	16	6.0
301	Інтегральна формула Коші	158	1	13	5.0
302	Інтегральне правило Лейбніца	19	0	3	1.0
303	Інтегральне рівняння	82	0	9	2.5
304	Інтервал (математика)	91	0	9	2.0
305	Інтерполяція	1045	4	66	29.0
306	Інформаційна ентропія	731	3	54	21.0
307	Інформаційний критерій Акаіке	64	0	8	1.0
308	Інформація	4896	29	315	152.0
309	Ірраціональні числа	835	8	59	23.0
310	Ісаак Ньютон	938	14	71	29.0
311	Історія геометрії	65	0	9	2.0
312	Історія математики	345	1	38	9.0
313	Історія математичних позначень	59	0	9	1.0
314	Істотний многовид	0	0	0	0.0
315	Ймовірнісний простір	90	0	13	2.0
316	Йоганн Кеплер	180	1	18	5.0
317	Калібрувальна інваріантність	38	0	4	1.0
318	Канонічна кореляція	17	0	4	1.0
319	Карл Вейєрштрасс	41	0	6	1.0
320	Карл Фрідріх Гаусс	258	0	29	7.0
321	Категорійна змінна	70	0	9	2.0
322	Категорійний розподіл	28	0	4	1.0
323	Квадрат	545	6	35	16.0
324	Квадратична форма	261	1	19	7.0
325	Квадратичний закон взаємності	17	0	2	1.0
326	Квадратне рівняння	1443	17	122	36.0
327	Квадратний корінь	787	10	54	22.0
328	Квантова електродинаміка	76	0	7	2.0
329	Квантова криптографія	76	0	7	2.0
330	Квантова логіка	18	0	4	1.0
331	Квантова механіка	916	11	73	27.0
332	Квантова хромодинаміка	104	0	7	4.0
333	Квартет Анскомбе	6	0	1	0.0
334	Китайська теорема про остачі	74	0	12	2.0
335	Кільце (алгебра)	332	1	27	11.0
336	Кільце многочленів	46	0	6	2.0
337	Кінематика	759	1	52	24.0
338	Кінетична енергія	1386	7	87	43.0
339	Клавдій Птолемей	342	3	37	8.0
340	Клас еквівалентності	183	0	19	5.0
341	Клас складності NP	134	0	18	4.0
342	Клас складності P	150	0	17	4.0
343	Клас складності PSPACE	5	0	2	0.0
344	Класична механіка	416	2	26	13.0
345	Кластеризація методом к–середніх	515	1	44	16.0
346	Коваріація	434	2	32	13.0
347	Коефіцієнт Баєса	18	0	3	1.0
348	Коефіцієнт Жаккара	71	0	9	2.0
349	Колмогоров Андрій Миколайович	90	1	6	3.0
350	Коло	1084	13	84	32.0
351	Комбінаторика	931	4	61	28.0
352	Комбінаторна оптимізація	48	0	5	1.0
353	Комбінація (комбінаторика)	580	5	38	16.0
354	Компактний простір	194	0	16	6.0
355	Комплексна площина	103	0	8	2.0
356	Комплексне число	1729	18	99	55.0
357	Комплексний аналіз	146	0	12	5.0
358	Композиція функцій	132	1	10	4.0
359	Компонента зв'язності графа	194	0	17	6.0
360	Комутативна алгебра	6	0	1	0.0
361	Комутативне кільце	31	0	4	1.0
362	Комутативність	360	3	32	11.0
363	Кон'юнкція	729	1	53	23.0
364	Конкатенація	205	0	16	6.0
365	Континуум-гіпотеза	42	0	7	1.0
366	Контрапозиція	36	0	6	1.0
367	Кооперативна гра (теорія ігор)	23	0	5	1.0
368	Кореляція і залежність	1584	7	100	54.0
369	Кортеж (інформатика)	252	1	21	8.0
370	Крайова задача	175	1	13	5.0
371	Крива	152	1	15	4.0
372	Кривина (математика)	152	0	15	6.0
373	Криві другого порядку	644	2	45	20.0
374	Криза основ математики	18	0	2	0.5
375	Криптоаналіз	208	1	17	6.0
376	Криптографічна геш-функція	269	1	30	7.0
377	Криптографічно стійкий генератор псевдовипадкових чисел	104	0	12	3.0
378	Криптографія	1563	15	116	42.0
379	Критерій Фішера	1036	3	99	30.0
380	Критична точка (математика)	184	1	15	4.0
381	Куб	551	7	40	16.0
382	Куля (геометрія)	6	0	3	0.0
383	Курт Гедель	49	0	8	1.0
384	Кут	598	7	42	16.0
385	Кутова швидкість	1081	5	75	32.0
386	Кутовий коефіцієнт	912	3	95	21.0
387	Лагранжіан	66	0	5	2.5
388	Лазар Карно	22	0	4	1.0
389	Ланцюги Маркова	395	0	46	12.5
390	Ланцюги Маркова з неперервним часом	26	0	7	1.0
391	Ланцюговий дріб	174	0	20	4.0
392	Лейтзен Егберт Ян Брауер	11	0	2	0.5
393	Лексель Андрій Іванович	2	0	1	0.0
394	Лема Гронуолла—Беллмана	21	0	5	1.0
395	Лема Цорна	22	0	5	1.0
396	Леонард Ейлер	281	2	21	9.0
397	Лінійна алгебра	255	0	20	8.0
398	Лінійна комбінація	84	0	10	2.0
399	Лінійна регресія	1218	6	74	37.0
400	Лінійна функція	551	1	57	13.0
401	Лінійне відображення	292	1	23	9.0
402	Лінійне програмування	1068	4	78	31.0
403	Лінійне рівняння	697	6	64	17.0
404	Лінія	127	0	11	5.0
405	Логарифм	1598	18	97	54.0
406	Логарифмічно угнута функція	4	0	1	0.5
407	Логіка	1641	14	108	49.0
408	Логіка другого порядку	21	0	3	1.0
409	Логіка першого порядку	198	1	20	6.0
410	Логічний сполучник	163	0	24	4.0
411	Любич Михайло Юрійович	4	0	2	0.0
412	Ляпунов Олександр Михайлович	64	0	6	2.0
413	Майже періодична функція	24	0	2	1.0
414	Майкл Атія	23	0	3	0.5
415	Максимальний ідеал	15	0	2	1.0
416	Маргуліс Григорій Олександрович	11	0	2	0.0
417	Марковська властивість	31	0	6	1.0
418	Марковська модель	94	0	7	4.0
419	Марковський момент часу	19	0	3	1.0
420	Марковський процес	145	0	14	4.0
421	Марковський процес вирішування	68	0	6	2.0
422	Мартингал	19	0	5	1.0
423	Математик	148	1	14	5.0
424	Математика	1445	22	91	44.0
425	Математична індукція	311	1	76	7.0
426	Математична константа	94	0	11	2.0
427	Математична логіка	285	0	29	6.0
428	Математична статистика	437	2	38	11.0
429	Математична фізика	143	1	15	3.0
430	Математичне моделювання	672	3	51	20.0
431	Математичне сподівання	1841	3	143	58.0
432	Математичний аналіз	378	3	27	11.0
433	Матриця (математика)	2080	17	123	70.0
434	Матриця суміжності	785	0	59	22.0
435	Машина Тюрінга	648	4	44	20.0
436	Медаль Філдса	113	1	16	2.5
437	Медіана (статистика)	1538	8	112	35.0
438	Мероморфна функція	39	0	5	1.0
439	Метаматематика	21	0	3	1.0
440	Метамова	121	0	10	4.0
441	Метод Гауса	883	9	56	25.0
442	Метод Гауса — Жордана	197	0	16	5.5
443	Метод головних компонент	421	1	42	9.0
444	Метод групового урахування аргументів	122	0	21	3.0
445	Метод максимальної правдоподібності	382	1	25	11.0
446	Метод матриць переходу	18	0	4	1.5
447	Метод Монте-Карло	568	4	38	19.0
448	Метод невизначених множників	173	0	12	5.0
449	Метод Ньютона	415	0	36	12.5
450	Метод скінченних різниць	263	0	18	10.0
451	Метричний простір	380	1	31	12.0
452	Метричний тензор	48	0	8	1.0
453	Механіка Гамільтона	66	1	6	2.0
454	Мимобіжні прямі	251	1	21	8.0
455	Міжнародна математична олімпіада	47	0	4	1.0
456	Мінімальна довжина повідомлення	2	0	1	0.0
457	Мінімізація булевих функцій за допомоги дужкових форм	51	1	6	2.0
458	Міра множини	115	1	10	3.0
459	Міра Хаара	6	0	2	0.0
460	Многовид	111	0	12	3.0
461	Многогранник	363	1	33	9.0
462	Многокутник	352	1	33	10.0
463	Многочлен	670	11	39	22.0
464	Множення	373	4	26	11.0
465	Множина	1609	9	97	51.0
466	Мода (статистика)	1060	5	93	29.0
467	Модель Барабаші — Альберт	10	0	1	1.0
468	Модель Блека — Шоулза	59	0	6	2.0
469	Модуль (математика)	629	6	55	19.0
470	Модуль над кільцем	37	0	4	1.0
471	Модульна арифметика	280	1	21	8.0
472	Модулярна форма	21	0	3	1.0
473	Мультиіндекс	5	0	2	0.0
474	Мультимножина	43	0	5	1.0
475	Найбільше відоме просте число	259	2	18	8.0
476	Найбільший спільний дільник	623	8	37	21.0
477	Найменше спільне кратне	799	8	48	26.0
478	Накриття (топологія)	5	0	1	0.0
479	Напівмартингал	6	0	3	0.0
480	Нат (одиниця вимірювання)	21	0	4	1.0
481	Натуральні числа	2177	33	137	62.0
482	Начала Евкліда	85	1	8	2.0
483	Нго Бао Чау	8	0	3	0.0
484	Невластивий інтеграл	4	0	1	0.0
485	Недетермінований скінченний автомат	89	0	10	2.0
486	Неевклідова геометрія	148	1	22	4.0
487	Незалежність (теорія ймовірностей)	204	0	21	6.0
488	Незвідний многочлен	139	0	12	3.0
489	Неімплікація	19	0	8	0.5
490	Нелінійні диференціальні рівняння	14	0	2	1.0
491	Неперервна справа функція з лівосторонніми границями	9	0	2	1.0
492	Неперервна функція	843	7	55	26.0
493	Нерівність	650	3	55	21.0
494	Нерівність Коші — Буняковського	455	1	44	12.0
495	Нерівність трикутника	128	0	12	4.0
496	Нерівність Чебишова	274	1	22	9.0
497	Нескінченність	369	6	21	12.0
498	Нечітка множина	381	0	46	8.0
499	Ніколя Бурбакі	52	0	6	2.0
500	Нільпотентна група	13	0	11	0.0
501	Нім (гра)	66	0	7	2.0
502	Норма (математика)	262	2	28	8.0
503	Норма (теорія полів)	3	0	1	0.0
504	Нормальна підгрупа	25	0	6	1.0
505	Нормальний розподіл	2160	16	160	59.0
506	Обернена функція	245	1	18	8.0
507	Обернені тригонометричні функції	405	3	26	12.0
508	Область визначення	1315	6	164	26.0
509	Область значень	475	2	65	9.0
510	Область цілісності	50	0	8	1.0
511	Обчислювальна математика	127	1	10	4.0
512	Обчислювана функція	78	0	6	2.0
513	Оґюстен-Луї Коші	96	1	9	3.0
514	Одностороння функція	42	0	7	1.0
515	Окіл	125	0	12	4.0
516	Омар Хайям	915	15	49	28.0
517	Оператор Лапласа	249	2	22	7.0
518	Оптимізація (математика)	679	1	50	17.0
519	Оптимум Парето	392	1	38	12.0
520	Опукла комбінація	11	0	3	0.0
521	Опукла множина	130	0	14	4.0
522	Опукла функція	190	0	14	6.0
523	Ортогональна матриця	192	0	17	5.0
524	Ортогональність	289	0	22	9.0
525	Ортонормований базис	162	0	13	4.5
526	Оскар Зарицький	6	0	1	0.0
527	Основна теорема алгебри	106	0	9	3.0
528	Основна теорема арифметики	166	1	17	4.0
529	Оцінка апостеріорного максимуму	28	0	7	1.0
530	Оцінка густини	24	0	3	1.0
531	П'єр Рене Делінь	8	0	3	0.0
532	П'єр Ферма	74	0	10	2.0
533	П'єр-Симон Лаплас	114	0	12	3.0
534	П'ятикомірник	2	0	1	0.0
535	Пал Ердеш	33	0	5	1.0
536	Парабола	1145	9	90	30.0
537	Парадокс Банаха — Тарського	94	0	9	2.0
538	Парадокс Расселла	143	0	12	5.0
539	Паралельність	259	1	28	6.0
540	Параметр	232	1	20	6.0
541	Переважне приєднання	14	0	5	0.0
542	Перевірка відношенням правдоподібностей	31	0	6	1.0
543	Перевірка статистичних гіпотез	467	1	35	13.0
544	Перельман Григорій Якович	345	4	30	10.0
545	Перестановка	348	2	25	9.0
546	Перетворення Гільберта	50	0	9	2.0
547	Перетворення Лапласа	517	0	56	15.0
548	Перетворення Фур'є	1055	2	81	28.0
549	Перетин множин	366	2	23	11.0
550	Перехресна ентропія	60	0	16	1.0
551	Перехресна перевірка	115	0	21	2.5
552	Периметр	220	2	17	6.0
553	Періодична функція	162	0	12	5.0
554	Періодичний стан	4	0	1	0.5
555	Підмножина	418	2	64	12.0
556	Піднесення до степеня	1333	13	96	39.0
557	Підстановка	29	0	4	1.0
558	Піфагор	990	12	58	30.0
559	Планування експерименту	498	1	38	15.0
560	Площа	1548	22	107	46.0
561	Площа поверхні	53	0	7	1.0
562	Площина	403	4	34	12.0
563	Поверхневий інтеграл	378	1	38	11.0
564	Поверхня	298	1	19	10.0
565	Повний метричний простір	98	0	13	3.0
566	Подвійні числа	27	0	4	1.0
567	Подільність	139	0	10	4.0
568	Позиційні системи числення	601	1	38	22.0
569	Показникова функція	707	4	53	21.0
570	Пол Джозеф Коен	7	0	2	0.0
571	Поле (алгебра)	261	1	21	8.0
572	Поле Галуа	311	0	31	8.0
573	Поліноми Ерміта	90	0	13	2.0
574	Поль Дірак	61	0	6	2.0
575	Полюс (комплексний аналіз)	31	0	3	1.0
576	Полярна система координат	737	3	45	24.0
577	Помилки першого і другого роду	345	2	25	10.5
578	Порядкове число	40	0	8	1.0
579	Послідовність	297	2	20	9.0
580	Послідовність Фібоначчі	950	13	45	33.0
581	Потужність множини	496	1	48	15.0
582	Похибки та залишки	202	1	36	5.5
583	Похідна	3417	26	227	126.0
584	Правило висновування	34	0	5	1.0
585	Правило Лопіталя	426	5	22	15.0
586	Правильний многокутник	270	0	26	6.0
587	Правильний трикутник	782	5	53	20.0
588	Представлення групи	14	0	3	0.0
589	Приблизне баєсове обчислення	78	0	7	3.0
590	Прикладна математика	486	5	32	15.0
591	Принцип детальної рівноваги	25	0	4	1.0
592	Принцип Діріхле	175	0	14	5.0
593	Принцип максиміну	13	0	2	1.0
594	Припущення	163	1	16	4.0
595	Прискорення	2355	12	154	78.0
596	Пристосованість (статистика)	34	0	5	1.0
597	Проблема зупинки	80	0	14	2.0
598	Проблема чотирьох фарб	88	0	9	3.0
599	Проблеми Гільберта	100	0	12	3.0
600	Проективна геометрія	39	0	5	1.0
601	Проективний простір	19	0	3	1.0
602	Проста група	10	0	3	1.0
603	Просте число	1151	11	65	37.0
604	Простір Мінковського	78	0	6	2.0
605	Простір Шварца	8	0	2	0.0
606	Простір Lp	165	1	24	4.0
607	Просторово-часовий інтервал	115	1	12	4.0
608	Протокол узгодження ключів	45	0	4	2.0
609	Процес Леві	10	0	2	1.0
610	Пряма	526	2	59	16.0
611	Пряма секретність	56	0	6	2.0
612	Прямий кут	151	0	10	4.0
613	Прямокутний трикутник	3344	38	262	91.0
614	Псевдотріангуляція	12	0	4	0.5
615	Пучок (математика)	7	0	1	0.0
616	Радіальна базисна функція	74	0	9	2.0
617	Радіан	438	4	33	12.0
618	Радіус	602	4	49	18.0
619	Раціональна функція	76	0	7	2.0
620	Раціональні числа	1487	22	108	41.0
621	Регістр зсуву з лінійним зворотним зв'язком	121	0	16	4.0
622	Регресійний аналіз	1544	4	117	49.0
623	Регуляризація (математика)	50	1	8	1.5
624	Рене Декарт	1511	8	128	39.0
625	Рене Том	20	0	4	1.0
626	Рерайтинг (математика)	9	0	3	0.0
627	Римська система числення	2929	44	141	94.0
628	Рівність класів P і NP	153	0	13	4.0
629	Рівновага Неша	271	1	29	8.0
630	Рівномірна збіжність	122	0	12	3.0
631	Рівномірна обмеженість	11	0	2	1.0
632	Рівностепенева неперервність	8	0	3	0.0
633	Рівняння	535	6	33	18.0
634	Рівняння Дірака	169	0	25	5.0
635	Рівняння конвекції-дифузії	73	0	12	2.0
636	Рівняння Лапласа	180	0	17	5.0
637	Рівняння Максвелла	1789	1	125	58.0
638	Рівняння Нав'є — Стокса	236	1	18	7.0
639	Рівняння Пелля	32	0	5	2.0
640	Рівняння теплопровідності	356	1	33	9.5
641	Рівняння Фоккера-Планка	46	0	13	1.5
642	Рівняння Чепмена — Колмогорова	69	0	9	2.0
643	Рівняння четвертого степеня	132	0	15	3.0
644	Рівняння Шредінгера	997	1	65	29.0
645	Ріманова поверхня	26	0	3	1.0
646	Ріхард Дедекінд	11	0	2	0.0
647	Річард Евен Борхердс	7	0	2	0.0
648	Роджер Пенроуз	49	0	9	1.0
649	Розбиття множини	198	1	18	5.0
650	Розв'язна група	14	0	3	0.0
651	Роздрібнена множина	2	0	1	0.0
652	Розмірність простору	114	0	9	3.0
653	Розподіл ймовірностей	681	4	69	18.0
654	Розподіл Коші	69	0	8	2.0
655	Розподіл Пуассона	798	4	67	23.0
656	Розподіл хі-квадрат	270	1	31	8.0
657	Розфарбовування ребер	127	0	35	3.0
658	Розходження Кульбака — Лейблера	33	0	5	1.0
659	Розширений фільтр Калмана	44	0	6	1.0
660	Розширення поля	38	0	5	1.0
661	Рональд Фішер	26	0	3	1.0
662	Ряд (математика)	392	3	32	12.0
663	Ряд Тейлора	1150	7	75	40.0
664	Ряд Фур'є	1643	13	134	54.0
665	Саймон Дональдсон	6	0	1	0.0
666	Середнє арифметичне	742	6	46	23.0
667	Середнє значення	765	3	61	21.0
668	Сигма-алгебра	115	0	10	4.0
669	Символ Кронекера	44	0	6	2.0
670	Символ Похгаммера	16	0	5	1.0
671	Симетрична група	55	0	8	2.0
672	Симетрія	676	4	43	20.0
673	Симетрія в математиці	95	0	10	2.5
674	Симплекс	108	0	10	3.0
675	Симплекс-метод	533	2	54	14.0
676	Сингулярний розклад матриці	172	0	17	4.0
677	Сингулярні гомології	3	0	1	0.0
678	Система координат	962	1	62	31.0
679	Система лінійних алгебраїчних рівнянь	1770	6	110	59.0
680	Система числення	1083	3	74	34.0
681	Сімеон-Дені Пуассон	52	0	21	1.0
682	Скаляр	222	1	20	7.0
683	Скалярний добуток	1315	3	104	38.0
684	Скінченна множина	211	0	18	5.5
685	Скінченні різниці	132	0	18	4.0
686	Складано-ножева перевибірка	16	0	3	1.0
687	Складене число	495	2	48	11.0
688	Соломон Лефшец	4	0	1	0.0
689	Спектральна теорема	14	0	6	1.0
690	Спеціальна теорія відносності	447	2	40	13.0
691	Список математичних категорій	15	0	3	1.0
692	Список тригонометричних тотожностей	684	4	44	20.0
693	Спільна ентропія	26	0	4	1.0
694	Спінор	17	0	5	0.0
695	Спліт-кватерніони	11	0	4	0.0
696	Спрямований ациклічний граф	68	0	15	2.0
697	Срініваса Рамануджан	215	1	16	6.0
698	Стандартна модель	175	0	30	5.0
699	Стандартне відхилення	2708	15	188	70.0
700	Статистика	1892	13	128	51.0
701	Статистична дисперсія	392	3	30	9.0
702	Статистична значущість	920	4	65	25.0
703	Статистична механіка	43	0	6	1.0
704	Статистичне висновування	89	0	10	3.0
705	Стаціонарна точка	113	0	11	4.0
706	Степеневий ряд	633	5	41	19.0
707	Степінь трансцендентності	1	0	1	0.0
708	Стефан Банах	273	1	40	8.0
709	Стівен Смейл	3	0	1	0.0
710	Стохастична гра	23	0	4	1.0
711	Стохастична матриця	25	0	5	1.0
712	Стохастична модель	194	0	16	6.0
713	Стохастичне числення Іто	19	0	3	1.0
714	Сума	640	4	39	21.0
715	Сфера	489	5	28	15.0
716	Сфера Рімана	23	0	4	1.0
717	Сферична система координат	404	1	35	12.5
718	Сюр'єкція	245	0	25	8.0
719	Таблиця множення	241	3	21	6.0
720	Теза Черча — Тюрінга	57	0	8	2.0
721	Тензорний добуток	42	0	7	1.0
722	Теорема	308	2	20	9.0
723	Теорема Асколі — Арцела	25	0	9	1.0
724	Теорема Баєса	844	5	58	25.0
725	Теорема Банаха про нерухому точку	68	0	9	2.0
726	Теорема Гамільтона — Келі	48	0	17	1.0
727	Теорема Гана — Банаха	26	0	4	1.0
728	Теорема Кантора	98	0	9	2.0
729	Теорема косинусів	1556	6	186	29.0
730	Теорема Лагранжа	486	3	42	12.0
731	Теорема Лагранжа (теорія груп)	57	0	5	3.0
732	Теорема Льовенгейма — Сколема	12	0	5	0.0
733	Теорема Піфагора	3415	55	247	99.0
734	Теорема про планарне розбиття	56	0	7	1.0
735	Теорема про розподіл простих чисел	44	0	6	1.0
736	Теорема Рамсея	30	0	4	1.0
737	Теорема Рімана — Роха	6	0	2	0.0
738	Теорема синусів	1096	4	144	17.0
739	Теорема Скорохода про вкладення	5	0	2	0.0
740	Теорема Стокса	349	0	26	12.0
741	Теореми Веєрштраса у банахових просторах	10	0	5	0.0
742	Теореми Геделя про неповноту	197	1	25	6.0
743	Теореми про ізоморфізми	25	0	6	1.0
744	Теоретична інформатика	111	1	11	3.0
745	Теорія алгоритмів	462	1	39	13.0
746	Теорія Вапника — Червоненкіса	4	0	2	0.0
747	Теорія випадкових процесів	43	0	4	1.0
748	Теорія відносності	763	5	53	24.0
749	Теорія Галуа	34	0	4	1.0
750	Теорія графів	844	3	50	26.0
751	Теорія груп	119	0	14	3.0
752	Теорія ігор	928	2	86	29.0
753	Теорія інваріантів	13	0	3	0.0
754	Теорія інформації	517	0	42	14.0
755	Теорія ймовірностей	1715	18	110	49.0
756	Теорія категорій	91	0	9	2.0
757	Теорія керування	279	3	17	9.0
758	Теорія кодування	284	0	29	5.0
759	Теорія масового обслуговування	178	0	16	4.0
760	Теорія мереж	52	0	5	2.0
761	Теорія множин	488	3	48	16.0
762	Теорія множин Цермело — Френкеля	48	0	11	1.0
763	Теорія наближень	17	0	4	0.5
764	Теорія обчислюваності	19	0	4	0.0
765	Теорія порядку	18	0	3	0.0
766	Теорія представлень	4	0	1	0.0
767	Теорія Серфа	0	0	0	0.0
768	Теорія складності обчислень	397	1	29	12.0
769	Теорія статистичного навчання	22	0	6	1.0
770	Теорія хаосу	412	4	37	12.0
771	Теорія чисел	187	0	15	4.0
772	Теплокарта	30	0	4	1.0
773	Теренс Тао	21	0	3	1.0
774	Тесеракт	236	2	14	8.0
775	Тімоті Гауерс	8	0	2	0.0
776	Топологічна група	19	0	6	0.5
777	Топологічний векторний простір	7	0	3	0.0
778	Топологічний простір	142	0	15	4.5
779	Топологія	298	1	23	8.0
780	Топологія Зариського	5	0	1	0.0
781	Тотожне відображення	32	0	5	1.0
782	Тотожність	644	3	49	19.0
783	Тотожність Ейлера	75	0	7	2.0
784	Точка	236	2	14	7.0
785	Точність до	6	0	2	0.0
786	Трансцендентне число	90	0	21	2.0
787	Трапеція	1766	11	175	38.0
788	Тривимірний опис об'єкта	127	0	10	4.0
789	Тригонометричні функції	2722	19	213	70.0
790	Тригонометрія	474	4	53	14.0
791	Трикутник	1276	16	94	36.0
792	Трикутник Рело	93	0	9	3.0
793	Тріангуляція (геометрія)	65	0	7	2.0
794	Узагальнена функція	58	0	23	1.0
795	Умови Коші — Рімана	106	0	11	3.0
796	Умовна ентропія	98	0	10	3.0
797	Умовне математичне сподівання	59	0	6	3.0
798	Уявна одиниця	219	0	18	7.0
799	Фазовий простір	155	0	33	4.0
800	Факторгрупа	66	0	12	2.0
801	Факторизація	133	1	10	4.0
802	Факторпростір	21	0	6	1.0
803	Фелікс Гаусдорф	6	0	2	0.0
804	Фелікс Кляйн	31	0	3	1.0
805	Фібоначчі	351	3	22	11.0
806	Фізика	1708	22	133	56.0
807	Філософія математики	35	0	4	1.0
808	Фільтр Калмана	199	1	21	5.0
809	Формальний степеневий ряд	28	0	7	1.0
810	Формула	194	1	16	5.0
811	Формула Гауса — Бонне	39	0	5	2.0
812	Формула Ейлера	663	4	39	22.0
813	Формула Муавра	207	0	20	5.0
814	Формула Ньютона — Лейбніца	959	4	52	35.0
815	Формула Остроградського	446	5	32	13.0
816	Формула повної ймовірності	772	4	81	18.0
817	Формула Фейнмана — Каца	12	0	3	1.0
818	Фрактал	972	13	75	28.0
819	Фрактальна розмірність	71	0	7	2.0
820	Франсуа Вієт	79	0	6	2.0
821	Фундаментальна група	7	0	2	0.0
822	Фундаментальна послідовність	136	0	15	4.0
823	Функтор	31	0	4	1.0
824	Функції Бесселя	120	0	12	3.0
825	Функціональна похідна	22	0	3	1.0
826	Функціональний аналіз	204	1	19	7.0
827	Функціональний ряд	530	1	36	17.0
828	Функція (математика)	1757	9	116	55.0
829	Функція внеску	17	0	2	1.0
830	Функція Ейлера	276	1	28	8.0
831	Функція Мебіуса	32	0	3	1.0
832	Функція правдоподібності	133	0	18	4.0
833	Функція розподілу (статистична фізика)	16	0	3	1.0
834	Функція розподілу ймовірностей	721	2	52	22.0
835	Характер представлення групи	6	0	2	0.0
836	Характеристика Ейлера	19	0	5	0.0
837	Характеристична функція	66	0	10	2.0
838	Хвильове рівняння	403	0	39	13.0
839	Хеш-функція	1041	5	61	33.0
840	Хроматичне число	127	0	14	3.5
841	Центральна гранична теорема	322	1	27	9.0
842	Центральний момент	71	0	7	2.5
843	Циклічний підклас	3	0	2	0.0
844	Циліндрична система координат	186	0	17	5.0
845	Цифри	1048	18	53	34.0
846	Ціла функція	36	0	4	2.0
847	Цілі числа	1041	16	74	30.0
848	Цілком впорядкована множина	44	0	7	1.0
849	Цілком неперервний оператор	6	0	2	0.0
850	Чарлз Сандерс Пірс	72	0	7	2.0
851	Час	1121	13	60	36.0
852	Часова область	21	0	4	1.0
853	Часовий ряд	729	0	56	24.0
854	Часткова похідна	936	3	67	31.0
855	Частково впорядкована множина	174	0	15	5.0
856	Частота події	111	0	12	3.0
857	Чезаре Арцела	2	0	1	0.0
858	Чисельне інтегрування	229	0	28	6.0
859	Чисельні методи	932	7	72	25.0
860	Числа Бернуллі	49	0	11	1.0
861	Числення висловлень	305	0	35	10.0
862	Число	726	7	46	22.0
863	Число пі	2247	42	116	71.0
864	Чиста математика	30	0	6	1.0
865	Чотири арифметичні дії	629	0	42	20.0
866	Шарль Ерміт	11	0	5	0.0
867	Швидке перетворення Фур'є	481	1	36	15.0
868	Швидкість	2087	13	142	64.0
869	Шинтан Яу	21	0	3	1.0
870	Шифр	121	1	10	3.0
871	Шифрування	848	3	67	23.0
872	Шіінг-Шен Черн	4	0	2	0.0
873	Шістнадцяткова система числення	694	4	43	19.0
874	Шлях (теорія графів)	140	1	12	4.0
875	Щербина Марія Володимирівна	29	0	6	1.0
876	Якобіан	128	0	12	3.0
877	Co-NP	2	0	1	0.0
878	E (число)	850	12	51	27.0
879	EXPTIME	8	0	2	0.0
880	Gnuplot	10	0	2	0.0
881	Hashcash	16	0	3	1.0
882	Maple	97	0	10	2.0
883	Mathematica	71	0	6	2.0
884	MathML	21	0	2	1.0
885	NP-повна задача	174	0	20	3.0
886	NP-складна задача	75	0	8	2.0
887	PCP-теорема	5	0	2	0.0
888	T-критерій Стьюдента	1482	8	99	48.0
889	T-розподіл Стьюдента	231	1	23	6.0
