1	Аврора біла	103	0	12	4.0
2	Аґапантіїні	5	0	1	1.0
3	Аґапантія	15	0	4	0.5
4	Акантоліда жовтоголова	12	0	2	1.0
5	Акантоліда сланцева	10	0	2	1.0
6	Акарапідоз	28	0	5	1.0
7	Акариформні кліщі	43	0	4	2.0
8	Акарициди	185	1	13	6.0
9	Акарологія	50	0	6	1.0
10	Американський білий метелик	352	1	22	11.0
11	Анадримадуза Ретовського	34	0	4	1.0
12	Анатомія комах	426	3	89	10.0
13	Андрена велика	12	0	2	1.0
14	Андрена золотонога	16	0	3	1.0
15	Андрена ошатна	9	0	1	1.0
16	Андрена степова	11	0	2	1.0
17	Андрена червоноплямиста	9	0	2	1.0
18	Андреніди	31	0	3	1.0
19	Аністиди	2	0	1	0.0
20	Аноплій самарський	61	0	9	2.0
21	Антени (біологія)	77	0	10	2.0
22	Антофора коренаста	32	0	10	1.0
23	Антофора чорновійчаста	9	1	2	1.0
24	Апростема Карпентера	6	0	2	0.5
25	Апростема Пелетьє	7	0	2	0.0
26	Аранеоморфні	22	0	7	1.0
27	Арахнологія	60	0	8	1.0
28	Аргасові кліщі	190	1	14	6.0
29	Арге Беккера	15	0	3	1.0
30	Арге Фрівальдського	6	0	2	0.0
31	Аргіопа тигрова	930	14	45	29.0
32	Артроплевра	35	0	4	2.0
33	Архіметаболія	7	0	2	0.0
34	Архостемати	16	0	5	0.5
35	Аскалаф строкатий	32	0	4	1.0
36	Аскалафові	3	0	1	0.0
37	Афелінус	6	0	3	0.0
38	Африканізована бджола	37	0	4	1.0
39	Бабка перев'язана	71	1	6	2.0
40	Бабки	972	18	52	29.0
41	Багатозв'яз гірський український	22	0	4	1.0
42	Барвниця грушева	108	1	20	3.0
43	Бджола (геральдика)	13	0	3	1.0
44	Бджола (рід)	174	1	13	5.0
45	Бджола велика	33	0	3	1.0
46	Бджола східна	12	0	4	0.0
47	Бджола-муляр Лефебвра	32	0	7	1.0
48	Бджоли	1705	28	82	54.0
49	Бджолині	73	0	7	3.0
50	Бджоловидка	32	0	7	1.0
51	Бджоловидка звичайна	71	0	13	2.0
52	Бджоловидка лісова	7	0	3	0.0
53	Безвусикові	21	0	4	1.0
54	Бей-Бієнко Григорій Якович	16	0	3	1.0
55	Білан брукв'яний	74	1	8	2.0
56	Білан гірський	32	0	7	1.0
57	Білан жилкуватий	94	1	8	2.0
58	Білан капустяний	474	0	73	13.0
59	Білан ріпаковий	63	0	5	2.0
60	Біланові	46	0	7	1.0
61	Білокрилки	70	0	7	2.0
62	Білюх степовий	29	0	5	1.0
63	Білюшок Дюпоншеля	23	0	4	1.0
64	Білюшок Морзе	25	0	4	1.0
65	Бірміт	9	0	2	0.0
66	Бірроїдні	4	0	1	0.0
67	Блискітники	7	0	2	0.0
68	Блідий луговий метелик	68	0	8	2.0
69	Блідонога садова мурашка	26	0	3	1.0
70	Блішка бурякова звичайна	56	1	5	2.0
71	Блішка бурякова південна	41	0	3	1.0
72	Блішка льонова синя	63	0	6	2.0
73	Блішка смугаста хлібна	60	0	5	2.0
74	Блішки лляні	1	0	1	0.0
75	Блохи	1783	32	92	56.0
76	Богомол звичайний	538	4	37	15.0
77	Богомоли	401	2	25	12.0
78	Богомольчик Гельдрейха	7	0	1	0.0
79	Богомольчик кримський	25	0	5	1.0
80	Боліварія короткокрила	28	0	3	1.0
81	Больбелязм однорогий	16	0	3	1.0
82	Борошнистий червець	22	0	5	1.0
83	Борошнисті червеці	46	0	5	2.0
84	Борошняний кліщ	49	0	5	1.5
85	Бражник дубовий	75	0	6	3.0
86	Бражник карликовий	6	0	1	1.0
87	Бражник Комарова	6	0	2	1.0
88	Бражник Маака	2	0	1	0.0
89	Бражник мертва голова	303	3	24	9.0
90	Бражник олеандровий	54	0	5	2.0
91	Бражник очкастий	67	0	7	2.0
92	Бражник південний молочайний	28	0	3	1.0
93	Бражник підмаренниковий	44	0	7	2.0
94	Бражник прозерпіна	58	0	8	2.0
95	Бражник скабіозовий	20	0	3	1.0
96	Бражник тополевий	70	0	6	2.0
97	Бражник тютюновий	14	0	2	1.0
98	Бражник хорватський	29	0	6	1.0
99	Бражникові	513	6	26	17.0
100	Браконіди	23	0	4	1.0
101	Брахіцерус зморшкуватий	6	0	2	0.0
102	Бренівкові	17	0	3	0.0
103	Бронзівка волохата	217	0	15	7.0
104	Бронзівка гладка	160	1	12	5.0
105	Бронзівка мармурова	103	1	10	4.0
106	Бронзівка особлива	105	0	8	4.0
107	Бронзівки	178	1	13	6.0
108	Бронтоскорпіо	9	0	4	0.0
109	Букарка	96	0	9	3.0
110	Бупрестоїдні	2	0	1	0.0
111	Буравниця борщевична	46	0	6	1.0
112	Буряковий довгоносик-стеблоїд	68	0	7	2.0
113	Ванесса чорно-руда	488	0	214	4.0
114	Ведмедиці	85	0	20	2.0
115	Ведмедиця велика	77	1	7	2.0
116	Ведмедиця Геба	32	0	6	1.0
117	Ведмедиця Гера	36	0	6	1.0
118	Ведмедиця кайя	40	0	6	1.0
119	Ведмедиця-господиня	57	0	8	2.0
120	Велетенський мурашиний лев західний	24	0	4	1.0
121	Великий в'язовий заболонник	70	0	8	2.0
122	Великокрильці	12	0	3	0.0
123	Веслокрилі	28	0	6	1.0
124	Веснянка велика	40	1	4	1.0
125	Веснянки (комахи)	76	0	7	2.0
126	Віллі Хенніг	6	0	1	0.0
127	Вільгельм Фердинанд Еріхсон	0	0	0	0.0
128	Віялокрилі	19	0	6	0.0
129	Вовчок звичайний	1052	12	66	34.0
130	Вогнівка акацієва	29	0	4	1.0
131	Вогнівка інжирна	45	0	6	1.5
132	Вогнівка яблунева	45	0	12	1.0
133	Вогнівки	86	0	14	2.0
134	Вогнівки-трав'янки	13	0	3	0.0
135	Водомірки	193	1	25	5.0
136	Водяні скорпіони	102	0	31	2.0
137	Волохокрилець звичайний	10	0	2	1.0
138	Волохокрильці	109	0	26	2.0
139	Воші	1713	35	94	58.0
140	Всеїдні жуки	23	0	2	1.0
141	Вузьконадкрил	5	0	2	0.0
142	Вузьконадкрил рудий	1	0	1	0.0
143	Вусач дубовий	16	0	3	1.0
144	Вусач дубовий великий західний	187	0	13	6.0
145	Вусач дубовий малий	84	1	6	2.5
146	Вусач земляний Мокржецького	9	0	3	1.0
147	Вусач ліщиновий	103	0	15	3.0
148	Вусач пахучий	9	0	4	0.0
149	Вусач пахучий мускусний	122	1	8	4.0
150	Вусач сірий кленовий	67	0	6	2.0
151	Вусач-великозуб оленерогий	2	0	1	0.0
152	Вусач-коренеїд	16	0	3	1.0
153	Вусач-коренеїд елегантний	47	0	5	1.0
154	Вусач-коренеїд кримський	1	0	1	0.0
155	Вусач-коренеїд хрестоносець	56	0	5	2.0
156	Вусач-пурпуронадкрил Келера	16	0	6	1.0
157	Вусач-стенокор дубовий	1	0	1	0.0
158	Вусач-титан	10	0	2	0.5
159	Вусач-титан велетенський	47	0	5	1.0
160	Вусач-товстун	4	0	2	0.0
161	Вусач-товстун вербовий	35	0	5	1.0
162	Вусачик-акмеопс	1	0	1	0.0
163	Вусачик-акмеопс семикрапковий	38	0	5	1.0
164	Вусачі	537	7	35	16.0
165	Вусачі Українських Карпат	77	0	19	2.0
166	Вуховертка звичайна	387	2	26	12.0
167	Вуховертки	95	0	8	2.0
168	Гал (біологія)	74	0	8	2.0
169	Галеруцини	13	0	6	0.0
170	Галиці	24	0	3	1.0
171	Галиця виноградна	46	0	10	1.0
172	Галиця вічкова	35	0	5	1.0
173	Галиця пагонова смородинова	30	0	7	1.0
174	Галиця плодова грушева	22	0	3	1.0
175	Гармонія азійська	239	1	50	6.0
176	Гарячка паппатачі	71	0	10	2.0
177	Гемолімфа	121	0	15	3.0
178	Гемоціанін	92	0	27	2.0
179	Гігантський азійський шершень	310	2	20	9.0
180	Гілл-топпінг	9	0	2	1.0
181	Гіляров Меркурій Сергійович	16	0	3	1.0
182	Гіперметаморфоз	5	0	2	0.0
183	Гірняк Евриала	27	0	5	1.0
184	Гірняк полонинець	27	0	4	1.0
185	Гірняк Проноя	21	0	4	1.0
186	Гірняк темнорудий	23	0	4	1.0
187	Гниди	334	1	20	12.0
188	Гнойовик звичайний	168	1	19	5.0
189	Гнус	771	11	41	24.0
190	Голова комах	64	0	10	2.0
191	Головогруди	19	0	3	1.0
192	Головотрубка	8	0	2	0.0
193	Головчак Актеон	22	0	4	1.0
194	Головчак Андромеда	24	0	5	1.0
195	Головчак великий рожаний	24	0	5	1.0
196	Головчак гратчастий	19	0	5	1.0
197	Головчак жилкуватий	33	0	7	1.0
198	Головчак карчоховий	15	0	3	1.0
199	Головчак кома	23	0	5	1.0
200	Головчак крокісовий	17	0	3	1.0
201	Головчак кружало	17	0	3	1.0
202	Головчак лісовий	27	0	4	1.0
203	Головчак мальвовий	15	0	3	1.0
204	Головчак мозаїчний	12	0	2	1.0
205	Головчак Морфей	18	0	3	1.0
206	Головчак Палемон	22	0	9	1.0
207	Головчак поцяткований	27	0	8	1.0
208	Головчак Прото	14	0	2	1.0
209	Головчак серпійний	11	0	2	1.0
210	Головчак сида	13	0	2	1.0
211	Головчак строкатий	15	0	3	1.0
212	Головчак східний	14	0	3	1.0
213	Головчак Таґес	15	0	2	1.0
214	Головчак тире	21	0	4	1.0
215	Головчак французький	12	0	2	1.0
216	Головчак чистецевий	12	0	2	1.0
217	Головчак-лісовик	19	0	4	1.0
218	Головчаки	24	0	5	1.0
219	Голометабола	31	0	4	1.0
220	Горохова попелиця	38	0	4	1.0
221	Гохгут Йоганн Хайнріх	4	0	1	0.0
222	Гребенников Віктор Степанович	31	0	3	1.0
223	Грибоподібні тіла	8	0	2	0.5
224	Грилоблатиди	6	0	2	0.0
225	Груди комах	42	0	4	2.0
226	Губоногі	95	0	10	2.0
227	Гусениця	427	4	26	14.0
228	Густав Майр	1	0	1	0.0
229	Ґедзі	2592	46	144	79.0
230	Ґедзь бичачий	284	1	22	11.0
231	Давньокрилі	17	0	2	1.0
232	Данаєць Хрисипп	27	0	6	1.0
233	Данилевський Олександр Сергійович	14	0	3	0.0
234	Двокрилі	567	3	114	12.0
235	Двопарноногі багатоніжки	30	0	6	1.0
236	Двопорі	2	0	1	0.0
237	Дендрометріни	1	0	1	0.0
238	Деревинник дубовий	61	1	5	2.0
239	Деревний богомол закавказький	20	0	3	1.0
240	Джміль	1259	19	179	33.0
241	Джміль альпійський	3	0	1	0.0
242	Джміль золотисто-підперезаний	8	0	3	0.5
243	Джміль мінливий	12	0	3	0.5
244	Джміль полярний	7	0	2	1.0
245	Джон Обадія Вествуд	4	0	2	0.0
246	Джордж Генрі Горн	2	0	1	0.0
247	Дзвінцеві	35	0	4	1.0
248	Дзюрчалки	155	1	10	5.0
249	Дибка степова	79	0	8	2.0
250	Династес	8	0	2	0.5
251	Династес Мая	0	0	0	0.0
252	Династес титис	2	0	1	0.0
253	Дихальце	14	0	4	0.0
254	Діапауза	42	1	5	1.0
255	Діаприїди	9	0	2	1.0
256	Довговус	3	0	1	0.0
257	Довговусі	39	0	5	1.0
258	Довговусі прямокрилі	7	0	1	0.0
259	Довговуска білоплямиста	16	0	4	1.0
260	Довгоніжка шкідлива	74	0	5	2.5
261	Довгоносик бульбочковий сірий щетинистий	50	0	6	1.0
262	Довгоносик бульбочковий смугастий	63	0	7	2.0
263	Довгоносик буряковий звичайний	154	1	16	5.0
264	Довгоносик візерунковий	29	0	4	1.0
265	Довгоносик грушевий листковий	37	0	4	1.0
266	Довгоносик двокільовий	26	0	2	1.0
267	Довгоносик землистий	36	0	4	1.0
268	Довгоносик комірний	246	3	12	9.0
269	Довгоносик ліщиновий	74	0	7	2.0
270	Довгоносик малиново-суничний	83	0	10	2.0
271	Довгоносик рисовий	40	0	3	1.0
272	Довгоносик сірий бруньковий	32	1	4	1.0
273	Довгоносик сірий буряковий	48	0	5	1.5
274	Довгоносик стебловий	24	0	3	1.0
275	Довгоносики	313	0	25	9.0
276	Довгоносикоподібні	56	0	6	2.0
277	Дозорець-імператор	89	0	7	3.0
278	Домашній чорний павук	354	4	22	11.0
279	Дріофториди	3	0	2	0.0
280	Дрозофіла чорночерева	86	0	5	3.0
281	Дрозофіли	296	3	21	8.0
282	Дукачик блакитнуватий	19	0	3	1.0
283	Дукачик бурий	21	0	4	1.0
284	Дукачик ватрак	26	0	6	1.0
285	Дукачик обочень	23	0	3	1.0
286	Дукачик Терсамон	16	0	3	1.0
287	Дукачик фіялковий	16	0	3	1.0
288	Дядечко Микола Платонович	25	0	4	1.0
289	Евцера вірменська	2	0	1	0.0
290	Евцера далматська	15	0	2	1.0
291	Ейлія іржава	26	0	4	1.0
292	Екдізон	9	0	2	0.0
293	Екологія комах	168	1	16	4.0
294	Елія гостроголова	51	0	9	2.0
295	Ембії	7	0	2	0.0
296	Емпуза	11	0	2	1.0
297	Емпуза піщана	32	0	9	1.0
298	Емпуза смугаста	26	0	4	1.0
299	Емпузові	7	0	2	0.0
300	Ентомологічна зброя	43	0	6	1.0
301	Ентомологічний сачок	28	0	6	1.0
302	Ентомологія	329	4	21	11.0
303	Ентомохорія	3	0	1	0.0
304	Ентоцид (Метаризин)	105	0	8	3.0
305	Ернст Людвиг Ташенберг	1	0	1	0.0
306	Євген Йоганн Крістоф Еспер	5	0	2	1.0
307	Жалібниця	139	0	41	3.0
308	Жало (тварин)	134	0	12	4.0
309	Жан Анрі Фабр	14	0	2	1.0
310	Жан Гійом Авдінет-Сервіль	0	0	0	0.0
311	Жирове тіло	63	0	6	2.0
312	Життєвий цикл комах	783	6	104	19.0
313	Жовтюх	8	0	2	0.5
314	Жовтюх альфакарець	25	0	5	1.0
315	Жовтюх помаранчик	28	0	5	1.0
316	Жовтюх шапранець	20	0	3	1.0
317	Жужелиця дама	12	0	2	1.0
318	Жужелиця Шеврола	11	0	2	1.0
319	Жук малиновий	83	1	7	2.0
320	Жук музейний	44	0	5	1.0
321	Жук хлібний	312	0	23	10.0
322	Жук-Геркулес	228	0	51	4.0
323	Жук-носоріг європейський	1874	26	93	63.0
324	Жук-олень	4469	62	221	148.0
325	Жук-самітник	43	0	7	1.5
326	Жуки-бомбардири	34	0	4	1.0
327	Жуки-гнойовики	200	1	23	6.0
328	Жуки-точильники	253	2	14	8.0
329	Жуки-хижаки	57	0	6	1.0
330	Заболонник	10	0	2	0.0
331	Заболонник грабовий	45	0	4	2.0
332	Західна бурякова муха	48	0	7	2.0
333	Західний квітковий трипс	35	0	4	1.0
334	Зелена цитрусова попелиця	5	0	2	0.0
335	Зеленоочка	31	0	6	1.0
336	Земледухи	891	11	52	26.0
337	Зернова міль	84	0	7	3.0
338	Зерноїд гороховий	67	0	7	2.0
339	Златка блискуча	7	0	1	0.0
340	Златка бронзова дубова	42	0	5	1.0
341	Златка смородинова вузькотіла	62	0	7	2.0
342	Златка чорна	50	0	4	1.0
343	Златки	54	0	5	2.0
344	Знойко Дмитро Васильович	13	0	4	0.5
345	Золотогуз	74	0	8	2.0
346	Золотоочки	108	0	8	4.0
347	Зораптери	7	0	4	0.0
348	Зоряниця Аврора	42	0	7	1.0
349	Зубарик стегнуватий	4	0	1	1.0
350	Зубарик чорнолапий	4	0	1	0.0
351	Іксодові кліщі	916	9	54	31.0
352	Імаго	575	7	41	17.0
353	Інсектициди	3706	13	1665	36.0
354	Ірис плямистий	34	0	3	1.0
355	Історія диптерології	7	0	2	0.0
356	Їздці	195	1	43	5.0
357	Їздці-іхневмоніди	31	0	5	1.0
358	Йоганн Зігфрід Хуфнагель	1	0	1	0.0
359	Йоганн Ігнац Шіффермюллер	1	0	1	0.0
360	Йоганн Карл Вільгельм Іллігер	0	0	0	0.0
361	Йоганн Каспар Фюсслі	0	0	0	0.0
362	Йоганн Фрідріх Вільгельм Гербст	2	0	2	0.0
363	Казарка (комаха)	72	0	9	2.0
364	Каліфориди	121	1	10	3.0
365	Каптурники	11	0	5	0.0
366	Карадрина	34	0	4	1.0
367	Каракурт	2281	43	103	75.0
368	Карл Пенеке	5	0	1	0.0
369	Касти комах	14	0	2	1.0
370	Катаптерикс кримський	17	0	3	1.0
371	Квіткоїд грушевий	38	0	5	1.0
372	Квіткоїд ріпаковий	38	0	5	1.0
373	Квіткоїд яблуневий	65	0	6	2.0
374	Кененії	13	0	3	1.0
375	Кератофаги	6	0	2	0.0
376	Кержнер Ізяслав Мойсейович	8	0	1	0.0
377	Кириченко Олександр Миколайович	12	0	3	0.5
378	Ківсяки	90	0	13	2.0
379	Кістянки	89	0	18	2.0
380	Кліщ собачий	309	2	21	10.0
381	Кліщі	2428	18	156	75.0
382	Клоп грушевий	17	0	3	1.0
383	Клоп маврський	28	0	5	1.0
384	Клоп шкідлива черепашка	223	2	16	7.0
385	Клоп щавлевий	64	1	7	2.0
386	Клоп-арлекін	13	0	4	1.0
387	Клопи	1152	18	61	38.0
388	Книжковий скорпіон	31	0	4	1.0
389	Кобилка (Прямокрилі)	22	0	2	1.0
390	Кобилка хрестова	26	0	4	1.0
391	Ковалик смугастий	78	0	7	2.0
392	Ковалики	303	3	18	10.0
393	Коконопряди	10	0	3	0.0
394	Коконопрядоподібні	4	0	1	0.0
395	Колемболи	62	0	7	2.0
396	Колорадський жук	1667	23	89	54.0
397	Кольпа Клюге	7	0	2	1.0
398	Комар блискучий	2	0	2	0.0
399	Комар звичайний	2374	17	152	77.0
400	Комарик черенковий	21	0	3	1.0
401	Комарі	11880	113	672	395.0
402	Комахи	2919	43	242	80.0
403	Комахи в культурі	51	0	4	2.0
404	Комахозапилення	183	2	13	5.0
405	Коник блакитнокрилий	28	0	4	1.0
406	Коник зелений	576	9	55	18.0
407	Кордулегастер кільчастий	30	0	6	1.0
408	Коренегриз звичайний	51	0	6	1.5
409	Коретра	23	0	4	1.0
410	Корнєєв Валерій Олексійович	74	0	18	1.0
411	Короїд	220	2	20	7.0
412	Короїд зморшкуватий	46	0	5	2.0
413	Короїд непарний багатоїдний	44	0	4	2.0
414	Короїд непарний західний	44	0	5	1.0
415	Короїди	129	0	13	3.0
416	Коромисла	44	0	5	2.0
417	Коромисло (рід)	23	0	6	1.0
418	Коротковусі двокрилі	14	0	2	1.0
419	Коротковусі прямокрилі	30	0	4	1.0
420	Кортодера волохата	2	0	1	0.0
421	Коршунов Юрій Петрович	3	0	1	0.0
422	Косарики (ентомологія)	184	0	12	6.0
423	Косатцеві	56	0	10	1.0
424	Косатці	7	0	2	0.0
425	Косатцюваті	26	0	5	1.0
426	Костянтин Гормузакі	10	0	1	1.0
427	Краброніди	11	0	2	1.0
428	Кравчик-головач	140	1	11	4.0
429	Красновуска Маккара	3	0	1	0.0
430	Красотіл пахучий	63	0	6	2.0
431	Красуня блискуча кримська	50	0	6	2.0
432	Красуня діва	93	0	9	3.0
433	Крила комах	315	0	103	5.0
434	Крилаті комахи	69	0	8	2.0
435	Круглошовні мухи	8	0	2	0.0
436	Круліковський Леонід Костянтинович	3	0	1	0.0
437	Крупноголови	1	0	1	0.0
438	Ксєнжопольський Антон Владиславович	9	0	1	1.0
439	Ксилокопа	98	1	12	3.0
440	Ксилокопа звичайна	542	4	56	17.0
441	Ксилокопа райдужна	66	0	9	2.0
442	Ксилокопа фіолетова	340	1	29	10.0
443	Ктир велетенський	46	0	5	1.0
444	Ктир шершенеподібний	34	0	4	1.0
445	Кубіталія чорна	17	0	2	1.0
446	Кукуїформні	3	0	1	0.0
447	Кукуйоїдні	6	0	1	0.0
448	Кутикула безхребетних	110	0	20	2.0
449	Левкоринія білолоба	14	0	2	1.0
450	Легіт березовий	20	0	3	1.0
451	Легіт дубовий	16	0	3	1.0
452	Лептура	6	0	1	0.5
453	Лептура етіопка	0	0	0	0.0
454	Лептура золотиста	32	0	3	1.0
455	Лептура кривонога	2	0	1	0.0
456	Лептура червоноспинкова	2	0	1	0.0
457	Лептура чотирисмуга	6	0	2	0.0
458	Лептурини	14	0	2	1.0
459	Листоблішка грушева	62	0	8	2.0
460	Листоблішка зонтична	14	0	4	1.0
461	Листоблішка яблунева	25	0	3	1.0
462	Листоблішки	17	0	4	0.5
463	Листоїд в'язовий	56	0	6	2.0
464	Листоїд рудий	1	0	1	0.0
465	Листоїд фіолетовий вільховий	78	0	9	2.0
466	Листоїди	156	0	17	4.0
467	Листокрутка брунькова	26	0	4	1.0
468	Листокрутка вербова кривовуса	13	0	2	1.0
469	Листокрутка виноградна	27	0	3	1.0
470	Листокрутка вишнева	19	0	2	1.0
471	Листокрутка кривовуса ліщинова	11	0	3	1.0
472	Листокрутка кривовуса смородинова	6	0	1	0.0
473	Листокрутка полохлива	15	0	4	1.0
474	Листокрутка різноколірна плодова	12	0	2	1.0
475	Листокрутка розанова	27	0	3	1.0
476	Листокрутка свинцевосмугаста	4	0	1	0.0
477	Листокрутка сітчаста	7	0	1	1.0
478	Листокрутка строкато-золотиста	14	0	2	1.0
479	Листокрутка сунична	17	0	4	1.0
480	Лівшиц Іссахар Зельманович	8	0	2	0.0
481	Ліксус катрановий	8	0	2	0.0
482	Лук'янович Федір Костянтинович	1	0	1	0.0
483	Лунка срібляста	15	0	3	1.0
484	Луски	106	0	12	2.0
485	Лускокрилі	2342	18	698	47.0
486	Лусочниця звичайна	773	1	492	5.0
487	Людвіг Гангльбауер	4	0	4	0.0
488	Людовико ді Капоріакко	0	0	0	0.0
489	Лялечка	200	3	17	5.0
490	Ляміїні	4	0	1	0.0
491	М'якотілки	151	1	13	5.0
492	Макрофія тевтонська	1	0	1	0.0
493	Максили	18	0	2	1.0
494	Мальпігієві судини	71	0	10	1.0
495	Малярійні комарі	607	1	34	20.0
496	Мандибули	209	0	95	4.0
497	Мантиспові	5	0	1	0.0
498	Мариковський Павло Іустинович	36	0	5	1.0
499	Маріо Бецці	0	0	0	0.0
500	Матка (бджільництво)	476	5	27	14.0
501	Махаон (комаха)	593	5	46	16.0
502	Мацумура Шенен	0	0	0	0.0
503	Мегалара гаруда	11	0	5	0.0
504	Мегахілиди	7	0	2	0.0
505	Мей Беренбаум	67	0	51	1.0
506	Мереживниця Галатея	31	0	4	1.0
507	Мертвоїди	64	0	8	2.0
508	Метелівкові	28	0	4	1.0
509	Міксофаги	3	0	1	0.0
510	Міль бурякова мінуюча	37	0	5	2.0
511	Міль довговуса зелена	13	0	3	1.0
512	Міль зонтична	42	0	6	2.0
513	Міль капустяна	245	0	25	6.0
514	Міль листкова	26	0	8	1.0
515	Міль плодова	55	0	8	2.0
516	Міль серпокрила персикова	11	0	4	1.0
517	Міль цибулева	21	0	4	1.0
518	Міль яблунева	144	1	17	3.5
519	Мінери	28	0	4	1.0
520	Мінливець великий	120	1	15	2.5
521	Мінливець Метис	42	1	5	1.5
522	Мокреці	114	0	12	3.0
523	Мокржецький Сигізмунд Олександрович	16	0	2	0.0
524	Молі довговусі	3	0	1	0.0
525	Молі-строкатки	14	0	3	1.0
526	Мольорх малий	1	0	1	0.0
527	Монарх (метелик)	701	4	261	12.0
528	Морімус	4	0	2	0.0
529	Морімус блакитний	35	0	3	1.0
530	Морімус справжній	31	0	3	1.0
531	Морфо	58	0	6	2.0
532	Москіт	180	0	13	5.0
533	Москіти	324	2	19	10.0
534	Мотиль	312	1	20	9.0
535	Мурахи	1851	36	91	58.0
536	Мурашиний лев звичайний	81	0	10	2.0
537	Мурашині леви	98	0	8	3.0
538	Муха вишнева	134	1	16	4.0
539	Муха гессенська	69	0	7	2.5
540	Муха капустяна весняна	85	0	10	2.0
541	Муха кімнатна	1292	21	96	37.0
542	Муха морквяна	74	0	9	2.0
543	Мухи	658	9	42	20.0
544	Мухи-стрічкокрилки	12	0	3	0.5
545	Мухоловка звичайна	1057	16	110	33.0
546	Надкрила	69	0	7	2.0
547	Наличник (біологія)	10	0	3	0.0
548	Настінні павуки-краби	4	0	1	0.0
549	Непарний шовкопряд	120	1	10	4.0
550	Неуротома фауста	0	0	0	0.0
551	Нівелія кров'янистонадкрила	31	0	3	1.0
552	Німфа (біологія)	170	1	10	6.0
553	Новокрилі	73	0	8	2.0
554	Ноги комах	191	2	19	6.0
555	Ноліди	0	0	0	0.0
556	Носатки	0	0	0	0.0
557	Носачка-листовидка	48	0	10	1.0
558	Носачки	6	0	2	0.0
559	Нотум	13	0	3	1.0
560	Образцов Микола Сергійович	4	0	2	0.0
561	Оводи	1394	14	75	45.0
562	Оглоблін Дмитро Олексійович	7	0	1	0.0
563	Оглоблін Олександр Олексійович	11	0	2	1.0
564	Одноденки	231	1	17	6.0
565	Однопорі	5	0	1	0.0
566	Оксамитниця аретуса	13	0	3	1.0
567	Оксамитниця Тарпея	14	0	4	1.0
568	Оксамитниця Ютта	17	0	2	1.0
569	Онтофаг	10	0	2	1.0
570	Опариш	435	5	25	14.0
571	Опістосома	13	0	2	1.0
572	Опостегіди	2	0	2	0.0
573	Орусус паразитичний	9	0	5	0.0
574	Орхідейний богомол	17	0	2	1.0
575	Оса	1155	20	60	36.0
576	Осадець білозір	14	0	2	1.0
577	Осадець великий	17	0	2	1.0
578	Осадець Егерія	20	0	3	1.0
579	Осадець Мегера	24	0	4	1.0
580	Осмія руда	61	0	8	2.0
581	Очняк жовтогарячий	16	0	3	1.0
582	Очняк квітковий	22	0	3	1.0
583	Очняк Лікаон	36	0	13	1.0
584	Очняк ферульний	13	0	2	1.0
585	П'явиця синя	65	0	7	2.0
586	П'ядун аґрусовий	54	0	11	2.0
587	П'ядун березовий	46	0	5	1.0
588	П'ядун зимовий	89	0	20	2.0
589	П'ядун обведений	9	0	2	1.0
590	П'ядун щавлевий	4	0	2	0.0
591	П'ядуни	60	0	8	2.0
592	Павук жовтий	817	7	42	26.0
593	Павук-краб	14	0	3	1.0
594	Павук-сріблянка	647	10	31	21.0
595	Павук-хрестовик	1472	17	141	45.0
596	Павуки	1854	31	137	58.0
597	Павуки роду Argiope	3	0	1	0.0
598	Павуки-краби	82	0	20	2.0
599	Павуки-тенетники	48	0	4	2.0
600	Павукоподібні	853	11	142	23.0
601	Павутинні кліщі	100	0	9	3.0
602	Панцирні кліщі	54	0	7	1.5
603	Паперові оси	118	1	10	3.0
604	Паразитоформні кліщі	84	0	12	2.0
605	Пасманець струмковий	17	1	16	8.5
606	Пауроподи	22	0	3	1.0
607	Пахіта	2	0	1	0.0
608	Пахіта смугаста	1	0	1	0.0
609	Пахіта чотириплямиста	2	0	1	0.0
610	Пацюкова блоха	84	0	8	2.0
611	Педикульоз	1283	25	58	40.0
612	Пелекоцера широколоба	3	0	2	0.0
613	Первиннобезкрилі комахи	52	0	5	2.0
614	Передньоспинка	9	0	3	0.0
615	Перетинчастокрилі	660	2	145	12.0
616	Періодичні цикади	54	0	6	1.0
617	Перламутрівка ніоба	24	0	8	1.0
618	Перлівець Геката	8	0	2	0.0
619	Перлівець Дафна	11	0	3	1.0
620	Перлівець Евномія	10	0	2	1.0
621	Перлівець Єфросина	13	0	5	1.0
622	Перлівець Іно	18	0	3	1.0
623	Перлівець малий	18	0	5	1.0
624	Перлівець північний	13	0	6	0.0
625	Перлівець Селена	48	0	28	1.0
626	Перлівець Титанія	11	0	4	1.0
627	Петрункевич Олександр Іванович	6	0	3	0.0
628	Печерний коник кавказький	1	0	1	0.0
629	Пилкоротиця південна	3	0	1	0.0
630	Пилкохвіст	7	0	2	1.0
631	Пилкохвіст український	34	0	4	1.0
632	Пилові кліщі	325	4	22	10.0
633	Пильщик березовий	25	0	4	1.0
634	Пильщики	108	0	9	4.0
635	Північна бурякова муха	29	0	5	1.0
636	Піґулочники	6	0	2	1.0
637	Підсрібник габовий	13	0	4	1.0
638	Підсрібник Лаодіка	13	0	5	1.0
639	Підсрібник Латонія	15	0	3	1.0
640	Підсрібник Пандора	18	0	5	1.0
641	Плавунець облямований	69	0	6	2.0
642	Плавунець широкий	13	0	3	0.0
643	Плавунцеві	181	1	18	5.0
644	Плавунці	33	0	4	1.0
645	Пластинчастовусі	160	0	18	5.0
646	Платтяна воша	215	2	17	5.0
647	Плішивий шершень	150	0	14	4.5
648	Плодожерка яблунева	200	0	17	6.0
649	Плоский червоний кліщ	35	0	6	1.0
650	Плоскотілка червона	13	0	1	1.0
651	Плоскотілки	21	0	4	1.0
652	Політ комах	65	0	7	2.5
653	Пономаренко Олександр Георгійович	1	0	1	0.0
654	Попелиці	891	6	51	26.0
655	Попелиця баштанна	71	0	6	2.0
656	Порчинський Йосип Алоїзович	13	0	2	1.0
657	Постільний клоп	1439	26	63	45.0
658	Примарові	62	0	7	2.0
659	Прихованохоботник стебловий капустяний	41	0	5	1.0
660	Прихованощелепні	31	0	5	1.0
661	Прочанок Арканія	13	0	3	1.0
662	Прочанок Глікеріон	10	0	4	1.0
663	Прочанок Едип	12	0	2	1.0
664	Прочанок Леандр	10	0	2	1.0
665	Прочанок памфіл	61	0	17	2.0
666	Прус італійський	76	0	7	3.0
667	Прусак	118	1	8	3.0
668	Прусак рудий	311	4	16	10.0
669	Прямокрилі	340	2	49	8.0
670	Псарус черевастий	5	0	1	1.0
671	Псевдоскорпіони	70	0	7	2.0
672	Псевдофаенопс Якобсона	1	0	1	0.0
673	Псевдощитівки	5	0	2	0.0
674	Птахокрилка королеви Олександри	20	0	7	1.0
675	Птеростих	18	0	6	1.0
676	Пухоїди	38	0	5	1.0
677	Ранатра звичайна	43	0	7	1.0
678	Рафідофоріди	27	0	4	1.0
679	Рицинулеї	6	0	2	0.0
680	Рівнокрилі	124	0	16	3.0
681	Рівнокрилі бабки	97	0	7	3.0
682	Різнокрилі	58	0	5	2.0
683	Рогач малий	177	1	21	6.0
684	Рогачі	197	1	12	6.0
685	Рогохвіст-авгур	6	0	2	1.0
686	Рогохвости	24	0	3	1.0
687	Родендорф Борис Борисович	2	0	1	0.0
688	Ротовий апарат комах	364	1	30	12.0
689	Руднєв Дмитро Федорович	5	0	2	0.0
690	Рябець Аврелія	15	0	2	1.0
691	Рябець Авринія	17	0	4	1.0
692	Рябець Аталія	15	0	2	1.0
693	Рябець Бритомартида	10	0	2	1.0
694	Рябець великий	16	0	4	1.0
695	Рябець діаміна	8	0	1	1.0
696	Рябець звичайний	13	0	2	1.0
697	Рябець рудий	18	0	9	0.0
698	Сарана	568	6	36	17.0
699	Сарана марокська	31	0	4	1.0
700	Сарана перелітна	229	2	14	7.0
701	Саранові	35	0	6	1.0
702	Сатир боровий південний	17	0	3	1.0
703	Сатир Брісеїда	14	0	2	1.0
704	Сатир буковий	13	0	2	1.0
705	Сатир Герміона	12	0	2	1.0
706	Сатир Персефона	26	0	18	1.0
707	Сатир Цирцея	20	0	4	1.0
708	Сатурнієві	20	0	2	1.0
709	Сатурнія (метелик)	5	0	2	0.0
710	Сатурнія велика	129	0	11	4.0
711	Світлякові	433	3	28	13.0
712	Сидячечеревні	16	0	3	1.0
713	Сизириди	1	0	1	0.0
714	Симфіли	35	0	6	1.0
715	Синдром руйнування колоній	52	0	6	2.0
716	Синявець Алькон	13	0	2	1.0
717	Синявець Альцет	10	0	2	0.0
718	Синявець Антерос	12	0	3	1.0
719	Синявець Аргирогномон	12	0	3	1.0
720	Синявець Аргіад	11	0	4	1.0
721	Синявець Аргус	14	0	3	1.0
722	Синявець Аріон	9	0	3	0.0
723	Синявець Вікрама	9	0	3	0.5
724	Синявець голуб'як	10	0	2	1.0
725	Синявець гороховий	8	0	1	0.0
726	Синявець Дамон	13	0	3	1.0
727	Синявець Дамоне	8	0	2	1.0
728	Синявець евмедон	6	0	2	0.0
729	Синявець Ідас	13	0	4	0.0
730	Синявець Ікар	54	0	5	2.0
731	Синявець карликовий	6	0	2	0.0
732	Синявець конюшиновий	26	0	4	1.0
733	Синявець Коридон	6	0	1	1.0
734	Синявець кримський	5	0	2	0.0
735	Синявець крушиновий	9	0	2	0.5
736	Синявець Мелеагр	14	0	2	0.0
737	Синявець Озиріс	8	0	2	0.0
738	Синявець Оріон	7	0	2	0.0
739	Синявець Піритой	7	0	1	1.0
740	Синявець приязний	15	0	3	1.0
741	Синявець Рипарта	11	0	3	1.0
742	Синявець Телей	4	0	2	0.0
743	Синявець Терсит	17	0	3	1.0
744	Синявець торфовищний	17	0	3	1.0
745	Синявець туркусовий	5	0	1	0.0
746	Синявець хазарський	4	0	1	0.0
747	Синявець чорнуватий	6	0	2	0.0
748	Синявцеві	69	0	6	2.0
749	Система Комстока-Нідема	4	0	2	0.0
750	Систематичний перелік родин жуків світу	27	0	3	1.0
751	Сінниця Геро	9	0	3	0.0
752	Сіноїди	38	0	5	1.0
753	Сітчастокрилі	73	0	9	2.0
754	Скарабей	43	0	7	1.5
755	Скарабей священний	442	6	26	14.0
756	Сколія-гігант	1130	12	140	29.0
757	Сколопендра	765	12	60	23.0
758	Сколопендра гігантська	108	1	7	3.5
759	Сколопендра кільчаста	47	0	4	1.0
760	Сколопендра товста	13	0	2	1.0
761	Скорпіон кримський	62	0	7	2.0
762	Скорпіони	623	8	35	20.0
763	Скорпіонові мухи	67	1	6	2.0
764	Слимакоїд кримський	52	0	3	2.0
765	Сліпняк буряковий	20	0	5	1.0
766	Сліпняк люцерновий	46	0	9	2.0
767	Слоник люцерновий	35	0	5	1.0
768	Совинський Вадим Васильович	2	0	1	0.0
769	Совка Агриппіна	6	0	2	0.0
770	Совка капустяна	59	0	6	2.0
771	Совка озима	141	1	25	3.0
772	Совка пірамідальна	6	0	2	0.0
773	Совка соснова	44	0	6	1.0
774	Совка-гамма	153	1	10	4.0
775	Совки	223	1	15	8.0
776	Совки-п'ядуни	2	0	1	0.0
777	Сольпуга звичайна	134	0	29	3.0
778	Сольпуги	388	2	71	10.0
779	Соміти	55	0	7	2.0
780	Сонечка	1750	36	91	54.0
781	Сонечко двокрапкове	151	1	12	4.0
782	Сонечко семикрапкове	511	4	42	16.0
783	Сонцевик адмірал	458	1	115	8.0
784	Сонцевик будяковий	4296	11	1186	30.0
785	Сонцевик кропив'яний	913	0	300	9.0
786	Сонцевик павиче око	468	4	61	9.0
787	Сонцевик фау-біле	66	0	15	2.0
788	Сонцевики	1052	1	265	14.0
789	Сонцевичок змінний	80	0	17	2.0
790	Список аністид України	5	0	2	1.0
791	Список бабок Польщі	12	0	7	0.5
792	Список бабок Росії	3	0	2	0.0
793	Список бабок України	223	1	28	6.0
794	Список богомолів Алжиру	2	0	1	0.0
795	Список богомолів В'єтнаму	2	0	1	0.0
796	Список богомолів Європи	10	0	3	0.0
797	Список богомолів Непалу	1	0	1	0.0
798	Список богомолів України	95	0	8	3.0
799	Список богомолів Шрі-Ланки	0	0	0	0.0
800	Список видів бджіл Ізраїлю	6	0	1	0.0
801	Список видів бджіл Швеції	44	0	38	0.5
802	Список видів джмелів України	217	0	29	6.0
803	Список видів мурах Грузії	3	0	1	0.0
804	Список видів мурах Данії	1	0	1	0.0
805	Список видів мурах Польщі	5	0	1	1.0
806	Список видів мурах роду Camponotus	4	0	2	0.5
807	Список видів мурах роду Crematogaster	3	0	1	0.0
808	Список видів мурах Росії	6	0	2	1.0
809	Список видів мурах Швеції	7	0	3	1.0
810	Список видів мурах Шрі-Ланки	3	0	1	0.0
811	Список видів роду джміль	29	0	4	1.0
812	Список видів роду Aedes	1	0	1	0.0
813	Список видів роду Cicindela	1	0	1	0.0
814	Список двокрилих Польщі	25	0	4	1.0
815	Список денних метеликів Азербайджану	2	0	1	0.0
816	Список денних метеликів Алжиру	4	0	3	0.0
817	Список денних метеликів Вірменії	4	0	2	1.0
818	Список денних метеликів Ірану	0	0	0	0.0
819	Список денних метеликів Намібії	22	0	16	1.0
820	Список денних метеликів Російської Федерації	4	0	2	0.0
821	Список денних метеликів Санкт-Петербурга і Ленінградської області	3	0	1	0.0
822	Список денних метеликів Туреччини	0	0	0	0.0
823	Список денних метеликів України	1684	15	515	34.0
824	Список денних метеликів Швеції	44	0	36	1.0
825	Список комах, занесених до Червоної книги України	208	3	23	6.0
826	Список лускокрилих Австрії	3	0	1	0.0
827	Список лускокрилих Албанії	1	0	1	0.0
828	Список лускокрилих Андорри	1	0	1	0.0
829	Список лускокрилих Бельгії	4	0	2	0.0
830	Список лускокрилих Білорусі	0	0	0	0.0
831	Список лускокрилих Болгарії	2	0	1	0.0
832	Список лускокрилих Боснії і Герцеговини	0	0	0	0.0
833	Список лускокрилих Греції	2	0	2	0.0
834	Список лускокрилих Данії	1	0	1	0.0
835	Список лускокрилих Естонії	1	0	1	0.0
836	Список лускокрилих Ірану	1	0	1	0.0
837	Список лускокрилих Кіпру	1	0	1	0.0
838	Список лускокрилих Латвії	2	0	2	0.0
839	Список лускокрилих Литви	3	0	3	0.0
840	Список лускокрилих Ліхтенштейну	2	0	1	0.0
841	Список лускокрилих Люксембургу	0	0	0	0.0
842	Список лускокрилих Молдови	3	0	1	0.0
843	Список лускокрилих Намібії	80	0	72	0.5
844	Список лускокрилих Норвегії	1	0	1	0.0
845	Список лускокрилих Острова Пасхи	0	0	0	0.0
846	Список лускокрилих Островів Святої Єлени, Вознесіння і Тристан-да-Кунья	0	0	0	0.0
847	Список лускокрилих Північної Македонії	2	0	1	0.0
848	Список лускокрилих Польщі	1	0	1	0.0
849	Список лускокрилих Російської Федерації	15	0	3	1.0
850	Список лускокрилих Румунії	0	0	0	0.0
851	Список лускокрилих Сербії, Чорногорії та Косова	0	0	0	0.0
852	Список лускокрилих Словаччини	5	0	3	0.0
853	Список лускокрилих Танзанії	8	0	2	1.0
854	Список лускокрилих Угорщини	3	0	1	0.0
855	Список лускокрилих України	92	0	30	2.0
856	Список лускокрилих Фінляндії	3	0	2	0.0
857	Список лускокрилих Хорватії	4	0	2	0.0
858	Список лускокрилих Чехії	4	0	2	0.0
859	Список лускокрилих Швеції	6	0	3	0.0
860	Список лускокрилих Шрі-Ланки	2	0	1	0.0
861	Список метеликів родини Coleophoridae Туреччини	0	0	0	0.0
862	Список молей Туреччини	2	0	1	1.0
863	Список павуків Польщі	26	0	5	2.0
864	Список павуків Шрі-Ланки	1	0	1	0.0
865	Список скорпіонів Шрі-Ланки	3	0	1	1.0
866	Список совок Туреччини	1	0	1	0.0
867	Список тарганів Польщі	3	0	1	0.0
868	Список турунів Білорусі	0	0	0	0.0
869	Список турунів Естонії	2	0	1	0.0
870	Список турунів Молдови	4	0	2	0.0
871	Справжні ківсяки	25	0	3	1.0
872	Справжні клопи	224	1	19	6.0
873	Справжні коники	474	4	25	15.0
874	Справжні оси	99	0	8	3.0
875	Справжні попелиці	152	1	11	4.0
876	Справжні цвіркуни	116	0	10	3.0
877	Стафілін волохатий	20	0	5	1.0
878	Стафілін пахучий	78	0	5	3.0
879	Стебельчасточеревні	43	0	8	1.0
880	Стенурелла	2	0	1	0.5
881	Стерніт	30	0	4	1.0
882	Странгалія	6	0	2	0.0
883	Странґаліна вузькотіла	35	0	4	1.0
884	Стрибуни	13	0	3	1.0
885	Стрілка (бабка)	39	0	10	1.0
886	Стрілка Ліндена	25	0	4	1.0
887	Стрілка Меркурія	20	0	4	1.0
888	Стрілки (родина)	52	0	6	2.0
889	Стрільчатка псі	5	0	2	0.0
890	Стрільчатка тризубець	6	0	2	0.5
891	Стрільчатка щавлева	12	0	2	1.0
892	Стрічкарка диз'юнктивна	1	0	1	0.0
893	Стрічкарка орденська малинова	18	0	2	1.0
894	Стрічкарка тополева	34	0	4	1.0
895	Стрічкарка червоно-жовта	5	0	2	0.0
896	Стрічкарки	6	0	1	1.0
897	Строкатки (метелики)	84	1	13	2.0
898	Строкатокрилки	8	0	2	0.0
899	Тагма	15	0	4	1.0
900	Тарантул	890	13	41	29.0
901	Тарантул південноруський	1474	19	194	38.0
902	Тарган чорний	304	3	17	10.0
903	Таргани	1010	16	49	34.0
904	Тарганові перегони	7	0	2	0.0
905	Тарганоподібні	25	0	3	1.0
906	Твердокрилі	1055	15	105	29.0
907	Теленга Микола Абрамович	35	0	9	1.0
908	Тельсон	9	0	2	0.0
909	Тенебріоноїдні	8	0	3	0.0
910	Теодор Генрі Фрісон	5	0	3	0.0
911	Тер-Мінасян Маргарита Єрвандівна	6	0	2	0.0
912	Тергіт	21	0	3	1.0
913	Терміти	253	2	17	8.0
914	Томарес Каллімах	4	0	1	1.0
915	Томас Волластон	0	0	0	0.0
916	Тонкі ківсяки	5	0	1	1.0
917	Тонкопряди	2	0	1	0.0
918	Тонкочеревець Фонсколомба	13	0	2	1.0
919	Торакс (зоологія)	49	0	4	1.0
920	Трахеї	74	0	7	2.0
921	Трахейнодишні	41	0	4	1.0
922	Триктенотоміди	5	0	2	0.0
923	Трипси	347	1	152	6.0
924	Тріскачка ширококрила	4	0	1	0.0
925	Тромбідіформні кліщі	32	0	4	1.0
926	Трубкокрут дубовий	37	0	4	1.0
927	Трубкокрути	16	0	3	1.0
928	Трубконосики	3	0	1	0.0
929	Трутень	793	12	41	26.0
930	Турун	148	2	17	4.0
931	Турун бесарабський	1	0	1	0.0
932	Турун Менетріє	7	0	4	0.0
933	Турун печерний Дублянського	0	0	0	0.0
934	Турун угорський	14	0	2	1.0
935	Турун Фабра	0	0	0	0.0
936	Турун Фабра український	23	0	4	1.0
937	Турун хлібний	125	0	11	4.0
938	Турун Щеглова	6	0	1	1.0
939	Туруни	329	2	24	10.0
940	Туруноїдні	4	0	1	0.0
941	Фасеткове око	126	0	13	4.0
942	Філоксера виноградна	80	0	10	2.0
943	Фредерік Мур	1	0	1	0.0
944	Френсіс Песко	2	0	1	0.0
945	Хвостюшки	3	0	1	0.0
946	Хвостюшок акацієвий	5	0	2	0.5
947	Хвостюшок в'язовий	9	0	2	0.0
948	Хвостюшок падубник	4	0	1	0.0
949	Хвостюшок підзелень	7	0	2	1.0
950	Хвостюшок сливовий	7	0	2	0.0
951	Хвостюшок терновий	6	0	2	0.0
952	Хижі жуки	27	0	3	1.0
953	Хітин	919	4	368	14.0
954	Хоботкові метелики	33	0	5	1.0
955	Хребтоплав звичайний	30	0	5	1.0
956	Хризоліна	1	0	1	0.0
957	Хризомеліни	4	0	1	0.0
958	Хрущ	689	4	35	22.0
959	Хрущ волохатий	137	0	12	4.0
960	Хрущ мармуровий	571	0	66	11.0
961	Хрущ травневий	1413	25	81	46.0
962	Хрущак борошняний	195	1	15	6.0
963	Хрущі	383	3	21	12.0
964	Царічкова Діана Борисівна	0	0	0	0.0
965	Цвіркун польовий	321	5	22	10.0
966	Цвіркуни	204	1	15	6.0
967	Целонітес абревіатус кримський	4	0	4	0.0
968	Церамбікоїдні	6	0	1	0.0
969	Цератофій багаторогий	39	0	4	1.0
970	Цеце	677	6	71	21.0
971	Цикади	512	7	33	15.0
972	Цикадки	59	0	8	2.0
973	Чарльз Ротшильд	4	0	1	0.0
974	Червеці	60	0	34	1.0
975	Червець	201	2	14	6.0
976	Червиця пахуча	25	0	3	1.0
977	Червневий хрущ	119	3	24	10.5
978	Червоноклоп червоний	1361	19	70	47.0
979	Червонолоб	7	0	3	0.0
980	Червчик Комстока	14	0	4	1.0
981	Черевце	20	0	4	1.0
982	Черевце комах	86	0	10	3.0
983	Чорнотілки	211	1	31	4.0
984	Чубатка пишновуса	2	0	1	0.0
985	Шапіро Дора Самійлівна	2	0	1	0.0
986	Шведські мухи	40	0	5	1.0
987	Шелюжко Лев Андрійович	13	0	2	0.0
988	Шершень	2407	36	146	76.0
989	Шершень звичайний	756	13	39	23.0
990	Шершень східний	53	0	5	2.0
991	Шизоміди	13	0	2	1.0
992	Шкіроїди	89	1	6	2.0
993	Шовкопряд шовковичний	256	1	20	7.0
994	Шовкопряди	15	0	3	0.0
995	Шовкопряди похідні	46	0	7	2.0
996	Щербатка c-біле	49	0	10	1.0
997	Щетинкохвості	27	0	3	1.0
998	Щитівки	50	0	6	1.0
999	Щитники	49	0	4	2.0
1000	Щупальця	34	0	3	1.0
1001	Явище флюоресценції у скорпіонів	4	0	2	1.0
1002	Яйцеклад	46	0	5	1.0
1003	Aaaba	2	0	2	0.0
1004	Aaata finchi	2	0	2	0.0
1005	Abax	36	0	3	1.0
1006	Abiromorphus anceyi	0	0	0	0.0
1007	Acalyptratae	2	0	1	0.0
1008	Acanthaeschna victoria	5	0	2	0.0
1009	Acanthopsychops triaina	0	0	0	0.0
1010	Acanthopteroctetidae	1	0	1	0.0
1011	Aconurella	0	0	0	0.0
1012	Acorius	1	0	1	0.0
1013	Acostemminae	0	0	0	0.0
1014	Acraea horta	2	0	1	0.0
1015	Acronicta	4	0	1	0.0
1016	Actenicerus	5	0	2	0.5
1017	Adela cuprella	3	0	1	0.0
1018	Adelowalkeria	0	0	0	0.0
1019	Adelpholeon lithophorus	0	0	0	0.0
1020	Adosomus	21	0	3	1.0
1021	Adrapsa	1	0	1	0.0
1022	Adrapsoides	0	0	0	0.0
1023	Aedes	110	1	10	3.0
1024	Aedes aegypti	65	0	7	2.0
1025	Aedes albopictus	130	0	11	4.0
1026	Aedes dorsalis	1	0	1	0.0
1027	Aedes nigromaculis	5	0	1	0.5
1028	Aenictus	1	0	1	0.0
1029	Aethiocarenus burmanicus	0	0	0	0.0
1030	Afghanocleonus	1	0	1	0.5
1031	Afrolarinus	1	0	1	0.0
1032	Agabinae	3	0	2	0.0
1033	Agapanthia amicula	0	0	0	0.0
1034	Agapanthia angelicae	0	0	0	0.0
1035	Agapanthia annularis	1	0	1	0.0
1036	Agapanthia asphodeli	0	0	0	0.0
1037	Agapanthia detrita	1	0	1	0.0
1038	Agapanthia pesarinii	0	0	0	0.0
1039	Agelenidae	20	0	4	1.0
1040	Agelenoidea	1	0	1	0.0
1041	Ageleradix	2	0	1	0.0
1042	Ageleradix cymbiforma	1	0	1	0.0
1043	Ageleradix otiforma	3	0	1	0.0
1044	Agonum	1	0	1	0.0
1045	Agonum dolens	0	0	0	0.0
1046	Agonum ericeti	1	0	1	0.0
1047	Agonum gracilipes	1	0	1	0.0
1048	Agonum lugens	1	0	1	0.0
1049	Agonum sexpunctatum	2	0	2	0.0
1050	Agonum versutum	0	0	0	0.0
1051	Agraulis vanillae	1	0	1	0.0
1052	Aguriahana	0	0	0	0.0
1053	Albicostella	1	0	1	0.0
1054	Alebra	1	0	1	0.0
1055	Aleocharinae	4	0	2	0.0
1056	Allantinae	2	0	1	0.0
1057	Allolarinus	1	0	1	0.0
1058	Alobaldia	1	0	1	0.0
1059	Alucita bulgaria	4	0	1	0.0
1060	Alucita karadagica	4	0	3	0.0
1061	Alucita pliginskii	16	0	11	1.0
1062	Alysiinae	2	0	2	0.0
1063	Amarixys	2	0	1	0.0
1064	Amarixys gracilis	0	0	0	0.0
1065	Ameles	1	0	1	0.0
1066	Ameles decolor	7	0	1	1.0
1067	Ameles fasciipennis	5	0	1	0.5
1068	Ameles spallanzania	3	0	2	0.0
1069	Amelini	1	0	1	0.0
1070	Amimenus	0	0	0	0.0
1071	Ammocleonus	1	0	1	0.0
1072	Anareolatae	0	0	0	0.0
1073	Aneuretus simoni	2	0	1	0.0
1074	Anomala binotata	2	0	1	0.0
1075	Anomaloninae	7	0	2	1.0
1076	Anopheles	237	0	18	7.0
1077	Anopheles (підрід)	7	0	1	0.0
1078	Anopheles freeborni	5	0	2	0.5
1079	Anopheles minor	7	0	3	0.0
1080	Anoplognathini	1	0	1	0.0
1081	Anoplura	72	0	8	2.0
1082	Anthrenus	4	0	2	0.0
1083	Apamea	3	0	1	0.0
1084	Apamea barbara	1	0	1	0.0
1085	Apamea glenura	0	0	0	0.0
1086	Apameini	0	0	0	0.0
1087	Aparotopus	1	0	1	0.0
1088	Aphelinidae	1	0	1	0.0
1089	Aphidiinae	8	0	2	0.0
1090	Aphidoletes	1	0	1	0.0
1091	Aphis	4	0	1	0.0
1092	Aphis baccharicola	0	0	0	0.0
1093	Aphthartopsychops scutatus	1	0	1	0.0
1094	Aphthona herbigrada	0	0	0	0.0
1095	Aphthona melancholica	0	0	0	0.0
1096	Aplesilus	2	0	1	1.0
1097	Apleurus	1	0	1	0.0
1098	Apoditrysia	0	0	0	0.0
1099	Apoidea	29	0	5	1.0
1100	Aprosthema	1	0	1	0.0
1101	Aptenoperissus	5	0	4	0.0
1102	Aptenoperissus etius	3	0	2	0.0
1103	Aptenoperissus magnifemoris	6	0	5	0.0
1104	Aptenoperissus pusillus	1	0	1	0.0
1105	Apteromantis aptera	4	0	1	0.0
1106	Araneoidea	4	0	1	0.0
1107	Arbelana	1	0	1	0.5
1108	Arboridia	0	0	0	0.0
1109	Archaeocercus schuvachinae	1	0	1	0.0
1110	Archaeolepis mane	5	0	1	1.0
1111	Archiearinae	0	0	0	0.0
1112	Archiinocellia oligoneura	0	0	0	0.0
1113	Architendipedidae	3	0	2	0.5
1114	Archizelmiridae	3	0	1	0.0
1115	Arctiinae	3	0	1	0.0
1116	Arctoperlaria	1	0	1	0.0
1117	Arge pallidinervis	1	0	1	0.0
1118	Argema	2	0	1	0.0
1119	Argema mittrei	10	0	2	0.5
1120	Argiope	25	0	4	1.0
1121	Argiope aemula	2	0	1	0.0
1122	Argiope aetheroides	1	0	1	0.0
1123	Argiope amoena	3	0	1	0.0
1124	Argiope anasuja	1	0	1	0.0
1125	Argiope argentata	5	0	2	0.0
1126	Argiope aurantia	7	0	2	0.0
1127	Argiope boesenbergi	1	0	1	0.0
1128	Argiope catenulata	1	0	1	0.0
1129	Argiope chloreis	1	0	1	0.0
1130	Argiope dang	0	0	0	0.0
1131	Argiope doleschalli	0	0	0	0.0
1132	Argiope hoiseni	1	0	1	0.0
1133	Argiope lobata	475	6	24	16.0
1134	Argiope mangal	1	0	1	0.0
1135	Argiope minuta	1	0	1	0.0
1136	Argiope modesta	2	0	1	0.0
1137	Argiope ocula	0	0	0	0.0
1138	Argiope perforata	1	0	1	0.0
1139	Argiope picta	4	0	2	0.0
1140	Argiope pulchella	2	0	1	0.0
1141	Argiope reinwardti	2	0	1	0.0
1142	Argiope trifasciata	6	0	2	0.0
1143	Argynnini	8	0	1	0.5
1144	Argyresthia albistria	0	0	0	0.0
1145	Argyresthia bergiella	0	0	0	0.0
1146	Argyresthia illuminatella	0	0	0	0.0
1147	Argyresthia laevigatella	2	0	1	0.0
1148	Argyresthia pruniella	7	0	2	1.0
1149	Argyresthia pygmaeella	0	0	0	0.0
1150	Argyrotaenia brimuncus	0	0	0	0.0
1151	Aricia artaxerxes	2	0	1	0.0
1152	Arractocetus	0	0	0	0.0
1153	Aruena apicimaculata	0	0	0	0.0
1154	Asiarge	0	0	0	0.0
1155	Asiarge centralis	0	0	0	0.0
1156	Asiarge regeli	0	0	0	0.0
1157	Asinocleonus	0	0	0	0.0
1158	Asiochaoboridae	1	0	1	0.0
1159	Aspidiotinae	2	0	1	0.0
1160	Asproparthenis	21	0	2	1.0
1161	Atactogaster	1	0	1	0.0
1162	Atherigoninae	10	0	1	1.0
1163	Athysanella	0	0	0	0.0
1164	Athysanopsis	1	0	1	0.0
1165	Athysanus	0	0	0	0.0
1166	Atolmis rubricollis	1	0	1	0.0
1167	Atrax sutherlandi	0	0	0	0.0
1168	Atta cephalotes	1	0	1	0.0
1169	Atta colombica	1	0	1	0.0
1170	Atta texana	2	0	1	0.0
1171	Atta vollenweideri	1	0	1	0.0
1172	Attacus atlas	19	0	3	1.0
1173	Attercopus fimbriunguis	1	0	1	0.0
1174	Austroasca	0	0	0	0.0
1175	Aztecarpalus	0	0	0	0.0
1176	Balclutha	2	0	2	0.0
1177	Balinskycercella	0	0	0	0.0
1178	Bambusana	0	0	0	0.0
1179	Bangasternus	3	0	2	0.0
1180	Barbitistes constrictus	17	0	3	1.0
1181	Barbitistini	5	0	2	0.0
1182	Bathyphlebia	0	0	0	0.0
1183	Batrachedridae	5	0	1	0.0
1184	Batrisini	1	0	1	0.0
1185	Bellinympha	0	0	0	0.0
1186	Besuchetiella	0	0	0	0.0
1187	Blaberidae	10	0	1	1.0
1188	Blastobasis phycidella	0	0	0	0.0
1189	Blastobasis ponticella	0	0	0	0.0
1190	Blattellidae	16	0	2	1.0
1191	Blattuloidea	0	0	0	0.0
1192	Blepharodinae	1	0	1	0.0
1193	Blepharopsis mendica	4	0	2	0.0
1194	Bobacella	0	0	0	0.0
1195	Bodemeyeria	1	0	1	0.0
1196	Boganiidae	4	0	1	0.0
1197	Bolivaria	3	0	1	0.0
1198	Bombus transversalis	4	0	1	0.0
1199	Bombus tricornis	3	0	2	0.0
1200	Bothriurus olaen	0	0	0	0.0
1201	Bothrogonia	0	0	0	0.0
1202	Bothynoderes	20	0	2	1.0
1203	Brachyceridae	3	0	2	0.0
1204	Brachycerinae	1	0	1	0.0
1205	Brachycerini	0	0	0	0.0
1206	Brachycerus	17	0	3	1.0
1207	Brachycleonus	1	0	1	0.0
1208	Brachysternus	0	0	0	0.0
1209	Brachysternus angustus	1	0	1	0.5
1210	Brachysternus germaini	0	0	0	0.0
1211	Brachysternus marginatus	1	0	1	0.0
1212	Brachysternus patagoniensis	0	0	0	0.0
1213	Brachysternus prasinus	0	0	0	0.0
1214	Brachysternus solier	1	0	1	0.0
1215	Brachysternus spectabilis	1	0	1	0.0
1216	Bracon hebetor	5	0	1	0.0
1217	Broconius	15	0	2	1.0
1218	Bryodemella	3	0	1	0.0
1219	Bubas bubalus	2	0	1	0.0
1220	Bubopsis agrionoides	1	0	1	0.0
1221	Bulbitermes	1	0	1	0.0
1222	Buprestinae	2	0	1	0.0
1223	Buprestis	4	0	2	0.0
1224	Burmocorynus jarzembowski	0	0	0	0.0
1225	Burmogramma liui	0	0	0	0.0
1226	Burmomacer kirejtshuki	0	0	0	0.0
1227	Burmopsychops	0	0	0	0.0
1228	Cacopsylla	5	0	3	0.0
1229	Cacopsylla costalis	1	0	1	0.0
1230	Cacopsylla crataegi	0	0	0	0.0
1231	Cacopsylla cretica	0	0	0	0.0
1232	Cacopsylla curta	0	0	0	0.0
1233	Cacopsylla difficilis	0	0	0	0.0
1234	Cacopsylla dilonchi	0	0	0	0.0
1235	Cacopsylla elegantula	0	0	0	0.0
1236	Cacopsylla exima	0	0	0	0.0
1237	Caligula	5	0	1	0.0
1238	Callistolixus	16	0	3	1.0
1239	Calodemas	1	0	1	0.0
1240	Calopterygoidea	3	0	1	0.0
1241	Calyptratae	0	0	0	0.0
1242	Camponotus	16	0	2	1.0
1243	Camptopterohelea odora	0	0	0	0.0
1244	Carabinae	12	0	2	0.5
1245	Carparachne aureoflava	51	0	31	1.5
1246	Catocalini	0	0	0	0.0
1247	Cecidomyiinae	2	0	1	0.0
1248	Centrocleonus	2	0	1	0.5
1249	Cerambyx welensii	3	0	2	0.0
1250	Ceratocampinae	0	0	0	0.0
1251	Chalcophora mariana	57	0	7	1.0
1252	Charaxes candiope	5	0	2	0.0
1253	Chauliognathus pensylvanicus	0	0	0	0.0
1254	Cheiracanthium inclusum	22	0	3	1.0
1255	Chilocorus bipustulatus	5	0	2	0.0
1256	Chilognatha	4	0	3	0.0
1257	Chimerarachne yingi	2	0	1	0.0
1258	Chironomoidea	10	0	2	1.0
1259	Chorthippus dorsatus	4	0	1	0.0
1260	Chromonotus	17	0	2	1.0
1261	Chromosomus	0	0	0	0.0
1262	Chrysididae	28	0	7	1.0
1263	Chrysidoidea	6	0	1	0.5
1264	Chrysis comparata	1	0	1	0.0
1265	Chrysis fulgida	12	0	1	1.0
1266	Chrysis pulchella	1	0	1	0.0
1267	Chrysis zetterstedti	4	0	3	0.0
1268	Chrysolina (підрід)	0	0	0	0.0
1269	Chrysops	58	0	6	2.0
1270	Chthonioidea	1	0	1	0.0
1271	Cicadula	1	0	1	0.0
1272	Cicindela	4	0	1	0.0
1273	Cicindela hybrida	20	0	3	1.0
1274	Cicindelina	0	0	0	0.0
1275	Cicindelinae	9	0	2	0.0
1276	Cicindelini	0	0	0	0.0
1277	Cimicoidea	1	0	1	0.0
1278	Cimicomorpha	8	0	1	1.0
1279	Citheronia	0	0	0	0.0
1280	Citioica	1	0	1	0.0
1281	Cladofer huangi	0	0	0	0.0
1282	Cleonini	3	0	1	0.0
1283	Cleonis	14	0	2	1.0
1284	Cleonolithus	1	0	1	0.0
1285	Cleridae	8	0	2	0.0
1286	Clistopyga crassicaudata	1	0	1	0.0
1287	Clitumninae	0	0	0	0.0
1288	Cnemodontus	1	0	1	0.0
1289	Coccidulinae	14	0	2	1.0
1290	Coccinellinae	18	0	3	1.0
1291	Coccophagus	0	0	0	0.0
1292	Coccophagus lycimnia	0	0	0	0.0
1293	Coccophagus maculipennis	1	0	1	0.0
1294	Coccophagus malthusi	0	0	0	0.0
1295	Coccophagus margaritatus	0	0	0	0.0
1296	Coelidiinae	0	0	0	0.0
1297	Coenagrionoidea	2	0	1	0.0
1298	Colladonus	0	0	0	0.0
1299	Compsolixus	16	0	2	1.0
1300	Coniocleonus	12	0	2	1.0
1301	Conorhynchus	13	0	2	1.0
1302	Coptera anka	0	0	0	0.0
1303	Coreana raphaelis	0	0	0	0.0
1304	Coreoidea	2	0	1	0.0
1305	Cornupalpatum burmanicum	1	0	1	0.0
1306	Cosmogaster	0	0	0	0.0
1307	Cosmophasis bitaeniata	0	0	0	0.0
1308	Cotesia glomerata	11	0	2	1.0
1309	Coulinus	0	0	0	0.0
1310	Creatonotos gangis	620	0	156	9.0
1311	Crematogaster	10	0	2	0.0
1312	Crematogaster schmidti	20	0	2	1.0
1313	Creobroter	1	0	1	0.0
1314	Creoleon lugdunensis	1	0	1	0.0
1315	Cretanallachius magnificus	0	0	0	0.0
1316	Cretogramma engeli	0	0	0	0.0
1317	Cretoparacucujus cycadophilus	1	0	1	0.0
1318	Cryphopus	0	0	0	0.0
1319	Ctenurella	1	0	1	0.0
1320	Cuculliinae	3	0	2	0.0
1321	Culicomorpha	7	0	3	0.0
1322	Cupiennius	4	0	3	0.0
1323	Cupiennius salei	9	0	2	1.0
1324	Curculioididae	1	0	1	0.0
1325	Curculioninae	16	0	4	1.0
1326	Curculionites	4	0	2	0.0
1327	Cybister lateralimarginalis	10	0	3	0.0
1328	Cylindera	3	0	2	0.0
1329	Cylindera germanica	4	0	2	0.0
1330	Cylindera glabra	0	0	0	0.0
1331	Cymothoe sangaris	2	0	1	0.0
1332	Cynthia	42	0	11	1.0
1333	Cyphocleonus	13	0	2	0.0
1334	Daphnusa	0	0	0	0.0
1335	Daphnusa ailanti	0	0	0	0.0
1336	Daphnusa sinocontinentalis	0	0	0	0.0
1337	Darwinylus marcosi	1	0	1	0.0
1338	Dasineura	6	0	4	0.0
1339	Deinocroton draculi	1	0	1	0.0
1340	Deltocephalus	0	0	0	0.0
1341	Demodex cyonis	2	0	1	0.0
1342	Desis bobmarleyi	1	0	1	0.0
1343	Diaea	1	0	1	0.0
1344	Diaea dorsata	3	0	2	0.0
1345	Diaea ergandros	0	0	0	0.0
1346	Diaea evanida	1	0	1	0.0
1347	Diaea giltayi	0	0	0	0.0
1348	Diaeini	2	0	1	0.0
1349	Dikraneura	0	0	0	0.0
1350	Dilixellus	14	0	2	1.0
1351	Diodontognathus papillatus	0	0	0	0.0
1352	Dolichopoda	1	0	1	0.0
1353	Dolichopoda geniculata	2	0	1	0.0
1354	Dolichopoda graeca	0	0	0	0.0
1355	Dolichopoda hussoni	0	0	0	0.0
1356	Dolichopoda makrykapa	0	0	0	0.0
1357	Dolomedes	6	0	2	0.0
1358	Donacia semicuprea	2	0	1	0.0
1359	Doratura	1	0	1	0.0
1360	Dorcadion cinerarium	1	0	1	0.0
1361	Dorcadion fuliginator	2	0	1	0.0
1362	Dorcadion mokrzeckii	24	0	3	1.0
1363	Dorcadion pedestre	0	0	0	0.0
1364	Dorcadion sareptanum	2	0	1	1.0
1365	Dryocampa	1	0	1	0.0
1366	Dryops	1	0	1	0.0
1367	Dysaphis	3	0	1	0.0
1368	Eacles	1	0	1	0.0
1369	Eacles barnesi	1	0	1	0.0
1370	Eacles oslari	1	0	1	0.0
1371	Eciton	3	0	2	0.0
1372	Ecitophya	1	0	1	0.0
1373	Ectinogonia buqueti	0	0	0	0.0
1374	Ederranus	0	0	0	0.0
1375	Edessena	0	0	0	0.0
1376	Eduardoxenus unicus	0	0	0	0.0
1377	Edwardsiana	1	0	1	0.0
1378	Elaea	0	0	0	0.0
1379	Elaterinae	2	0	1	0.0
1380	Electrocaptivus xui	0	0	0	0.0
1381	Elymana	0	0	0	0.0
1382	Emblemasoma erro	15	0	15	0.0
1383	Empoa	0	0	0	0.0
1384	Empoasca	1	0	1	0.0
1385	Empusa guttula	6	0	3	0.0
1386	Empusa hedenborgii	1	0	1	0.0
1387	Empusa longicollis	1	0	1	0.0
1388	Empusa pennata	4	0	1	0.0
1389	Empusa uvarovi	1	0	1	0.0
1390	Endoxyla cinereus	2	0	1	0.0
1391	Entiminae	12	0	2	1.0
1392	Entymetopus	0	0	0	0.0
1393	Eocleonus	1	0	1	0.0
1394	Eophyllium messelensis	0	0	0	0.0
1395	Epexochus	1	0	1	0.0
1396	Ephimeronotus	1	0	1	0.0
1397	Epiacanthus	0	0	0	0.0
1398	Epimeces	19	0	4	1.0
1399	Epiocheirata	0	0	0	0.0
1400	Episyrphus balteatus	31	0	5	1.0
1401	Erebidae	6	0	1	0.0
1402	Eremiaphila	3	0	2	0.0
1403	Eremiaphilidae	1	0	1	0.0
1404	Eremoplana	2	0	1	0.0
1405	Eriovixia gryffindori	1	0	1	0.0
1406	Eristalis bardus	0	0	0	0.0
1407	Erythracarinae	1	0	1	0.0
1408	Erythromma	7	0	2	0.0
1409	Euacanthellinae	1	0	1	0.0
1410	Eugeniodecus	1	0	1	0.0
1411	Euhypnorna grata	0	0	0	0.0
1412	Eukoenenia	2	0	1	0.0
1413	Eukoenenia christiani	2	0	1	0.0
1414	Eukoenenia strinatii	0	0	0	0.0
1415	Eukoeneniidae	1	0	1	0.0
1416	Eulixus	17	0	2	1.0
1417	Eumecops	16	0	4	1.0
1418	Euophrys omnisuperstes	0	0	0	0.0
1419	Eupelix	1	0	1	0.0
1420	Eupithecia basurmanca	0	0	0	0.0
1421	Eupteryx	0	0	0	0.0
1422	Eurhadina	0	0	0	0.0
1423	Eurycleonus	0	0	0	0.0
1424	Eurythyrea	1	0	1	0.0
1425	Euscelis	0	0	0	0.0
1426	Euscorpius beroni	0	0	0	0.0
1427	Eusparassus dufouri	5	0	2	0.0
1428	Eustenopus	1	0	1	0.0
1429	Eutulomatus	0	0	0	0.0
1430	Evacanthus	0	0	0	0.0
1431	Extatosoma tiaratum	5	0	2	0.0
1432	Fagina silvatica	2	0	1	0.0
1433	Fallomyrma anodonta	0	0	0	0.0
1434	Fallomyrma marginata	0	0	0	0.0
1435	Fallomyrma robusta	0	0	0	0.0
1436	Fideliinae	1	0	1	0.0
1437	Filistata maguirei	0	0	0	0.0
1438	Forcipata	1	0	1	0.0
1439	Formiciinae	18	0	5	1.0
1440	Formicini	2	0	1	0.0
1441	Furcantenna yangi	0	0	0	0.0
1442	Gasteroclisus	0	0	0	0.0
1443	Gastrophysa	3	0	1	0.0
1444	Geomantis	0	0	0	0.0
1445	Geomantis larvoides	17	0	7	0.0
1446	Georginus	1	0	1	0.0
1447	Girtesma	0	0	0	0.0
1448	Glebius	1	0	1	0.0
1449	Gluphisia	1	0	1	0.0
1450	Gluphisia crenata	1	0	1	0.0
1451	Gluphisia lintneri	0	0	0	0.0
1452	Gluphisia oxiana	0	0	0	0.0
1453	Goliathus regius	0	0	0	0.0
1454	Gondwanascorpio emzantsiensis	11	0	2	1.0
1455	Gonioctena	4	0	2	0.0
1456	Gonocleonus	0	0	0	0.0
1457	Gonometa postica	3	0	1	0.0
1458	Grant viridifluvius	2	0	2	0.0
1459	Gromphadorhina portentosa	52	0	5	2.0
1460	Gyranusoidea iranica	0	0	0	0.0
1461	Habralictus	0	0	0	0.0
1462	Hadeninae	2	0	1	0.0
1463	Halter halteratus	0	0	0	0.0
1464	Haplocampa wagnelli	18	0	18	9.0
1465	Haplopelma schmidti	0	0	0	0.0
1466	Harmonia (комаха)	36	0	6	1.0
1467	Harpalinae	12	0	2	0.0
1468	Hedychrum nobile	2	0	1	0.0
1469	Helaeomyia petrolei	4	0	1	0.0
1470	Helichus ussuriensis	3	0	1	0.0
1471	Heliconiinae	6	0	2	0.0
1472	Heliconius erato	0	0	0	0.0
1473	Helicoverpa zea	9	0	1	1.0
1474	Heliozona	1	0	1	0.0
1475	Helminthomorpha	3	0	1	0.0
1476	Hermetia illucens	65	0	7	2.0
1477	Heterocleonus	0	0	0	0.0
1478	Heteropterinae	1	0	1	0.0
1479	Hexarthrius	2	0	1	0.0
1480	Hierodula	5	0	1	0.0
1481	Holaptilon	0	0	0	0.0
1482	Holaptilon pusillulum	2	0	1	0.0
1483	Hololixus	0	0	0	0.0
1484	Hovalarinus	0	0	0	0.0
1485	Hybomitra	24	0	6	1.0
1486	Hybomitra altaica	4	0	2	0.0
1487	Hybomitra alticola	2	0	2	0.0
1488	Hydrillodes	0	0	0	0.0
1489	Hyles	3	0	1	0.0
1490	Hylobius abietis	47	0	5	1.0
1491	Hymenopodidae	5	0	2	0.0
1492	Hypogastruroidea	1	0	1	0.0
1493	Hypolixus	0	0	0	0.0
1494	Hypsicorypha gracilis	6	0	2	0.0
1495	Idolomantis diabolica	25	0	7	1.0
1496	Ileomus	0	0	0	0.0
1497	Ilybius	1	0	1	0.0
1498	Integripalpia	5	0	2	0.0
1499	Iolana iolas	1	0	1	0.0
1500	Iris	9	0	3	0.0
1501	Iris oratoria	8	0	6	0.0
1502	Isomerops	0	0	0	0.0
1503	Isotogastrura	1	0	1	0.0
1504	Isotomidae	3	0	2	0.0
1505	Ixodida	230	2	30	6.0
1506	Junonia coenia	4	0	1	0.0
1507	Kalligramma	2	0	2	0.0
1508	Kalligramma paradoxum	1	0	1	0.0
1509	Kalligrammatidae	6	0	2	0.0
1510	Kallima inachus	7	0	3	0.0
1511	Katha	3	0	1	0.0
1512	Katha depressa	1	0	1	0.0
1513	Katha laevis	1	0	1	0.0
1514	Katha magnata	0	0	0	0.0
1515	Katha moorei	0	0	0	0.0
1516	Katha nankunshanica	2	0	1	0.0
1517	Katha nigropoda	0	0	0	0.0
1518	Katha prabana	1	0	1	0.0
1519	Katha suffusa	0	0	0	0.0
1520	Kekveus jason	0	0	0	0.0
1521	Klassius	1	0	1	0.0
1522	Koenigius	0	0	0	0.0
1523	Labidura riparia	3	0	1	0.0
1524	Lachnaeus	14	0	2	1.0
1525	Lambula	1	0	1	0.0
1526	Lambula aethalocis	0	0	0	0.0
1527	Lambula agraphia	1	0	1	0.0
1528	Lambula aroa	0	0	0	0.0
1529	Lambula bilineata	0	0	0	0.0
1530	Lambula bivittata	0	0	0	0.0
1531	Lambula buergersi	0	0	0	0.0
1532	Larentiinae	1	0	1	0.0
1533	Larinodontes	0	0	0	0.0
1534	Larinomesius	11	0	2	1.0
1535	Larinus	18	0	3	1.0
1536	Larinus (підрід)	11	0	2	1.0
1537	Larinus turbinatus	16	0	2	1.0
1538	Larinus vulpes	14	0	2	1.0
1539	Lasiocampinae	2	0	1	0.0
1540	Lasiommata	2	0	2	0.0
1541	Latrodectinae	3	0	1	0.0
1542	Lepismachilis eocaenica	0	0	0	0.0
1543	Leptopodomorpha	6	0	1	0.5
1544	Lestremiinae	2	0	1	0.0
1545	Lestremiini	2	0	1	0.0
1546	Lethocerus indicus	58	0	12	1.0
1547	Leucochromus	1	0	1	0.0
1548	Leucomigus	13	0	3	1.0
1549	Leucophyes	11	0	2	1.0
1550	Libelloides italicus	1	0	1	0.0
1551	Libelluloidea	4	0	1	0.0
1552	Limnichidae	1	0	1	0.0
1553	Liocleonus	0	0	0	0.0
1554	Lithosiinae	1	0	1	0.0
1555	Lithosiini	1	0	1	0.0
1556	Lixinae	88	0	6	3.0
1557	Lixini	3	0	1	0.0
1558	Lixocleonus	0	0	0	0.0
1559	Lixoglyptus	3	0	2	0.0
1560	Lixomorphus	0	0	0	0.0
1561	Lixopachys	0	0	0	0.0
1562	Lixus	19	0	3	1.0
1563	Lixus (підрід)	14	0	2	1.0
1564	Lophocorona	1	0	1	0.0
1565	Lucaninae	8	0	2	0.0
1566	Lucanus	27	0	5	1.0
1567	Lucanus placidus	4	0	2	0.0
1568	Luciliinae	2	0	1	0.0
1569	Lycosa aragogi	20	0	3	1.0
1570	Lysibia nana	2	0	1	0.0
1571	Machaerotypus sibiricus	0	0	0	0.0
1572	Macleodiella electrina	0	0	0	0.0
1573	Macroglossinae	2	0	1	0.0
1574	Macrolepidoptera	0	0	0	0.0
1575	Macrosiphini	0	0	0	0.0
1576	Macrotermes	4	0	1	1.0
1577	Macrotermes gilvus	2	0	1	0.5
1578	Macroxiphus	2	0	1	0.0
1579	Macroxiphus nasicornis	0	0	0	0.0
1580	Macroxiphus sumatranus	1	0	1	0.0
1581	Manica	4	0	3	0.0
1582	Mantidae	8	0	2	0.0
1583	Mantis	29	0	21	1.0
1584	Maratus personatus	0	0	0	0.0
1585	Marumba spectabilis	1	0	1	0.0
1586	Marumba tigrina	1	0	1	0.0
1587	Maximus	11	0	3	0.5
1588	Mecaspis	0	0	0	0.0
1589	Medaurini	1	0	1	0.0
1590	Medauroidea	0	0	0	0.0
1591	Megachilinae	0	0	0	0.0
1592	Megaphragma	18	0	13	0.0
1593	Megatominae	2	0	1	0.0
1594	Melitaea acentria	0	0	0	0.0
1595	Melitaea didyma	5	0	2	0.0
1596	Melitaea ornata	2	0	1	0.0
1597	Menecleonus	0	0	0	0.0
1598	Menthastriella	2	0	1	0.0
1599	Mesocleonus	0	0	0	0.0
1600	Mesostigmata	12	0	2	0.0
1601	Mesothelae	14	0	2	1.0
1602	Metacucujus	0	0	0	0.0
1603	Metallyticus	0	0	0	0.0
1604	Metopininae	2	0	1	0.0
1605	Microcleonus	1	0	1	0.0
1606	Microlarinus	0	0	0	0.0
1607	Microlixus	1	0	1	0.0
1608	Microplitis croceipes	1	0	1	0.0
1609	Micropterix calthella	1	0	1	0.0
1610	Microthespis	0	0	0	0.0
1611	Mionycha	1	0	1	0.0
1612	Misumena vatia	586	11	29	18.0
1613	Misumenoides formosipes	4	0	1	0.0
1614	Molytinae	10	0	2	0.0
1615	Mongolocleonus	1	0	1	0.0
1616	Monolophus	0	0	0	0.0
1617	Morphini	3	0	1	0.0
1618	Morpho rhetenor	3	0	1	0.0
1619	Muschampia	1	0	1	0.0
1620	Muscoidea	6	0	3	0.0
1621	Mycotrichus	0	0	0	0.0
1622	Myrmarachne	20	0	6	1.0
1623	Myrmarachne assimilis	0	0	0	0.0
1624	Myrmarachne caliraya	1	0	1	0.0
1625	Myrmarachne plataleoides	0	0	0	0.0
1626	Myrmekiaphila neilyoungi	0	0	0	0.0
1627	Myrmeleon fasciatus	0	0	0	0.0
1628	Myrmeleon quinquemaculatus	4	0	2	0.0
1629	Myrmeleontiformia	1	0	1	0.0
1630	Myrmica angulata	0	0	0	0.0
1631	Myrmicini	3	0	1	0.0
1632	Myrmozercon cyrusi	0	0	0	0.0
1633	Mystrium camillae	1	0	1	0.0
1634	Myzocallis	1	0	1	0.0
1635	Nastus (жуки)	0	0	0	0.0
1636	Nauphoeta cinerea	8	0	3	0.0
1637	Naxa seriaria	2	0	2	0.0
1638	Nefis	0	0	0	0.0
1639	Negastriinae	0	0	0	0.0
1640	Neivamyrmex	1	0	1	0.0
1641	Nemaspela ladae	0	0	0	0.0
1642	Nemophora degeerella	0	0	0	0.0
1643	Nemophora dumerilella	1	0	1	0.0
1644	Nemopteridae	1	0	1	0.0
1645	Nemopteroidea	1	0	1	0.0
1646	Neocleonus	0	0	0	0.0
1647	Neodermaptera	0	0	0	0.0
1648	Nepa cinerea	36	0	5	1.0
1649	Nicrophorinae	2	0	1	0.0
1650	Nicrophorus	32	0	7	1.0
1651	Nicrophorus interruptus	3	0	2	0.0
1652	Nicrophorus investigator	2	0	1	0.0
1653	Nicrophorus japonicus	1	0	1	0.0
1654	Nomimonyx	0	0	0	0.0
1655	Notiothauma reedi	0	0	0	0.0
1656	Nudobius lentus	20	0	2	1.0
1657	Nuttalliella namaqua	3	0	1	0.0
1658	Nymphavus progenitor	0	0	0	0.0
1659	Nymphidae	0	0	0	0.0
1660	Obtectomera	0	0	0	0.0
1661	Ochyrocera aragogue	0	0	0	0.0
1662	Oecophylla	15	0	2	0.5
1663	Oecophylla taurica	1	0	1	0.0
1664	Oestroidea	9	0	2	0.0
1665	Oligochlora semirugosa	0	0	0	0.0
1666	Oligopsychopsis	0	0	0	0.0
1667	Oligotomidae	2	0	1	0.0
1668	Oligotrophini	1	0	1	0.0
1669	Oniticellini	1	0	1	0.0
1670	Onthophagini	2	0	2	0.0
1671	Onthophagus vacca	13	0	3	1.0
1672	Opostega	0	0	0	0.0
1673	Opostegoides	0	0	0	0.0
1674	Oramiella wisei	0	0	0	0.0
1675	Orsunius electronefelus	0	0	0	0.0
1676	Orthodera novaezealandiae	3	0	1	0.0
1677	Ortholixus	17	0	4	1.0
1678	Oryctes	18	0	3	0.0
1679	Oryctes agamemnon	2	0	1	0.0
1680	Oryctes rhinoceros	6	0	2	0.0
1681	Osmia cornuta	6	0	2	0.0
1682	Osmylops	0	0	0	0.0
1683	Othorene	0	0	0	0.0
1684	Pachycerus	11	0	2	1.0
1685	Pachyiulus humicola	0	0	0	0.0
1686	Pachymerium tabacarui	0	0	0	0.0
1687	Paederinae	9	0	2	1.0
1688	Pajnisoodes	0	0	0	0.0
1689	Palaeortona quercyensis	0	0	0	0.0
1690	Palaeotendipes alexii	0	0	0	0.0
1691	Palomena prasina	108	1	10	2.0
1692	Paracucujus rostratus	0	0	0	0.0
1693	Paradoxosisyra groehni	0	0	0	0.0
1694	Parastrachiidae	1	0	1	0.0
1695	Paratarsotomus	0	0	0	0.0
1696	Paratarsotomus sabulosus	3	0	1	0.0
1697	Parileomus	0	0	0	0.0
1698	Parnopes grandior	3	0	1	0.5
1699	Pedanoptera arachnophila	2	0	1	0.0
1700	Peltosyne triassica	0	0	0	0.0
1701	Pemphigidae	5	0	1	0.0
1702	Pentatominae	15	0	2	1.0
1703	Pentatomoidea	8	0	1	0.0
1704	Pentatomomorpha	5	0	1	0.0
1705	Pentatropis	0	0	0	0.0
1706	Perlamantis allibertii	1	0	1	0.0
1707	Permarachne novokshonovi	0	0	0	0.0
1708	Phaneropterinae	16	0	3	1.0
1709	Phasmatidae	3	0	1	0.0
1710	Phaulosomus	0	0	0	0.0
1711	Philidris nagasau	0	0	0	0.0
1712	Phillixus	11	0	2	1.0
1713	Phlebotomus papatasi	43	0	5	1.0
1714	Phlebotomus papuensis	1	0	1	0.0
1715	Phlebotomus pedifer	2	0	1	0.0
1716	Phlebotomus perfiliewi	1	0	1	0.0
1717	Phlebotomus perniciosus	1	0	1	0.0
1718	Phlebotomus pexopharynx	0	0	0	0.0
1719	Phlebotomus sergenti	1	0	1	0.0
1720	Phobaeticus chani	5	0	2	0.0
1721	Phobaeticus kirbyi	1	0	1	0.0
1722	Phyllochrysa huangi	0	0	0	0.0
1723	Phyllodromica	2	0	2	0.0
1724	Phyllodromica merrakescha	0	0	0	0.0
1725	Phyllonomeus	12	0	2	1.0
1726	Phytotelmatrichis osopaddington	0	0	0	0.0
1727	Pisaura mirabilis	491	7	26	16.0
1728	Pison	2	0	1	0.0
1729	Planodiscus	0	0	0	0.0
1730	Planodiscus foreli	0	0	0	0.0
1731	Planodiscus furcatus	1	0	1	0.0
1732	Platyscelidini	2	0	1	0.0
1733	Pleurocleonus	13	0	2	1.0
1734	Pliocleonus	0	0	0	0.0
1735	Poduromorpha	8	0	2	0.0
1736	Poecilimon ampliatus	2	0	2	0.0
1737	Poecilimon elegans	3	0	2	0.0
1738	Poecilimon gracilis	1	0	1	0.0
1739	Poliochera	0	0	0	0.0
1740	Poliochera cretacea	2	0	2	0.0
1741	Poliochera gibbsi	0	0	0	0.0
1742	Poliochera glabra	0	0	0	0.0
1743	Poliochera punctulata	0	0	0	0.0
1744	Poliochera pustulatus	0	0	0	0.0
1745	Poliocheridae	0	0	0	0.0
1746	Polyneoptera	2	0	1	0.0
1747	Polyommatus eros	2	0	2	0.0
1748	Polyommatus pljushtchi	4	0	2	0.0
1749	Ponomarenkia belmonthensis	6	0	4	0.5
1750	Porocleonus	0	0	0	0.0
1751	Prionolixus	0	0	0	0.0
1752	Prionorhinus	1	0	1	0.0
1753	Pristomyrmex elmesi	0	0	0	0.0
1754	Pritha garfieldi	0	0	0	0.0
1755	Prodryas persephone	1	0	1	0.0
1756	Prohamitermes	1	0	1	0.0
1757	Prokoenenia	1	0	1	0.0
1758	Prokoeneniidae	1	0	1	0.0
1759	Proleptothorax primitivus	1	0	1	0.0
1760	Prostigmata	13	0	2	1.0
1761	Psephenidae	3	0	2	0.0
1762	Pseudeumecops	0	0	0	0.0
1763	Pseudisomerus	0	0	0	0.0
1764	Pseudocleonus	11	0	2	1.0
1765	Pseudopostega	0	0	0	0.0
1766	Pseudopulex	1	0	1	0.0
1767	Pseudoyersinia	2	0	2	0.0
1768	Pseudoyersinia brevipennis	2	0	1	0.0
1769	Pseudoyersinia canariensis	3	0	1	0.0
1770	Pseudoyersinia lagrecai	5	0	2	0.0
1771	Pseudoyersinia paui	1	0	1	0.0
1772	Psychodomorpha	2	0	1	0.0
1773	Psychopsidae	0	0	0	0.0
1774	Psyllobora	6	0	2	0.0
1775	Pterocroce capillaris	1	0	1	0.0
1776	Pteromalidae	4	0	1	0.0
1777	Pterostichinae	2	0	1	0.0
1778	Pterostichus alexeji	1	0	1	0.0
1779	Pterostichus burkhan	0	0	0	0.0
1780	Pterostichus rodionovi	0	0	0	0.0
1781	Ptilodon	0	0	0	0.0
1782	Ptilodoninae	1	0	1	0.0
1783	Ptilophora	0	0	0	0.0
1784	Ptiloscola	0	0	0	0.0
1785	Puer maculatus	0	0	0	0.0
1786	Pycnodactylopsis	0	0	0	0.0
1787	Pygaerinae	0	0	0	0.0
1788	Rachesa	1	0	1	0.0
1789	Reclinervellus nielseni	0	0	0	0.0
1790	Rhabdorrhynchus	16	0	2	1.0
1791	Rhinocyllus	13	0	2	1.0
1792	Rhinocyllus conicus	17	0	2	1.0
1793	Rhizoglyphus robini	0	0	0	0.0
1794	Rhopalocera	53	0	6	2.0
1795	Rhopalosomatidae	4	0	1	0.0
1796	Rhynchophorus	5	0	1	0.0
1797	Rhynchophorus ferrugineus	8	0	1	0.5
1798	Ricinoides	0	0	0	0.0
1799	Ricinoides feae	0	0	0	0.0
1800	Ricinoides hanseni	0	0	0	0.0
1801	Ricinoides karschii	1	0	1	0.0
1802	Ricinoides leonensis	0	0	0	0.0
1803	Ricinoides megahanseni	0	0	0	0.0
1804	Ricinoides olounoua	0	0	0	0.0
1805	Ricinoides sjostedtii	0	0	0	0.0
1806	Ricinoididae	0	0	0	0.0
1807	Rivetina	1	0	1	0.0
1808	Rivetinini	1	0	1	0.0
1809	Rovnoholoneurus	0	0	0	0.0
1810	Sabatinca	1	0	1	0.0
1811	Sahastata sinuspersica	2	0	2	0.0
1812	Samia	1	0	1	0.0
1813	Saturnia pinratanai	0	0	0	0.0
1814	Saturniini	1	0	1	0.0
1815	Satyrus virbius	3	0	3	0.0
1816	Saurophthirus	0	0	0	0.0
1817	Saurophthirus longipes	1	0	1	0.0
1818	Scaphomorphus	17	0	2	1.0
1819	Scarabaeinae	11	0	3	0.0
1820	Scarabaeus fraterculus	2	0	1	0.0
1821	Schausiella	0	0	0	0.0
1822	Schizophora	2	0	1	0.0
1823	Sciaroidea	2	0	1	0.0
1824	Scymninae	13	0	3	1.0
1825	Selandriinae	2	0	1	0.0
1826	Sepsidae	2	0	1	0.0
1827	Sericomyrmex radioheadi	0	0	0	0.0
1828	Sicarius hahni	8	0	2	0.0
1829	Sipalinus gigas	2	0	1	0.0
1830	Sitophilus	2	0	1	0.0
1831	Smerinthini	0	0	0	0.0
1832	Sphaerites	1	0	1	0.0
1833	Sphecomyrminae	0	0	0	0.0
1834	Sphingonotini	1	0	1	0.0
1835	Sphodromantis	1	0	1	0.0
1836	Sphodromantis viridis	5	0	1	0.0
1837	Stalagtia skadarensis	0	0	0	0.0
1838	Steatoda grossa	0	0	0	0.0
1839	Stenurella sennii	0	0	0	0.0
1840	Stephanocleonus	17	0	2	1.0
1841	Stephanoidea	14	0	2	1.0
1842	Sterrhinae	4	0	2	0.0
1843	Stethophyma grossum	26	0	6	1.0
1844	Stilbum cyanurum	1	0	1	0.0
1845	Streblote	0	0	0	0.0
1846	Streblote fainae	0	0	0	0.0
1847	Streblote finitorum	0	0	0	0.0
1848	Stromboscerinae	1	0	1	0.0
1849	Stromboscerus	1	0	1	0.0
1850	Sublarinus	0	0	0	0.0
1851	Surchania	0	0	0	0.0
1852	Symphypleona	4	0	1	0.0
1853	Syndesinae	2	0	1	0.0
1854	Syssphinx	0	0	0	0.0
1855	Tabaninae	6	0	1	0.0
1856	Taeniopterygidae	3	0	2	0.0
1857	Taeniopteryx	1	0	1	0.0
1858	Taeniopteryx lita	1	0	1	0.0
1859	Taeniopteryx lonicera	0	0	0	0.0
1860	Taeniopteryx maura	0	0	0	0.0
1861	Taeniopteryx mercuryi	1	0	1	0.0
1862	Taeniopteryx metequi	0	0	0	0.0
1863	Taeniopteryx nebulosa	1	0	1	0.0
1864	Tanymecus	6	0	2	0.0
1865	Taurodemus	0	0	0	0.0
1866	Temnorhinus	18	0	3	1.0
1867	Temnothorax nylanderi	11	0	3	1.0
1868	Tenthredininae	1	0	1	0.0
1869	Tenthredinoidea	2	0	1	0.0
1870	Terminasiania	3	0	3	0.0
1871	Terpsicroton alticeps	0	0	0	0.0
1872	Tetragnatha	9	0	2	1.0
1873	Tetragonothorax	0	0	0	0.0
1874	Tetrigidae	2	0	1	0.0
1875	Teyia branislav	0	0	0	0.0
1876	Thermesiini	0	0	0	0.0
1877	Thomisinae	4	0	1	0.0
1878	Thomisoidea	0	0	0	0.0
1879	Thysania	1	0	1	0.0
1880	Tibiceninae	3	0	1	0.5
1881	Tilloidea	0	0	0	0.0
1882	Timarcha lugens	1	0	1	0.0
1883	Timema cristinae	0	0	0	0.0
1884	Timogenes elegans	0	0	0	0.0
1885	Tineoidea	3	0	1	0.0
1886	Tortricinae	0	0	0	0.0
1887	Trachydemus	0	0	0	0.0
1888	Trichocleonus	3	0	1	0.0
1889	Trichopria	0	0	0	0.0
1890	Trichotocleonus	0	0	0	0.0
1891	Trigonotarbida	8	0	3	0.0
1892	Trjapitzion cylindrocerus	1	0	1	0.0
1893	Trychopeplus laciniatus	2	0	1	0.0
1894	Ulomoides dermestoides	17	0	5	1.0
1895	Umma gumma	7	0	5	0.0
1896	Uraraneida	9	0	2	0.0
1897	Verophasmatodea	1	0	1	0.0
1898	Vespa basalis	52	0	6	2.0
1899	Vestalis amethystina	1	0	1	0.0
1900	Wasmanniella	1	0	1	0.0
1901	Whiteheadia	0	0	0	0.0
1902	Xanthochelus	0	0	0	0.0
1903	Xanthopan morganii	3	0	1	0.0
1904	Xanthorhoe	0	0	0	0.0
1905	Xanthorhoe fluctuata	1	0	1	0.0
1906	Xanthorhoe heliopharia	0	0	0	0.0
1907	Xanthorhoini	0	0	0	0.0
1908	Xenomacrus	0	0	0	0.0
1909	Xenomorphia	1	0	1	0.0
1910	Xenomorphia handschini	0	0	0	0.0
1911	Xenomorphia resurrecta	0	0	0	0.0
1912	Xyleborini	0	0	0	0.0
1913	Xylodromus affinis	0	0	0	0.0
1914	Yponomeutoidea	2	0	1	0.0
1915	Zerynthia	5	0	2	0.0
1916	Zygaena carniolica	5	0	1	0.5
