1	Абія виблискуюча	44	0	5	1.0
2	Аврора біла	162	1	13	5.0
3	Аґапантіїні	6	0	2	0.0
4	Аґапантія	3	0	1	0.0
5	Акантоліда жовтоголова	8	0	4	0.0
6	Акантоліда сланцева	3	0	1	0.0
7	Акарапідоз	15	0	3	1.0
8	Акариформні кліщі	52	0	7	1.0
9	Акарициди	118	0	10	4.0
10	Акарологія	99	0	9	3.0
11	Американський білий метелик	146	0	11	4.0
12	Амофіла сарептська	28	0	7	1.0
13	Анадримадуза Ретовського	23	0	3	1.0
14	Анатомія комах	2191	12	181	50.0
15	Андрена велика	12	0	2	0.5
16	Андрена золотонога	10	0	2	1.0
17	Андрена ошатна	29	0	7	1.0
18	Андрена степова	11	0	2	1.0
19	Андрена червоноплямиста	7	0	2	0.0
20	Андреніди	19	0	3	1.0
21	Аністиди	8	0	4	0.0
22	Аноплій самарський	43	0	5	2.0
23	Антени (біологія)	285	1	28	7.0
24	Антофора коренаста	18	0	4	1.0
25	Антофора чорновійчаста	12	0	3	0.5
26	Апростема Карпентера	4	0	1	0.0
27	Апростема Пелетьє	3	0	1	0.0
28	Аранеоморфні	40	0	6	1.0
29	Арахнологія	272	0	22	6.0
30	Аргасові кліщі	231	0	19	6.0
31	Арге Беккера	23	0	5	1.0
32	Арге Фрівальдського	3	0	2	0.0
33	Аргіопа тигрова	1342	17	74	39.0
34	Артроплевра	45	0	6	1.5
35	Архіметаболія	8	0	4	0.0
36	Архостемати	5	0	1	0.5
37	Аскалаф строкатий	25	0	3	1.0
38	Аскалафові	3	0	1	0.0
39	Афелінус	7	0	1	0.0
40	Африканізована бджола	34	0	4	1.0
41	Бабка перев'язана	120	0	14	3.0
42	Бабки	2956	13	228	78.0
43	Багатозв'яз гірський український	21	0	3	1.0
44	Барвниця грушева	26	0	3	1.0
45	Бджола (геральдика)	19	0	3	1.0
46	Бджола (рід)	575	4	56	14.0
47	Бджола велика	56	0	8	1.5
48	Бджола східна	12	0	2	1.0
49	Бджола-муляр Лефебвра	21	0	3	1.0
50	Бджоли	7485	57	680	136.5
51	Бджолині	88	0	13	3.0
52	Бджоловидка	14	0	2	1.0
53	Бджоловидка звичайна	51	0	6	1.0
54	Бджоловидка лісова	7	0	1	0.0
55	Безвусикові	42	0	18	1.0
56	Бей-Бієнко Григорій Якович	30	0	5	1.0
57	Білан брукв'яний	24	0	4	1.0
58	Білан гірський	13	0	2	1.0
59	Білан жилкуватий	42	0	6	1.0
60	Білан капустяний	2538	7	248	48.0
61	Білан ріпаковий	24	0	4	1.0
62	Біланові	57	0	5	2.0
63	Білокрилки	30	0	6	1.0
64	Білюх ріпаковий	9	0	2	0.0
65	Білюх степовий	11	0	2	0.0
66	Білюшок гірчичник	20	0	4	1.0
67	Білюшок Дюпоншеля	9	0	2	1.0
68	Білюшок Морзе	8	0	1	0.5
69	Бірміт	9	0	1	0.0
70	Бірроїдні	3	0	1	0.0
71	Бластобазиди	2	0	1	0.0
72	Блискітники	9	0	2	0.0
73	Блідий луговий метелик	8	0	3	0.0
74	Блідонога садова мурашка	25	0	3	1.0
75	Блішка бурякова звичайна	27	0	5	1.0
76	Блішка бурякова південна	15	0	3	1.0
77	Блішка льонова синя	22	0	4	1.0
78	Блішка смугаста хлібна	30	0	3	1.0
79	Блішки лляні	5	0	1	0.0
80	Блохи	6867	34	727	111.0
81	Богомол звичайний	1747	23	104	55.5
82	Богомоли	1427	20	92	35.5
83	Богомольчик Гельдрейха	8	0	1	0.0
84	Богомольчик кримський	40	0	4	2.0
85	Боліварія короткокрила	41	0	6	1.0
86	Больбелязм однорогий	14	0	3	1.0
87	Борошнистий червець	28	0	5	1.0
88	Борошнисті червеці	48	0	6	1.0
89	Борошняний кліщ	136	0	18	3.0
90	Бражник дубовий	59	0	6	2.0
91	Бражник карликовий	7	0	2	0.0
92	Бражник Комарова	5	0	1	0.0
93	Бражник Маака	5	0	3	0.0
94	Бражник мертва голова	352	1	33	10.0
95	Бражник олеандровий	44	0	5	1.0
96	Бражник очкастий	55	0	6	2.0
97	Бражник південний молочайний	28	0	4	1.0
98	Бражник підмаренниковий	24	0	3	1.0
99	Бражник прозерпіна	58	0	9	2.0
100	Бражник скабіозовий	31	0	5	1.0
101	Бражник тополевий	34	0	5	1.0
102	Бражник тютюновий	21	0	3	1.0
103	Бражник хорватський	14	0	2	0.5
104	Бражникові	882	5	96	15.0
105	Браконіди	28	0	4	1.0
106	Брахіцерус зморшкуватий	9	0	1	1.0
107	Бренівкові	20	0	7	0.5
108	Бронзівка волохата	75	0	8	2.0
109	Бронзівка гладка	37	0	5	1.0
110	Бронзівка мармурова	21	0	2	1.0
111	Бронзівка особлива	24	0	3	1.0
112	Бронзівки	76	0	9	2.0
113	Бронтоскорпіо	9	0	2	0.0
114	Букарка	38	0	3	1.0
115	Бупрестоїдні	5	0	2	0.0
116	Буравниця борщевична	14	0	2	1.0
117	Буряковий довгоносик-стеблоїд	32	0	5	1.0
118	Ванесса чорно-руда	29	0	5	1.0
119	Ведмедиці	33	0	5	1.0
120	Ведмедиця велика	100	0	13	2.0
121	Ведмедиця Геба	25	0	6	1.0
122	Ведмедиця Гера	37	0	4	1.0
123	Ведмедиця кайя	28	0	4	1.0
124	Ведмедиця-господиня	49	0	7	1.0
125	Велетенський мурашиний лев західний	29	0	4	1.0
126	Великий в'язовий заболонник	32	0	3	1.0
127	Великокрильці	10	0	2	0.0
128	Веслокрилі	52	0	7	2.0
129	Веснянка велика	25	0	3	1.0
130	Веснянки (комахи)	89	0	11	2.0
131	Віллі Хенніг	17	0	3	1.0
132	Вільгельм Фердинанд Еріхсон	4	0	1	0.0
133	Віялокрилі	36	0	4	1.0
134	Вовчок звичайний	6166	18	693	125.5
135	Вогнівка акацієва	14	0	3	1.0
136	Вогнівка інжирна	57	0	8	1.0
137	Вогнівка яблунева	15	0	2	1.0
138	Вогнівки	31	0	4	1.0
139	Вогнівки-трав'янки	6	0	2	0.0
140	Водомірки	922	5	117	21.5
141	Водяні скорпіони	166	0	13	4.0
142	Волохокрилець звичайний	12	0	2	1.0
143	Волохокрильці	136	1	14	4.0
144	Воші	6610	52	690	141.0
145	Всеїдні жуки	38	0	5	1.0
146	Вузьконадкрил	5	0	1	0.0
147	Вузьконадкрил рудий	2	0	1	0.0
148	Вусач дубовий	13	0	2	1.0
149	Вусач дубовий великий західний	80	0	11	2.0
150	Вусач дубовий малий	26	0	4	1.0
151	Вусач земляний Мокржецького	8	0	2	0.5
152	Вусач ліщиновий	37	0	3	2.0
153	Вусач пахучий	10	0	2	0.5
154	Вусач пахучий мускусний	50	0	4	1.0
155	Вусач сірий кленовий	51	0	4	2.0
156	Вусач-великозуб оленерогий	10	0	3	0.0
157	Вусач-коренеїд	8	0	1	0.0
158	Вусач-коренеїд елегантний	22	0	3	1.0
159	Вусач-коренеїд кримський	2	0	1	0.0
160	Вусач-коренеїд хрестоносець	29	0	4	1.0
161	Вусач-пурпуронадкрил Келера	9	0	2	0.0
162	Вусач-стенокор дубовий	2	0	1	0.0
163	Вусач-титан	6	0	1	0.0
164	Вусач-титан велетенський	101	0	12	2.5
165	Вусач-товстун	4	0	1	0.0
166	Вусач-товстун вербовий	40	0	8	1.0
167	Вусачик-акмеопс	2	0	1	0.0
168	Вусачик-акмеопс семикрапковий	15	0	2	1.0
169	Вусачі	310	2	23	10.0
170	Вусачі Українських Карпат	12	0	2	1.0
171	Вуховертка звичайна	262	1	29	7.0
172	Вуховертки	126	1	16	3.0
173	Гал (біологія)	595	1	145	11.0
174	Галеруцини	5	0	1	0.0
175	Галиці	31	0	5	1.0
176	Галиця виноградна	12	0	2	1.0
177	Галиця вічкова	15	0	5	0.0
178	Галиця пагонова смородинова	7	0	2	1.0
179	Галиця плодова грушева	3	0	1	0.0
180	Гармонія азійська	337	0	69	5.0
181	Гарячка паппатачі	83	0	11	2.0
182	Гемолімфа	1051	4	103	26.5
183	Гемоціанін	308	1	29	9.0
184	Гігантський азійський шершень	106	0	9	3.0
185	Гілл-топпінг	17	0	3	1.0
186	Гіляров Меркурій Сергійович	32	0	7	1.0
187	Гіперметаморфоз	19	0	5	1.0
188	Гірняк Евриала	12	0	3	1.0
189	Гірняк ефіоп	29	0	20	0.0
190	Гірняк полонинець	8	0	1	0.0
191	Гірняк Проноя	8	0	2	0.0
192	Гірняк темнорудий	10	0	2	0.0
193	Гниди	676	8	37	22.0
194	Гнойовик звичайний	92	0	9	3.0
195	Гнус	141	1	11	4.0
196	Голова комах	360	1	35	9.0
197	Головогруди	221	0	22	6.5
198	Головотрубка	27	0	11	0.5
199	Головчак Актеон	6	0	1	0.0
200	Головчак Андромеда	11	0	3	0.5
201	Головчак великий рожаний	10	0	2	1.0
202	Головчак гратчастий	6	0	1	0.5
203	Головчак жилкуватий	12	0	3	0.0
204	Головчак карчоховий	5	0	2	0.0
205	Головчак кома	12	0	2	1.0
206	Головчак крокісовий	11	0	3	1.0
207	Головчак кружало	4	0	2	0.0
208	Головчак лісовий	12	0	2	1.0
209	Головчак мальвовий	10	0	2	0.0
210	Головчак мозаїчний	5	0	2	0.0
211	Головчак Морфей	6	0	2	0.0
212	Головчак Палемон	10	0	1	1.0
213	Головчак поцяткований	6	0	1	1.0
214	Головчак Прото	4	0	1	0.0
215	Головчак серпійний	5	0	1	0.0
216	Головчак сида	7	0	1	0.0
217	Головчак строкатий	5	0	1	0.0
218	Головчак східний	8	0	3	0.0
219	Головчак Таґес	8	0	2	0.0
220	Головчак тире	8	0	2	0.5
221	Головчак французький	3	0	1	0.0
222	Головчак чистецевий	7	0	3	0.0
223	Головчак-лісовик	6	0	3	0.0
224	Головчаки	20	0	4	1.0
225	Голометабола	40	0	5	1.0
226	Горіхотворка дубова	107	0	12	3.0
227	Горохова попелиця	32	0	5	1.0
228	Гохгут Йоганн Хайнріх	41	0	16	0.0
229	Гребенников Віктор Степанович	19	0	4	1.0
230	Грибоподібні тіла	15	0	3	1.0
231	Грилоблатиди	3	0	1	0.0
232	Груди комах	376	1	35	9.0
233	Губоногі	559	1	54	13.0
234	Гусениця	566	4	34	17.0
235	Густав Майр	2	0	1	0.0
236	Ґедзі	910	12	66	26.0
237	Ґедзь бичачий	75	0	8	2.0
238	Давньокрилі	39	0	5	1.0
239	Данаєць Хрисипп	24	0	3	1.0
240	Данилевський Олександр Сергійович	17	0	3	1.0
241	Двокрилі	1709	5	145	32.0
242	Двопарноногі багатоніжки	54	0	7	1.0
243	Двопорі	5	0	1	0.0
244	Дендрометріни	2	0	1	0.0
245	Деревинник дубовий	26	0	3	1.0
246	Деревний богомол закавказький	43	0	7	1.0
247	Дерновинні молі	3	0	1	0.0
248	Джміль	1168	6	80	31.0
249	Джміль альпійський	5	0	1	0.0
250	Джміль вересовищний	10	0	2	1.0
251	Джміль вірменський	15	0	2	0.5
252	Джміль Вурфлена	18	0	3	1.0
253	Джміль Герштеккера	12	0	3	0.0
254	Джміль гірський	7	0	3	1.0
255	Джміль глинистий	33	0	6	1.0
256	Джміль земляний	151	0	29	4.0
257	Джміль золотисто-підперезаний	6	0	2	0.0
258	Джміль кам'яний	14	0	3	1.0
259	Джміль кінський	8	0	4	0.0
260	Джміль лезус	21	0	3	1.0
261	Джміль луговий	11	0	2	0.0
262	Джміль мінливий	11	0	3	0.0
263	Джміль міський	14	0	3	0.0
264	Джміль моховий	121	0	11	4.0
265	Джміль незвичайний	14	0	3	0.5
266	Джміль норовий	13	0	3	0.0
267	Джміль оперезаний	14	0	5	1.0
268	Джміль пахучий	54	0	12	1.0
269	Джміль північний	6	0	1	0.0
270	Джміль підземний	39	0	6	1.0
271	Джміль піренейський	6	0	2	0.0
272	Джміль пластинчастозубий	7	0	2	0.0
273	Джміль польовий	24	0	5	1.0
274	Джміль полярний	9	0	3	0.5
275	Джміль садовий	25	0	5	0.0
276	Джміль Семенова-Тян-Шанського	10	0	2	0.0
277	Джміль угорський	5	0	1	0.0
278	Джміль червонуватий	17	0	3	0.0
279	Джміль яскравий	33	0	7	1.0
280	Джміль-зозуля білозадий	80	0	63	1.0
281	Джміль-зозуля бородатий	25	0	8	1.0
282	Джміль-чесальник	15	0	9	0.0
283	Джон Обадія Вествуд	6	0	2	0.0
284	Джордж Генрі Горн	2	0	1	0.0
285	Дзвінцеві	51	0	7	1.5
286	Дзюрчалки	151	0	17	4.5
287	Дибка степова	277	0	31	6.0
288	Династес	6	0	1	0.0
289	Династес Мая	6	0	2	0.0
290	Династес титис	4	0	1	0.0
291	Дихальце	237	0	23	5.0
292	Діапауза	164	1	12	4.0
293	Діаприїди	9	0	3	0.0
294	Довговус	7	0	3	0.0
295	Довговусі	27	0	4	1.0
296	Довговусі прямокрилі	19	0	2	1.0
297	Довговуска білоплямиста	4	0	1	0.0
298	Довгоніжка шкідлива	22	0	4	1.0
299	Довгоносик бульбочковий сірий щетинистий	29	0	3	1.0
300	Довгоносик бульбочковий смугастий	50	0	6	1.5
301	Довгоносик буряковий звичайний	219	0	30	3.0
302	Довгоносик візерунковий	14	0	2	1.0
303	Довгоносик грушевий листковий	9	0	2	0.0
304	Довгоносик двокільовий	23	0	7	1.0
305	Довгоносик землистий	20	0	3	1.0
306	Довгоносик комірний	366	0	64	6.0
307	Довгоносик ліщиновий	48	0	4	2.0
308	Довгоносик малиново-суничний	35	0	7	1.0
309	Довгоносик рисовий	38	0	5	1.0
310	Довгоносик сірий бруньковий	16	0	4	1.0
311	Довгоносик сірий буряковий	18	0	3	1.0
312	Довгоносик стебловий	13	0	3	1.0
313	Довгоносики	254	2	18	7.0
314	Довгоносикоподібні	32	0	3	1.0
315	Дозорець-імператор	1233	3	164	17.0
316	Домашній чорний павук	356	2	35	9.5
317	Дріофториди	6	0	2	0.0
318	Дрозофіла чорночерева	175	0	13	6.0
319	Дрозофіли	717	8	36	21.5
320	Дукачик блакитнуватий	7	0	1	0.5
321	Дукачик бурий	11	0	2	1.0
322	Дукачик ватрак	7	0	1	0.0
323	Дукачик грянець	20	0	17	1.0
324	Дукачик непарний	12	0	3	0.5
325	Дукачик обочень	8	0	2	0.0
326	Дукачик Терсамон	7	0	2	0.0
327	Дукачик фіялковий	8	0	3	0.0
328	Дядечко Микола Платонович	21	0	4	1.0
329	Евцера вірменська	6	0	1	0.5
330	Евцера далматська	6	0	2	1.0
331	Ейлія іржава	14	0	3	1.0
332	Екдізон	5	0	1	0.0
333	Екологія комах	454	3	47	12.0
334	Елія гостроголова	17	0	3	1.0
335	Ембії	16	0	5	1.0
336	Емпуза	18	0	2	1.0
337	Емпуза піщана	50	0	6	1.5
338	Емпуза смугаста	95	0	8	3.0
339	Емпузові	6	0	1	0.0
340	Ентомологічна зброя	53	0	6	2.0
341	Ентомологічний сачок	10	0	3	0.0
342	Ентомологія	583	4	33	17.0
343	Ентомохорія	23	0	4	1.0
344	Ентоцид (Метаризин)	121	1	11	3.0
345	Еребіди	13	0	3	0.0
346	Ернст Людвиг Ташенберг	3	0	2	0.0
347	Євген Йоганн Крістоф Еспер	3	0	1	0.0
348	Жалібниця	31	0	4	1.0
349	Жало (тварин)	225	1	20	6.0
350	Жан Анрі Фабр	24	0	4	1.0
351	Жан Гійом Авдінет-Сервіль	10	0	6	0.0
352	Жирове тіло	699	3	51	19.5
353	Життєвий цикл комах	2463	16	218	60.5
354	Жовтюх	18	0	4	1.0
355	Жовтюх альфакарець	12	0	2	1.0
356	Жовтюх Ерато	26	1	20	1.0
357	Жовтюх осьмак	16	0	3	1.0
358	Жовтюх помаранчик	16	0	4	1.0
359	Жовтюх торфовищний	16	0	2	1.0
360	Жовтюх шапранець	7	0	2	0.0
361	Жужелиця дама	17	0	5	1.0
362	Жужелиця Шеврола	9	0	2	1.0
363	Жук малиновий	38	0	3	1.0
364	Жук музейний	23	0	3	1.0
365	Жук хлібний	98	0	15	3.0
366	Жук-Геркулес	129	0	15	4.0
367	Жук-носоріг європейський	336	1	44	8.5
368	Жук-олень	2890	8	246	74.5
369	Жук-самітник	30	0	4	1.0
370	Жуки-бомбардири	45	0	10	1.0
371	Жуки-гнойовики	421	1	36	10.0
372	Жуки-точильники	205	1	12	6.0
373	Жуки-хижаки	51	0	9	1.0
374	Заболонник	9	0	1	1.0
375	Заболонник грабовий	24	0	3	1.0
376	Західна бурякова муха	13	0	4	1.0
377	Західний квітковий трипс	17	0	3	0.5
378	Зегрис Евфема	15	0	2	1.0
379	Зелена цитрусова попелиця	6	0	2	0.0
380	Зеленоочка	17	0	4	1.0
381	Земледухи	324	1	26	8.0
382	Зернова міль	76	0	8	2.0
383	Зерноїд бобовий	10	0	5	0.0
384	Зерноїд гороховий	47	0	5	1.0
385	Златка блискуча	25	0	4	1.0
386	Златка бронзова дубова	18	0	2	1.0
387	Златка смородинова вузькотіла	21	0	3	1.0
388	Златка чорна	21	0	3	1.0
389	Златки	27	0	4	1.0
390	Знойко Дмитро Васильович	14	0	3	1.0
391	Золотогуз	47	0	8	1.0
392	Золотоочки	167	0	16	4.5
393	Зораптери	14	0	3	0.0
394	Зоряниця Аврора	41	0	13	1.0
395	Зубарик стегнуватий	9	0	3	0.0
396	Зубарик чорнолапий	12	0	2	1.0
397	Іксодові кліщі	1855	12	139	45.5
398	Імаго	797	5	63	22.0
399	Інсектициди	659	6	42	21.0
400	Ірис плямистий	93	0	14	2.0
401	Історія диптерології	5	0	2	0.0
402	Їздці	407	1	38	10.0
403	Їздці-іхневмоніди	79	1	8	2.0
404	Йоганн Зігфрід Хуфнагель	6	0	1	0.0
405	Йоганн Ігнац Шіффермюллер	4	0	1	0.0
406	Йоганн Карл Вільгельм Іллігер	4	0	1	0.0
407	Йоганн Каспар Фюсслі	1	0	1	0.0
408	Йоганн Фрідріх Вільгельм Гербст	2	0	1	0.0
409	Казарка (комаха)	33	0	3	1.0
410	Каламеута жовта	11	0	4	0.0
411	Каліфориди	59	0	9	1.0
412	Каптурники	8	0	2	0.0
413	Карадрина	14	0	2	0.0
414	Каракурт	3816	32	245	110.0
415	Карл Пенеке	13	0	3	0.0
416	Касти комах	74	0	9	2.0
417	Катаптерикс кримський	9	0	2	0.5
418	Квіткоїд грушевий	17	0	2	1.0
419	Квіткоїд ріпаковий	29	0	10	1.0
420	Квіткоїд яблуневий	20	0	2	1.0
421	Кененії	51	0	7	2.0
422	Кератофаги	14	0	4	1.0
423	Кержнер Ізяслав Мойсейович	8	0	1	0.0
424	Кириченко Олександр Миколайович	25	0	5	1.0
425	Ківсяки	326	2	58	4.0
426	Кістянки	51	0	6	1.0
427	Клітра	6	0	2	0.0
428	Клітрини	4	0	1	0.0
429	Кліщ собачий	547	2	53	12.5
430	Кліщі	6129	43	477	133.0
431	Клоп грушевий	10	0	2	1.0
432	Клоп маврський	45	0	16	1.0
433	Клоп шкідлива черепашка	183	1	18	4.5
434	Клоп щавлевий	19	0	3	1.0
435	Клоп-арлекін	6	0	1	1.0
436	Клопи	1749	20	111	47.5
437	Книжковий скорпіон	184	0	22	4.0
438	Кобилка (Прямокрилі)	32	0	4	1.0
439	Кобилка хрестова	19	0	3	1.0
440	Ковалик смугастий	46	0	4	2.0
441	Ковалики	189	0	12	5.5
442	Коконопряди	25	0	5	1.0
443	Коконопрядоподібні	5	0	1	0.0
444	Колемболи	99	0	10	2.0
445	Колорадський жук	2291	12	226	52.0
446	Кольпа Клюге	3	0	1	0.0
447	Комар блискучий	9	0	2	1.0
448	Комар звичайний	1528	7	161	25.0
449	Комарик черенковий	13	0	3	0.0
450	Комарі	5395	36	449	108.5
451	Комахи	16538	118	1290	344.5
452	Комахи в культурі	244	1	19	5.0
453	Комахозапилення	4775	3	770	61.0
454	Коник блакитнокрилий	27	0	8	1.0
455	Коник зелений	2656	12	252	55.0
456	Кордулегастер кільчастий	16	0	3	1.0
457	Коренегриз звичайний	16	0	3	1.0
458	Коретра	25	0	4	1.0
459	Корнєєв Валерій Олексійович	49	0	12	1.0
460	Короїд	211	1	13	7.5
461	Короїд зморшкуватий	18	0	3	1.0
462	Короїд непарний багатоїдний	40	0	4	1.0
463	Короїд непарний західний	51	0	6	1.0
464	Короїди	146	1	13	4.0
465	Коромисла	58	0	12	2.0
466	Коромисло (рід)	73	0	22	2.0
467	Коротковусі двокрилі	37	0	4	1.0
468	Коротковусі прямокрилі	37	0	6	1.0
469	Кортодера волохата	5	0	1	0.0
470	Коршунов Юрій Петрович	8	0	2	1.0
471	Косарики (ентомологія)	1143	9	85	29.0
472	Косатцеві	71	0	10	2.0
473	Косатці	19	0	3	1.0
474	Косатцюваті	24	0	3	1.0
475	Костянтин Гормузакі	8	0	2	0.0
476	Краброніди	14	0	3	0.5
477	Кравчик-головач	59	0	6	2.0
478	Красновуска Маккара	2	0	1	0.0
479	Красотіл пахучий	134	0	16	3.0
480	Красуня блискуча кримська	26	0	5	1.0
481	Красуня діва	165	0	20	4.0
482	Кривовусі крихітки-молі	4	0	1	0.0
483	Крила комах	2708	11	252	56.0
484	Крилаті комахи	157	0	21	3.0
485	Криптохіл червонуватий	6	0	2	0.0
486	Кровососка оленяча	89	0	15	2.5
487	Круглошовні мухи	10	0	2	0.5
488	Круліковський Леонід Костянтинович	3	0	1	0.0
489	Крупноголови	4	0	1	0.0
490	Ксєнжопольський Антон Владиславович	2	0	1	0.0
491	Ксилокопа	23	0	4	1.0
492	Ксилокопа звичайна	118	0	11	3.0
493	Ксилокопа райдужна	35	0	13	1.0
494	Ксилокопа фіолетова	60	0	7	1.0
495	Ктир велетенський	62	0	6	2.0
496	Ктир шершенеподібний	48	0	5	1.0
497	Кубіталія чорна	8	0	1	0.0
498	Кукуїформні	6	0	1	0.0
499	Кукуйоїдні	6	0	2	0.0
500	Кутикула безхребетних	390	2	28	10.5
501	Левкоринія білолоба	6	0	1	0.0
502	Легіт березовий	9	0	2	0.5
503	Легіт дубовий	16	0	2	1.0
504	Лептура	5	0	1	0.0
505	Лептура етіопка	3	0	1	0.0
506	Лептура золотиста	14	0	2	1.0
507	Лептура кривонога	4	0	1	0.0
508	Лептура червоноспинкова	4	0	1	0.5
509	Лептура чотирисмуга	4	0	1	0.0
510	Лептурини	15	0	3	1.0
511	Листоблішка грушева	13	0	3	0.0
512	Листоблішка зонтична	5	0	1	0.0
513	Листоблішка яблунева	15	0	2	1.0
514	Листоблішки	13	0	2	0.5
515	Листоїд в'язовий	24	0	2	1.0
516	Листоїд рудий	4	0	1	0.0
517	Листоїд фіолетовий вільховий	27	0	4	1.0
518	Листоїди	77	0	8	2.0
519	Листокрутка брунькова	19	0	6	0.0
520	Листокрутка вербова кривовуса	8	0	2	0.0
521	Листокрутка виноградна	18	0	3	1.0
522	Листокрутка вишнева	16	0	2	1.0
523	Листокрутка кривовуса ліщинова	11	0	3	1.0
524	Листокрутка кривовуса смородинова	9	0	2	0.0
525	Листокрутка полохлива	7	0	1	0.5
526	Листокрутка різноколірна плодова	7	0	2	0.0
527	Листокрутка розанова	13	0	3	0.5
528	Листокрутка свинцевосмугаста	10	0	3	1.0
529	Листокрутка сітчаста	8	0	2	0.5
530	Листокрутка строкато-золотиста	8	0	2	0.0
531	Листокрутка сунична	13	0	3	1.0
532	Лівшиц Іссахар Зельманович	8	0	2	0.0
533	Ліксус катрановий	7	0	1	1.0
534	Лімнефіліди	9	0	2	0.0
535	Лук'янович Федір Костянтинович	11	0	3	0.0
536	Лунка срібляста	13	0	3	1.0
537	Луски	216	1	20	6.0
538	Лускокрилі	5595	33	448	123.0
539	Лускокрилі на поштових марках СРСР	28	0	4	1.0
540	Лусочниця звичайна	175	2	12	5.0
541	Людвіг Гангльбауер	2	0	1	0.0
542	Людовико ді Капоріакко	3	0	1	0.0
543	Лялечка	604	3	56	15.0
544	Ляміїні	4	0	1	0.0
545	Лярра анафемська	21	0	4	1.0
546	М'якотілки	10	0	2	0.0
547	Макрофія тевтонська	2	0	1	0.0
548	Максили	55	0	8	1.0
549	Мальпігієві судини	521	4	43	12.0
550	Малярійні комарі	811	3	101	19.0
551	Мандибули	141	0	16	4.0
552	Мантиспові	3	0	1	0.0
553	Мариковський Павло Іустинович	151	1	10	4.0
554	Маріо Бецці	7	0	2	0.0
555	Матка (бджільництво)	145	0	9	4.0
556	Махаон (комаха)	2794	8	290	45.0
557	Мацумура Шенен	4	0	1	0.0
558	Мегалара гаруда	4	0	2	0.0
559	Мегахілиди	6	0	2	0.0
560	Мей Беренбаум	7	0	2	0.0
561	Мереживниця Галатея	13	0	2	1.0
562	Мереживниця російська	5	0	1	0.5
563	Мертвоїди	42	0	5	1.0
564	Метелівкові	17	0	5	0.5
565	Міксофаги	5	0	2	0.0
566	Міль бурякова мінуюча	15	0	3	1.0
567	Міль довговуса зелена	21	0	3	1.0
568	Міль довговуса фіолетова	5	0	1	0.0
569	Міль зонтична	12	0	2	1.0
570	Міль капустяна	16	0	4	0.0
571	Міль листкова	14	0	2	1.0
572	Міль плодова	34	0	4	1.0
573	Міль серпокрила персикова	8	0	1	0.0
574	Міль цибулева	12	0	3	0.0
575	Міль яблунева	46	0	5	1.0
576	Мінери	15	0	4	1.0
577	Мінливець великий	37	0	4	1.0
578	Мінливець малий	28	0	4	1.0
579	Мінливець Метис	12	0	2	1.0
580	Мокреці	50	0	5	2.0
581	Мокржецький Сигізмунд Олександрович	18	0	3	1.0
582	Молі довговусі	5	0	1	0.0
583	Молі-строкатки	18	0	3	1.0
584	Мольорх малий	3	0	1	0.0
585	Монарх (метелик)	742	5	57	19.0
586	Морімус	8	0	3	0.0
587	Морімус блакитний	17	0	2	1.0
588	Морімус справжній	14	0	4	1.0
589	Морфо	136	0	38	3.0
590	Москіт	174	0	20	4.0
591	Москіти	197	0	21	5.0
592	Мотиль	152	0	13	5.0
593	Мурахи	3055	20	239	69.0
594	Мурашиний лев звичайний	78	0	6	2.0
595	Мурашині леви	56	0	7	2.0
596	Муха вишнева	28	0	3	1.0
597	Муха гессенська	46	0	5	1.0
598	Муха капустяна весняна	17	0	3	1.0
599	Муха кімнатна	6775	28	590	139.5
600	Муха морквяна	13	0	3	0.5
601	Мухи	1544	12	133	32.0
602	Мухи-стрічкокрилки	17	0	5	0.5
603	Мухоловка звичайна	1436	24	111	41.5
604	Надкрила	308	1	28	7.0
605	Наличник (біологія)	7	0	1	0.0
606	Настінні павуки-краби	10	0	3	0.0
607	Непарний шовкопряд	110	0	12	3.0
608	Неуротома фауста	2	0	1	0.0
609	Нівелія кров'янистонадкрила	11	0	2	0.0
610	Німфа (біологія)	155	1	12	4.5
611	Новокрилі	89	0	10	2.0
612	Ноги комах	3111	10	326	61.5
613	Ноліди	5	0	1	0.0
614	Носатки	5	0	1	0.0
615	Носачка-листовидка	52	0	7	1.0
616	Носачки	4	0	1	0.0
617	Нотум	36	0	5	2.0
618	Образцов Микола Сергійович	6	0	2	0.0
619	Оводи	404	3	29	12.0
620	Оглоблін Дмитро Олексійович	16	0	2	1.0
621	Оглоблін Олександр Олексійович	22	0	4	1.0
622	Одноденки	168	1	11	5.0
623	Однопорі	10	0	1	1.0
624	Оксамитниця аретуса	12	0	4	0.0
625	Оксамитниця Тарпея	9	0	4	0.0
626	Оксамитниця Ютта	11	0	3	1.0
627	Оліготоміди	4	0	1	0.0
628	Онтофаг	5	0	2	0.0
629	Опариш	317	4	21	9.0
630	Опістосома	5	0	1	0.0
631	Опостегіди	2	0	1	0.0
632	Орусус паразитичний	5	0	1	0.0
633	Орхідейний богомол	37	0	5	1.0
634	Оса	1607	15	119	43.0
635	Осадець білозір	7	0	1	1.0
636	Осадець великий	9	0	1	1.0
637	Осадець Егерія	8	0	2	0.0
638	Осадець Мегера	24	0	11	1.0
639	Осмія руда	36	0	4	1.0
640	Очняк волове око	19	0	2	1.0
641	Очняк жовтогарячий	8	0	2	0.0
642	Очняк квітковий	13	0	2	1.0
643	Очняк Лікаон	7	0	1	0.0
644	Очняк ферульний	7	0	1	1.0
645	П'явиця синя	46	0	8	1.0
646	П'ядун аґрусовий	29	0	5	1.0
647	П'ядун березовий	85	0	12	2.0
648	П'ядун зимовий	50	0	5	1.0
649	П'ядун обведений	5	0	1	0.0
650	П'ядун щавлевий	7	0	2	0.0
651	П'ядуни	70	0	12	2.0
652	Павук жовтий	612	2	35	19.5
653	Павук-краб	62	0	6	2.0
654	Павук-сріблянка	1521	11	102	39.0
655	Павук-хрестовик	5067	52	358	152.5
656	Павуки	9484	71	625	246.5
657	Павуки роду Argiope	6	0	2	0.5
658	Павуки-краби	140	0	11	4.0
659	Павуки-тенетники	105	0	13	3.0
660	Павуки-шовкопряди	28	0	18	1.0
661	Павукоподібні	14459	75	1022	339.5
662	Павутинні кліщі	158	0	16	5.0
663	Панцирні кліщі	137	0	15	3.0
664	Паперові оси	87	0	10	2.5
665	Паразитоформні кліщі	123	0	12	4.0
666	Пасманець Сапфо	19	0	13	0.0
667	Пасманець струмковий	10	0	3	0.5
668	Пауроподи	29	0	4	1.0
669	Пахіта	4	0	1	0.0
670	Пахіта смугаста	8	0	3	1.0
671	Пахіта чотириплямиста	5	0	3	0.0
672	Пацюкова блоха	265	0	34	4.0
673	Педикульоз	2243	35	108	67.5
674	Пелекоцера широколоба	4	0	1	0.0
675	Первиннобезкрилі комахи	125	1	10	3.0
676	Передньоспинка	16	0	3	0.0
677	Перетинчастокрилі	2066	4	185	41.0
678	Періодичні цикади	122	0	9	4.0
679	Перлівець Геката	6	0	1	0.0
680	Перлівець Дафна	7	0	2	0.0
681	Перлівець Евномія	6	0	1	0.0
682	Перлівець Єфросина	7	0	2	0.0
683	Перлівець Іно	5	0	1	0.0
684	Перлівець малий	5	0	2	0.0
685	Перлівець північний	7	0	2	0.0
686	Перлівець Селена	13	0	3	1.0
687	Перлівець Титанія	6	0	3	0.0
688	Петрункевич Олександр Іванович	16	0	4	0.0
689	Печерний коник кавказький	4	0	2	0.0
690	Пилкоротиця південна	4	0	1	0.0
691	Пилкохвіст	4	0	1	0.0
692	Пилкохвіст Болдирева	8	0	1	1.0
693	Пилкохвіст український	38	0	4	1.0
694	Пилові кліщі	373	3	24	11.0
695	Пильщик березовий	8	0	1	0.5
696	Пильщики	93	0	10	3.0
697	Північна бурякова муха	15	0	1	1.0
698	Піґулочники	5	0	1	0.0
699	Підсрібник Адиппа	8	0	2	0.0
700	Підсрібник великий	17	0	2	1.0
701	Підсрібник габовий	17	0	10	0.0
702	Підсрібник Лаодіка	7	0	2	0.0
703	Підсрібник Латонія	17	0	3	1.0
704	Підсрібник Ніобея	12	0	3	0.0
705	Підсрібник Пандора	9	0	2	0.0
706	Плавунець облямований	1119	2	121	22.0
707	Плавунець широкий	30	0	4	1.0
708	Плавунцеві	1620	1	176	30.5
709	Плавунці	33	0	4	2.0
710	Пластинчастовусі	147	0	18	4.0
711	Платтяна воша	483	2	36	15.0
712	Плішивий шершень	22	0	4	1.0
713	Плодожерка яблунева	98	0	8	3.0
714	Плоский червоний кліщ	19	0	3	1.0
715	Плоскотілка червона	15	0	2	1.0
716	Плоскотілки	12	0	2	0.0
717	Політ комах	157	0	22	3.5
718	Пономаренко Олександр Георгійович	1	0	1	0.0
719	Попелиці	565	4	45	14.0
720	Попелиця баштанна	23	0	4	1.0
721	Порчинський Йосип Алоїзович	17	0	3	1.0
722	Постільний клоп	1023	14	66	30.0
723	Примарові	180	1	17	4.5
724	Прихованохоботник стебловий капустяний	13	0	4	1.0
725	Прихованощелепні	62	0	8	2.0
726	Просте око у безхребетних	90	0	28	3.0
727	Прочанок	12	0	7	0.0
728	Прочанок Арканія	4	0	1	0.0
729	Прочанок болотяний	16	16	16	16.0
730	Прочанок Глікеріон	5	0	1	0.0
731	Прочанок Едип	11	0	8	0.0
732	Прочанок Леандр	3	0	1	0.0
733	Прочанок памфіл	6	0	2	0.0
734	Прус італійський	40	0	6	1.0
735	Прусак	171	1	14	4.5
736	Прусак рудий	680	2	62	14.0
737	Прямокрилі	1832	8	184	36.0
738	Псарус черевастий	6	0	2	0.0
739	Псевдоскорпіони	256	1	22	5.5
740	Псевдофаенопс Якобсона	6	0	1	0.5
741	Псевдощитівки	11	0	2	0.5
742	Птахокрилка королеви Олександри	60	0	7	2.0
743	Птеростих	8	0	2	0.0
744	Пухоїди	149	1	17	4.0
745	Ранатра звичайна	56	0	8	2.0
746	Рафідофориди	8	0	2	1.0
747	Рицинулеї	13	0	2	1.0
748	Рівнокрилі	769	2	83	16.0
749	Рівнокрилі бабки	256	1	24	4.5
750	Різнокрилі	89	0	10	3.0
751	Ріодініди	29	0	24	0.0
752	Рогач малий	70	0	9	2.0
753	Рогачі	48	0	5	2.0
754	Рогохвіст-авгур	12	0	2	1.0
755	Рогохвости	27	0	3	1.0
756	Родендорф Борис Борисович	8	0	3	0.0
757	Ротовий апарат комах	6095	15	601	123.5
758	Руднєв Дмитро Федорович	2	0	1	0.0
759	Рябець Аврелія	8	0	5	0.0
760	Рябець Авринія	9	0	2	0.0
761	Рябець арденнський	2	0	1	0.0
762	Рябець Аталія	6	0	2	0.0
763	Рябець Бритомартида	6	0	2	0.0
764	Рябець великий	9	0	2	0.0
765	Рябець діаміна	9	0	2	0.5
766	Рябець звичайний	8	0	2	0.0
767	Рябець рудий	8	0	2	0.0
768	Рябець червоний	15	0	2	1.0
769	Сарана	1278	7	97	33.5
770	Сарана марокська	54	0	5	2.0
771	Сарана перелітна	1010	1	99	17.0
772	Саранові	61	0	8	1.0
773	Сатир боровий	8	0	2	0.0
774	Сатир боровий південний	2	0	1	0.0
775	Сатир Брісеїда	4	0	1	0.0
776	Сатир буковий	2	0	1	0.0
777	Сатир Герміона	2	0	1	0.0
778	Сатир Дріада	5	0	1	0.0
779	Сатир Персефона	4	0	1	0.0
780	Сатир Цирцея	6	0	2	0.0
781	Сатурнієві	20	0	3	1.0
782	Сатурнія (метелик)	9	0	2	0.5
783	Сатурнія велика	88	0	10	2.0
784	Світлякові	183	0	14	5.0
785	Сидячечеревні	28	0	3	1.0
786	Сизириди	6	0	3	0.0
787	Симфіли	38	0	5	1.0
788	Синдром руйнування колоній	35	0	3	1.0
789	Синявець Алькон	12	0	6	0.0
790	Синявець Альцет	3	0	1	0.0
791	Синявець Антерос	2	0	1	0.0
792	Синявець Аргирогномон	3	0	1	0.0
793	Синявець Аргіад	4	0	1	0.0
794	Синявець Аргус	5	0	2	0.0
795	Синявець Аріон	13	0	3	0.0
796	Синявець вицвілий	2	0	1	0.0
797	Синявець Вікрама	5	0	1	0.0
798	Синявець голуб'як	5	0	1	0.0
799	Синявець гороховий	17	0	3	1.0
800	Синявець Дамон	8	0	2	0.5
801	Синявець Дамоне	3	0	1	0.0
802	Синявець евмедон	4	0	1	0.0
803	Синявець Ідас	5	0	1	0.0
804	Синявець Ікар	35	0	6	1.0
805	Синявець карликовий	4	0	1	0.0
806	Синявець конюшиновий	7	0	1	1.0
807	Синявець Коридон	7	0	1	0.0
808	Синявець кримський	2	0	1	0.0
809	Синявець крушиновий	12	0	2	1.0
810	Синявець Мелеагр	15	0	3	1.0
811	Синявець Озиріс	4	0	1	0.0
812	Синявець Оріон	4	0	1	0.0
813	Синявець Піритой	2	0	1	0.0
814	Синявець приязний	11	0	4	1.0
815	Синявець Рипарта	5	0	2	0.0
816	Синявець Телей	6	0	2	0.0
817	Синявець темно-синій	6	0	1	0.0
818	Синявець Терсит	4	0	1	0.0
819	Синявець торфовищний	6	0	1	0.5
820	Синявець туркусовий	5	0	1	0.0
821	Синявець хазарський	3	0	1	0.0
822	Синявець чорнуватий	4	0	2	0.0
823	Синявцеві	51	0	7	1.0
824	Система Комстока-Нідема	1	0	1	0.0
825	Систематичний перелік родин жуків світу	24	0	3	1.0
826	Сінниця Геро	10	0	2	0.0
827	Сіноїди	47	0	7	2.0
828	Сітчастокрилі	99	0	11	3.0
829	Скарабей	74	0	7	2.0
830	Скарабей священний	861	9	54	23.5
831	Сколія-гігант	131	1	14	3.0
832	Сколопендра	624	10	37	17.5
833	Сколопендра гігантська	114	0	11	2.0
834	Сколопендра кільчаста	53	0	6	1.5
835	Сколопендра товста	11	0	2	1.0
836	Скорпіон кримський	215	1	21	7.0
837	Скорпіони	3537	36	222	76.5
838	Скорпіонові мухи	65	0	12	2.0
839	Слимакоїд кримський	80	0	11	2.0
840	Сліпняк буряковий	21	0	6	1.0
841	Сліпняк люцерновий	16	0	3	1.0
842	Слоник люцерновий	15	0	2	1.0
843	Совинський Вадим Васильович	4	0	1	0.0
844	Совка Агриппіна	39	0	5	1.0
845	Совка капустяна	35	0	7	1.0
846	Совка озима	123	0	10	4.0
847	Совка пірамідальна	20	0	3	1.0
848	Совка соснова	34	0	10	1.0
849	Совка-гамма	69	0	8	2.0
850	Совки	157	1	9	4.5
851	Совки-п'ядуни	8	0	2	0.0
852	Сольпуга звичайна	118	0	16	2.0
853	Сольпуги	717	5	76	17.5
854	Соміти	227	0	21	5.5
855	Сонечка	5545	32	589	94.5
856	Сонечко двокрапкове	287	1	48	6.0
857	Сонечко семикрапкове	1351	10	109	30.0
858	Сонцевик адмірал	181	0	20	4.0
859	Сонцевик будяковий	135	0	13	3.0
860	Сонцевик кропив'яний	76	0	16	2.0
861	Сонцевик павиче око	534	1	48	11.5
862	Сонцевик фау-біле	11	0	2	1.0
863	Сонцевики	121	0	8	4.0
864	Сонцевичок змінний	13	0	4	0.0
865	Список аністид України	12	0	3	1.0
866	Список бабок Польщі	3	0	1	0.0
867	Список бабок Росії	1	0	1	0.0
868	Список бабок України	150	0	14	5.0
869	Список богомолів Алжиру	8	0	3	0.0
870	Список богомолів В'єтнаму	3	0	1	0.0
871	Список богомолів Європи	21	0	5	0.5
872	Список богомолів Непалу	5	0	1	0.5
873	Список богомолів Північної Македонії	1	0	1	0.0
874	Список богомолів України	246	2	18	7.0
875	Список богомолів Шрі-Ланки	3	0	1	0.0
876	Список видів бджіл Ізраїлю	7	0	2	0.0
877	Список видів бджіл Швеції	3	0	1	1.0
878	Список видів джмелів України	48	0	5	1.0
879	Список видів мурах Грузії	4	0	1	0.0
880	Список видів мурах Данії	2	0	2	0.0
881	Список видів мурах Польщі	13	0	6	1.0
882	Список видів мурах роду Camponotus	14	0	4	1.0
883	Список видів мурах роду Crematogaster	4	0	1	0.5
884	Список видів мурах Росії	2	0	1	0.0
885	Список видів мурах України	136	1	14	3.0
886	Список видів мурах Швеції	2	0	1	0.0
887	Список видів мурах Шрі-Ланки	3	0	1	0.0
888	Список видів роду джміль	19	0	2	1.0
889	Список видів роду Aedes	7	0	4	0.0
890	Список видів роду Cicindela	2	0	1	0.5
891	Список вимерлих комах	0	0	0	0.0
892	Список двокрилих Польщі	41	0	7	1.0
893	Список денних метеликів Азербайджану	4	0	2	0.0
894	Список денних метеликів Алжиру	3	0	1	0.0
895	Список денних метеликів Вірменії	7	0	3	0.5
896	Список денних метеликів Ірану	2	0	1	0.0
897	Список денних метеликів Намібії	1	0	1	0.0
898	Список денних метеликів Російської Федерації	3	0	1	0.0
899	Список денних метеликів Санкт-Петербурга і Ленінградської області	3	0	1	0.0
900	Список денних метеликів Туреччини	2	0	1	0.0
901	Список денних метеликів України	805	7	62	20.5
902	Список денних метеликів Швеції	2	0	1	0.0
903	Список комах, занесених до Червоної книги України	462	1	43	10.0
904	Список лускокрилих Австрії	2	0	1	0.0
905	Список лускокрилих Албанії	3	0	1	0.0
906	Список лускокрилих Андорри	1	0	1	0.0
907	Список лускокрилих Бельгії	3	0	1	0.0
908	Список лускокрилих Білорусі	3	0	1	0.0
909	Список лускокрилих Болгарії	3	0	1	0.0
910	Список лускокрилих Боснії і Герцеговини	4	0	1	0.0
911	Список лускокрилих Греції	2	0	1	0.0
912	Список лускокрилих Данії	5	0	1	0.0
913	Список лускокрилих Естонії	3	0	1	0.0
914	Список лускокрилих Ірану	10	0	6	0.0
915	Список лускокрилих Кіпру	3	0	1	0.0
916	Список лускокрилих Латвії	2	0	1	0.0
917	Список лускокрилих Литви	3	0	1	0.0
918	Список лускокрилих Ліхтенштейну	4	0	2	0.0
919	Список лускокрилих Люксембургу	1	0	1	0.0
920	Список лускокрилих Молдови	2	0	1	0.0
921	Список лускокрилих Намібії	3	0	2	0.5
922	Список лускокрилих Норвегії	3	0	1	0.0
923	Список лускокрилих Острова Пасхи	2	0	1	0.0
924	Список лускокрилих Островів Святої Єлени, Вознесіння і Тристан-да-Кунья	3	0	1	0.0
925	Список лускокрилих Північної Македонії	6	0	2	0.0
926	Список лускокрилих Польщі	2	0	1	0.0
927	Список лускокрилих Російської Федерації	5	0	1	0.0
928	Список лускокрилих Румунії	3	0	1	0.0
929	Список лускокрилих Сербії, Чорногорії та Косова	2	0	1	0.0
930	Список лускокрилих Словаччини	4	0	1	0.0
931	Список лускокрилих Танзанії	12	0	4	1.0
932	Список лускокрилих Угорщини	2	0	1	0.0
933	Список лускокрилих України	92	0	9	3.0
934	Список лускокрилих Фінляндії	2	0	1	0.0
935	Список лускокрилих Хорватії	2	0	1	0.0
936	Список лускокрилих Чехії	4	0	1	0.0
937	Список лускокрилих Швеції	4	0	1	0.0
938	Список лускокрилих Шрі-Ланки	9	0	1	1.0
939	Список метеликів родини Coleophoridae Туреччини	1	0	1	0.0
940	Список молей Туреччини	5	0	1	1.0
941	Список павуків Польщі	79	0	8	2.0
942	Список павуків Шрі-Ланки	12	0	4	0.0
943	Список прямокрилих України	45	1	8	1.0
944	Список скорпіонів Шрі-Ланки	1	0	1	0.0
945	Список совок Туреччини	8	0	3	0.5
946	Список тарганів Польщі	9	0	4	0.0
947	Список турунів Білорусі	6	0	1	1.0
948	Список турунів Естонії	3	0	1	0.0
949	Список турунів Молдови	4	0	1	0.5
950	Справжні ківсяки	28	0	6	1.0
951	Справжні клопи	252	2	22	7.0
952	Справжні коники	814	7	65	20.0
953	Справжні оси	22	0	3	1.0
954	Справжні попелиці	96	1	11	3.0
955	Справжні цвіркуни	78	0	6	2.0
956	Стафілін волохатий	22	0	7	1.0
957	Стафілін пахучий	50	0	4	1.5
958	Стебельчасточеревні	34	0	5	1.0
959	Стенурелла	3	0	1	0.0
960	Стерніт	30	0	6	0.5
961	Странгалія	5	0	2	0.0
962	Странґаліна вузькотіла	11	0	2	1.0
963	Стрибуни	8	0	1	0.5
964	Стрілка (бабка)	21	0	3	1.0
965	Стрілка Ліндена	22	0	5	1.0
966	Стрілка Меркурія	26	0	6	1.0
967	Стрілки (родина)	29	0	4	1.0
968	Стрільчатка псі	7	0	2	0.0
969	Стрільчатка тризубець	8	0	2	0.0
970	Стрільчатка щавлева	8	0	2	0.0
971	Стрічкарка диз'юнктивна	3	0	1	0.0
972	Стрічкарка Камілла	6	0	3	0.0
973	Стрічкарка орденська малинова	18	0	5	1.0
974	Стрічкарка тополева	20	0	3	1.0
975	Стрічкарка червоно-жовта	3	0	1	0.0
976	Стрічкарки	17	0	4	1.0
977	Строкатки (метелики)	49	0	5	2.0
978	Строкатокрилки	19	0	2	1.0
979	Тагма	44	0	7	1.0
980	Тарантул	2307	13	149	60.0
981	Тарантул південноруський	1186	3	65	39.0
982	Тарган чорний	361	2	45	7.0
983	Таргани	3172	29	251	70.0
984	Тарганові перегони	11	0	3	0.0
985	Тарганоподібні	39	0	5	1.0
986	Твердокрилі	2923	17	255	65.5
987	Теленга Микола Абрамович	24	0	4	1.0
988	Тельсон	27	0	3	1.0
989	Тенебріоноїдні	3	0	1	0.0
990	Теодор Генрі Фрісон	2	0	2	0.0
991	Тер-Мінасян Маргарита Єрвандівна	8	0	1	1.0
992	Тергіт	37	0	7	1.0
993	Терміти	956	9	77	21.5
994	Тетригіди	3	0	2	0.0
995	Томарес Каллімах	3	0	2	0.0
996	Томас Волластон	1	0	1	0.0
997	Тонкі ківсяки	17	0	3	1.0
998	Тонкопряди	5	0	2	0.0
999	Тонкочеревець Фонсколомба	9	0	2	0.0
1000	Торакс (зоологія)	84	0	9	2.0
1001	Трахеї	461	1	39	11.5
1002	Трахейнодишні	66	0	10	1.0
1003	Триктенотоміди	5	0	2	0.0
1004	Трипси	111	0	7	4.0
1005	Тріскачка ширококрила	10	0	2	0.5
1006	Тромбідіформні кліщі	26	0	4	1.0
1007	Трубкокрут дубовий	18	0	2	1.0
1008	Трубкокрути	17	0	3	1.0
1009	Трубконосики	3	0	1	0.0
1010	Трутень	517	2	31	16.0
1011	Турун	523	1	63	9.0
1012	Турун бесарабський	7	0	1	0.0
1013	Турун Менетріє	11	0	2	1.0
1014	Турун печерний Дублянського	4	0	1	0.0
1015	Турун угорський	21	0	3	1.0
1016	Турун Фабра	3	0	1	0.0
1017	Турун Фабра український	62	0	8	2.0
1018	Турун хлібний	125	1	13	3.0
1019	Турун Щеглова	11	0	4	1.0
1020	Туруни	1379	2	179	20.0
1021	Туруноїдні	4	0	2	0.0
1022	Уваров Борис Петрович	6	0	1	0.0
1023	Фасеткове око	560	4	42	14.0
1024	Філоксера виноградна	73	0	8	2.0
1025	Фредерік Мур	2	0	1	0.0
1026	Френсіс Песко	3	0	1	0.0
1027	Хвостюшки	6	0	2	0.0
1028	Хвостюшок акацієвий	3	0	1	0.0
1029	Хвостюшок в'язовий	5	0	1	0.5
1030	Хвостюшок падубник	7	0	4	0.0
1031	Хвостюшок підзелень	4	0	1	0.0
1032	Хвостюшок сливовий	3	0	1	0.0
1033	Хвостюшок терновий	2	0	1	0.0
1034	Хижі жуки	39	0	11	1.0
1035	Хітин	2578	25	154	73.5
1036	Хоботкові метелики	40	0	4	1.0
1037	Хореутиди	5	0	2	0.0
1038	Хребтоплав звичайний	51	0	12	1.5
1039	Хризоліна	4	0	1	0.0
1040	Хризомеліни	3	0	1	0.0
1041	Хрущ	839	6	80	15.5
1042	Хрущ волохатий	55	0	5	2.0
1043	Хрущ мармуровий	114	0	17	3.0
1044	Хрущ травневий	7478	30	789	118.5
1045	Хрущак борошняний	84	0	18	2.0
1046	Хрущі	132	1	13	3.0
1047	Царічкова Діана Борисівна	3	0	1	0.0
1048	Цвіркун польовий	305	2	25	8.0
1049	Цвіркуни	234	0	20	6.0
1050	Целонітес абревіатус кримський	3	0	1	0.0
1051	Церамбікоїдні	3	0	1	0.0
1052	Цератофій багаторогий	22	0	2	1.0
1053	Цеце	783	4	55	23.5
1054	Цикади	722	6	65	20.0
1055	Цикадки	53	0	5	1.0
1056	Чарльз Ротшильд	6	0	2	0.0
1057	Чекініола пластисцелідина	11	0	2	1.0
1058	Червеці	26	0	3	1.0
1059	Червець	179	1	13	5.0
1060	Червиця пахуча	30	0	4	1.0
1061	Червневий хрущ	36	0	4	1.0
1062	Червоноклоп червоний	741	3	75	21.5
1063	Червонолоб	2	0	1	0.0
1064	Червчик Комстока	7	0	1	1.0
1065	Черевце	257	1	21	6.5
1066	Черевце комах	415	1	43	9.5
1067	Чорнотілки	75	0	8	2.0
1068	Чубатка пишновуса	7	0	1	0.0
1069	Шапіро Дора Самійлівна	3	0	1	0.0
1070	Шведські мухи	44	0	4	1.0
1071	Шелюжко Лев Андрійович	23	0	5	0.0
1072	Шершень	653	8	51	19.0
1073	Шершень звичайний	266	2	20	8.0
1074	Шершень східний	20	0	3	1.0
1075	Шизоміди	48	0	5	1.0
1076	Шкіроїди	70	0	8	2.0
1077	Шовкопряд шовковичний	1140	6	84	27.5
1078	Шовкопряди	31	0	5	1.0
1079	Шовкопряди похідні	9	0	2	1.0
1080	Щербатка c-біле	18	0	4	1.0
1081	Щетинкохвості	37	0	4	1.0
1082	Щитівки	53	0	14	2.0
1083	Щитники	32	0	3	1.0
1084	Щупальця	76	0	6	2.0
1085	Явище флюоресценції у скорпіонів	13	0	2	1.0
1086	Яйцеклад	79	0	9	2.0
1087	Aaaba	12	0	3	1.0
1088	Aaata finchi	3	0	1	0.0
1089	Abax	12	0	3	1.0
1090	Abiromorphus anceyi	4	0	1	0.0
1091	Ableptina	5	0	2	0.0
1092	Acalyptratae	5	0	2	0.0
1093	Acanthaeschna victoria	12	0	3	1.0
1094	Acanthopsychops triaina	1	0	1	0.0
1095	Acanthopteroctetidae	2	0	1	0.0
1096	Aconurella	3	0	1	0.0
1097	Acorius	2	0	1	0.0
1098	Acostemminae	3	0	1	0.0
1099	Acraea horta	5	0	2	0.0
1100	Acromyrmex	7	0	2	0.0
1101	Acronicta	8	0	4	0.0
1102	Actenicerus	4	0	2	0.0
1103	Adela croesella	2	0	1	0.0
1104	Adela cuprella	6	0	2	0.0
1105	Adelomyrmex	5	0	2	0.0
1106	Adelowalkeria	4	0	2	0.0
1107	Adelpholeon lithophorus	1	0	1	0.0
1108	Adosomus	7	0	1	0.0
1109	Adosomus roridus	6	0	1	0.0
1110	Adrapsa	4	0	2	0.0
1111	Adrapsoides	5	0	2	0.0
1112	Aedes	41	0	4	1.0
1113	Aedes aegypti	43	0	4	1.0
1114	Aedes albopictus	36	0	4	1.0
1115	Aedes dorsalis	4	0	1	0.0
1116	Aedes nigromaculis	2	0	1	0.0
1117	Aenictus	6	0	3	0.0
1118	Aethiocarenus burmanicus	3	0	1	0.0
1119	Afghanocleonus	5	0	3	0.5
1120	Afrolarinus	5	0	3	0.0
1121	Agabinae	8	0	2	0.0
1122	Agapanthia amicula	3	0	1	0.0
1123	Agapanthia angelicae	3	0	1	0.0
1124	Agapanthia annularis	5	0	2	0.0
1125	Agapanthia asphodeli	4	0	1	0.0
1126	Agapanthia detrita	3	0	1	0.0
1127	Agapanthia pesarinii	2	0	1	0.0
1128	Agelenidae	35	0	4	1.0
1129	Agelenoidea	3	0	1	0.0
1130	Ageleradix	3	0	1	0.0
1131	Ageleradix cymbiforma	2	0	1	0.0
1132	Ageleradix otiforma	3	0	1	0.0
1133	Agonum	4	0	1	0.0
1134	Agonum dolens	4	0	1	0.0
1135	Agonum ericeti	5	0	2	0.5
1136	Agonum gracilipes	3	0	1	0.0
1137	Agonum lugens	4	0	2	0.0
1138	Agonum sexpunctatum	3	0	1	0.0
1139	Agonum versutum	3	0	1	0.0
1140	Agraeciini	2	0	1	0.0
1141	Agraulis vanillae	9	0	1	0.0
1142	Aguriahana	5	0	2	1.0
1143	Albicostella	5	0	2	0.0
1144	Alcidion	10	0	4	0.5
1145	Alebra	8	0	3	0.0
1146	Alelimma	7	0	3	0.0
1147	Aleocharinae	4	0	1	0.0
1148	Allantinae	4	0	1	0.0
1149	Allolarinus	5	0	3	0.0
1150	Alobaldia	5	0	2	1.0
1151	Alpigenobombus	11	0	3	0.5
1152	Alucita bulgaria	2	0	1	0.0
1153	Alucita karadagica	2	0	1	0.0
1154	Alucita pliginskii	2	0	1	0.0
1155	Alysiinae	4	0	1	0.0
1156	Amarixys	2	0	1	0.0
1157	Amarixys gracilis	1	0	1	0.0
1158	Ameles	2	0	1	0.0
1159	Ameles decolor	5	0	3	0.0
1160	Ameles fasciipennis	8	0	2	0.0
1161	Ameles spallanzania	3	0	1	0.0
1162	Amelinae	9	0	2	0.5
1163	Amelini	6	0	3	0.0
1164	Amimenus	6	0	2	0.5
1165	Ammocleonus	5	0	3	0.0
1166	Amselina cedestiella	3	0	2	0.0
1167	Anaplectoides	7	0	3	0.0
1168	Anapoma	7	0	5	1.0
1169	Anareolatae	2	0	1	0.0
1170	Aneuretus simoni	4	0	1	0.0
1171	Anomala binotata	2	0	1	0.0
1172	Anomaloninae	10	0	3	1.0
1173	Anopheles	148	0	16	4.0
1174	Anopheles (підрід)	5	0	1	0.0
1175	Anopheles freeborni	5	0	1	0.0
1176	Anopheles minor	5	0	1	1.0
1177	Anoplognathini	2	0	1	0.0
1178	Anoplura	106	1	10	3.0
1179	Anthobiodes	11	0	6	0.0
1180	Anthophila abhasica	12	1	11	6.0
1181	Anthrenus	8	0	2	0.0
1182	Apamea	8	0	3	0.0
1183	Apamea barbara	4	0	2	0.0
1184	Apamea glenura	2	0	1	0.0
1185	Apameini	3	0	1	0.0
1186	Aparotopus	8	0	3	0.0
1187	Aphelinidae	11	0	3	0.0
1188	Aphidiinae	4	0	1	0.0
1189	Aphidoletes	2	0	1	0.0
1190	Aphis	8	0	3	0.0
1191	Aphis baccharicola	2	0	1	0.0
1192	Aphthartopsychops scutatus	1	0	1	0.0
1193	Aphthona herbigrada	2	0	1	0.0
1194	Aphthona melancholica	2	0	1	0.0
1195	Aplesilus	6	0	3	0.0
1196	Apleurus	8	0	3	0.0
1197	Apoditrysia	2	0	1	0.0
1198	Apoidea	37	0	5	1.0
1199	Aprosthema	4	0	2	0.0
1200	Aptenoperissus	1	0	1	0.0
1201	Aptenoperissus etius	1	0	1	0.0
1202	Aptenoperissus magnifemoris	2	0	1	0.0
1203	Aptenoperissus pusillus	1	0	1	0.0
1204	Apteromantis aptera	6	0	2	0.0
1205	Apteropeda	7	0	5	0.0
1206	Araneoidea	9	0	3	0.0
1207	Arbelana	3	0	1	0.5
1208	Arboridia	5	0	2	0.0
1209	Archaeocercus schuvachinae	2	0	1	0.0
1210	Archaeolepis mane	10	0	2	0.0
1211	Archiearinae	7	0	2	0.0
1212	Archiinocellia oligoneura	1	0	1	0.0
1213	Architendipedidae	2	0	1	0.0
1214	Archizelmiridae	7	0	3	0.0
1215	Archocyrtus	1	0	1	0.0
1216	Archocyrtus kovalevi	1	0	1	0.0
1217	Arctiinae	2	0	1	0.0
1218	Arctoperlaria	4	0	1	0.0
1219	Arge pallidinervis	3	0	1	0.0
1220	Argema	6	0	2	0.0
1221	Argema mittrei	32	0	8	1.0
1222	Argiope	65	0	11	2.0
1223	Argiope aemula	7	0	2	0.0
1224	Argiope aetheroides	3	0	1	0.0
1225	Argiope amoena	11	0	8	0.0
1226	Argiope anasuja	4	0	1	0.0
1227	Argiope argentata	6	0	1	0.0
1228	Argiope aurantia	21	0	4	1.0
1229	Argiope boesenbergi	6	0	1	0.0
1230	Argiope catenulata	7	0	2	0.5
1231	Argiope chloreis	3	0	1	0.0
1232	Argiope dang	6	0	3	0.0
1233	Argiope doleschalli	2	0	1	0.0
1234	Argiope hoiseni	2	0	1	0.0
1235	Argiope lobata	311	1	22	10.0
1236	Argiope mangal	2	0	1	0.0
1237	Argiope minuta	10	0	4	1.0
1238	Argiope modesta	6	0	2	0.0
1239	Argiope ocula	4	0	1	0.0
1240	Argiope perforata	2	0	1	0.0
1241	Argiope picta	12	0	3	1.0
1242	Argiope pulchella	8	0	2	1.0
1243	Argiope reinwardti	8	0	2	0.0
1244	Argiope trifasciata	4	0	2	0.0
1245	Argynnini	8	0	3	0.0
1246	Argyresthia albistria	2	0	1	0.0
1247	Argyresthia bergiella	2	0	1	0.0
1248	Argyresthia bonnetella	2	0	1	0.0
1249	Argyresthia conjugella	2	0	1	0.0
1250	Argyresthia illuminatella	2	0	1	0.0
1251	Argyresthia ivella	3	0	1	0.0
1252	Argyresthia laevigatella	2	0	1	0.0
1253	Argyresthia praecocella	3	0	1	0.0
1254	Argyresthia pruniella	2	0	1	0.0
1255	Argyresthia pygmaeella	2	0	1	0.0
1256	Argyresthia retinella	2	0	1	0.0
1257	Argyresthia semifusca	3	0	1	0.0
1258	Argyresthia sorbiella	17	0	11	0.0
1259	Argyrotaenia brimuncus	2	0	1	0.0
1260	Aricia artaxerxes	12	0	5	0.0
1261	Arractocetus	4	0	2	0.0
1262	Aruena apicimaculata	2	0	1	0.0
1263	Asiarge	4	0	2	0.0
1264	Asiarge centralis	3	0	1	0.0
1265	Asiarge regeli	3	0	1	0.0
1266	Asinocleonus	5	0	3	0.5
1267	Asiochaoboridae	2	0	1	0.0
1268	Aspidiotinae	3	0	1	0.0
1269	Asproparthenis	11	0	3	1.0
1270	Atactogaster	5	0	3	0.0
1271	Atherigoninae	8	0	2	0.0
1272	Athysanella	4	0	2	1.0
1273	Athysanopsis	3	0	1	0.0
1274	Athysanus	7	0	4	0.0
1275	Atolmis rubricollis	3	0	1	0.0
1276	Atrax sutherlandi	2	0	1	0.0
1277	Atta	16	0	4	1.0
1278	Atta cephalotes	5	0	2	0.0
1279	Atta colombica	5	0	2	0.0
1280	Atta texana	3	0	1	0.0
1281	Atta vollenweideri	4	0	2	0.0
1282	Attacus atlas	56	0	6	1.5
1283	Attercopus fimbriunguis	10	0	2	0.5
1284	Austroasca	4	0	1	0.0
1285	Autostichidae	20	1	19	10.0
1286	Aztecarpalus	4	0	2	0.0
1287	Balclutha	6	0	2	0.0
1288	Balinskycercella	10	0	2	1.0
1289	Bambusana	3	0	1	0.0
1290	Bangasternus	3	0	1	0.0
1291	Barbitistes constrictus	10	0	1	1.0
1292	Barbitistini	6	0	4	0.0
1293	Bathyphlebia	4	0	2	0.0
1294	Batrachedra pinicolella	17	0	15	1.0
1295	Batrachedra praeangusta	5	0	1	0.5
1296	Batrachedridae	9	0	4	0.0
1297	Batrisini	3	0	1	0.0
1298	Bellinympha	1	0	1	0.0
1299	Besuchetiella	5	0	2	0.0
1300	Blaberidae	15	0	4	1.0
1301	Blastobasis phycidella	5	0	1	0.0
1302	Blastobasis ponticella	4	0	1	0.0
1303	Blattellidae	17	0	3	0.5
1304	Blattuloidea	1	0	1	0.0
1305	Blepharodinae	2	0	1	0.0
1306	Blepharopsis mendica	4	0	1	0.0
1307	Bobacella	2	0	1	0.0
1308	Bocana	8	0	3	0.0
1309	Bodemeyeria	4	0	2	0.0
1310	Boganiidae	3	0	1	0.0
1311	Boletobiinae	4	0	1	0.0
1312	Bolivaria	9	0	4	0.0
1313	Bombus sylvarum	6	0	2	0.0
1314	Bombus transversalis	8	0	2	1.0
1315	Bombus tricornis	3	0	1	0.0
1316	Bombus trinominatus	6	0	2	0.0
1317	Bombus unicus	5	0	2	0.0
1318	Bothriurus olaen	2	0	1	0.0
1319	Bothrogonia	3	0	1	0.0
1320	Bothynoderes	6	0	1	0.5
1321	Brachodes pumila	1	0	1	0.0
1322	Brachyceridae	5	0	1	0.0
1323	Brachycerinae	5	0	1	0.0
1324	Brachycerini	3	0	1	0.0
1325	Brachycerus	11	0	2	1.0
1326	Brachycleonus	3	0	1	0.0
1327	Brachysternus	5	0	3	0.5
1328	Brachysternus angustus	4	0	1	0.5
1329	Brachysternus germaini	2	0	1	0.0
1330	Brachysternus marginatus	2	0	1	0.0
1331	Brachysternus patagoniensis	3	0	1	0.0
1332	Brachysternus prasinus	3	0	1	0.0
1333	Brachysternus solier	2	0	1	0.0
1334	Brachysternus spectabilis	3	0	1	0.0
1335	Bracon hebetor	8	0	1	0.0
1336	Broconius	9	0	2	1.0
1337	Bryodemella	4	0	1	0.0
1338	Bubas bubalus	2	0	1	0.0
1339	Bubopsis agrionoides	5	0	1	0.0
1340	Buccinatormyia	3	0	2	0.0
1341	Bucculatrix albedinella	2	0	1	0.0
1342	Bucculatrix anthemidella	2	0	1	0.0
1343	Bucculatrix artemisiella	2	0	1	0.0
1344	Bucculatrix frangutella	1	0	1	0.0
1345	Bucculatrix gnaphaliella	2	0	1	0.0
1346	Bucculatrix infans	2	0	1	0.0
1347	Bucculatrix maritima	1	0	1	0.0
1348	Bucculatrix noltei	3	0	1	0.0
1349	Bucculatrix paliuricola	1	0	1	0.0
1350	Bucculatrix thoracella	1	0	1	0.0
1351	Bucculatrix ulmella	5	0	1	0.0
1352	Bucculatrix ulmifoliae	17	0	13	0.0
1353	Bulbitermes	3	0	1	0.0
1354	Buprestinae	3	0	1	0.0
1355	Buprestis	3	0	1	0.0
1356	Burmanopetalum inexpectatum	40	0	30	1.0
1357	Burmocorynus jarzembowski	1	0	1	0.0
1358	Burmogramma liui	1	0	1	0.0
1359	Burmomacer kirejtshuki	1	0	1	0.0
1360	Burmopsychops	1	0	1	0.0
1361	Cacopsylla	4	0	1	0.0
1362	Cacopsylla costalis	2	0	1	0.0
1363	Cacopsylla crataegi	3	0	1	0.0
1364	Cacopsylla cretica	2	0	1	0.0
1365	Cacopsylla curta	3	0	1	0.0
1366	Cacopsylla difficilis	2	0	1	0.0
1367	Cacopsylla dilonchi	2	0	1	0.0
1368	Cacopsylla elegantula	2	0	1	0.0
1369	Cacopsylla exima	1	0	1	0.0
1370	Calamoceratidae	3	0	1	0.0
1371	Caligula	12	0	4	0.0
1372	Callistolixus	7	0	1	0.0
1373	Calodemas	2	0	1	0.0
1374	Calopterygoidea	5	0	1	0.0
1375	Calyptratae	6	0	1	0.0
1376	Camponotus	15	0	3	0.0
1377	Camponotus rufoglaucus	22	0	21	0.0
1378	Camponotus vagus	16	0	3	1.0
1379	Camptopterohelea odora	2	0	1	0.0
1380	Carabinae	8	0	2	0.5
1381	Carparachne aureoflava	12	0	5	1.0
1382	Catocalini	4	0	1	0.0
1383	Cauchas fibulella	2	0	1	0.0
1384	Cecidomyiinae	3	0	1	0.0
1385	Centrocleonus	6	0	3	0.0
1386	Cerambyx welensii	6	0	4	0.0
1387	Ceratocampinae	6	0	4	0.0
1388	Chalcophora mariana	13	0	2	0.5
1389	Charaxes candiope	5	0	2	0.0
1390	Chauliognathus pensylvanicus	2	0	1	0.0
1391	Cheiracanthium inclusum	18	0	3	1.0
1392	Chilocorus bipustulatus	5	0	2	0.0
1393	Chilognatha	13	0	3	1.0
1394	Chimerarachne yingi	5	0	3	0.0
1395	Chironomoidea	6	0	1	1.0
1396	Chorthippus dorsatus	2	0	1	0.0
1397	Chromonotus	9	0	2	0.0
1398	Chromosomus	2	0	1	0.5
1399	Chrysididae	20	0	4	1.0
1400	Chrysidoidea	5	0	1	0.0
1401	Chrysis comparata	2	0	1	0.0
1402	Chrysis fulgida	4	0	1	0.0
1403	Chrysis pulchella	2	0	1	0.0
1404	Chrysis zetterstedti	3	0	1	0.0
1405	Chrysolina (підрід)	3	0	1	0.0
1406	Chrysops	10	0	3	0.0
1407	Chthonioidea	5	0	2	0.0
1408	Cicadula	2	0	1	0.0
1409	Cicindela	10	0	2	0.0
1410	Cicindela hybrida	10	0	1	1.0
1411	Cicindelina	3	0	1	0.0
1412	Cicindelinae	6	0	1	0.0
1413	Cicindelini	2	0	1	0.0
1414	Cimicoidea	3	0	1	0.0
1415	Cimicomorpha	13	0	3	1.0
1416	Citheronia	2	0	1	0.0
1417	Citioica	2	0	1	0.0
1418	Cladofer huangi	3	0	2	0.0
1419	Cleonini	5	0	2	0.0
1420	Cleonis	6	0	1	1.0
1421	Cleonolithus	4	0	3	0.0
1422	Cleridae	10	0	2	0.0
1423	Clistopyga crassicaudata	4	0	1	0.0
1424	Clitumninae	3	0	1	0.0
1425	Clytra appendicina	4	0	1	0.0
1426	Clytra atraphaxidis	2	0	1	0.0
1427	Cnemodontus	2	0	1	0.0
1428	Coccidulinae	8	0	2	0.0
1429	Coccinellinae	19	0	5	1.0
1430	Coccophagus	6	0	3	0.0
1431	Coccophagus lycimnia	4	0	1	0.5
1432	Coccophagus maculipennis	2	0	1	0.0
1433	Coccophagus malthusi	2	0	1	0.0
1434	Coccophagus margaritatus	2	0	1	0.0
1435	Coelidiinae	5	0	1	0.0
1436	Coenagrionoidea	5	0	1	0.0
1437	Coleophora adjunctella	4	0	1	0.0
1438	Coleophora adspersella	17	0	13	0.0
1439	Coleophora alticolella	0	0	0	0.0
1440	Coleophora atriplicis	0	0	0	0.0
1441	Coleophora bagorella	22	0	15	1.0
1442	Coleophora berdjanski	14	0	13	0.0
1443	Coleophora binotapennella	16	0	15	0.0
1444	Colladonus	2	0	1	0.0
1445	Compsolixus	5	0	1	1.0
1446	Coniocleonus	7	0	2	0.0
1447	Conocephalinae	9	0	2	1.0
1448	Conorhynchus	7	0	1	1.0
1449	Coptera anka	4	0	1	0.5
1450	Coreana raphaelis	3	0	1	0.0
1451	Coreoidea	6	0	2	0.0
1452	Cornupalpatum burmanicum	4	0	1	0.0
1453	Cosmogaster	4	0	1	0.0
1454	Cosmophasis bitaeniata	2	0	1	0.0
1455	Cotesia glomerata	7	0	2	0.0
1456	Coulinus	2	0	1	0.0
1457	Creatonotos gangis	66	0	8	2.0
1458	Crematogaster	5	0	1	0.0
1459	Crematogaster schmidti	8	0	2	1.0
1460	Creobroter	7	0	1	0.0
1461	Creoleon lugdunensis	2	0	1	0.0
1462	Cretanallachius magnificus	2	0	1	0.0
1463	Cretogramma engeli	4	0	2	0.0
1464	Cretoparacucujus cycadophilus	4	0	3	0.0
1465	Cryphopus	2	0	1	0.0
1466	Ctenurella	1	0	1	0.0
1467	Cuculliinae	9	0	2	1.0
1468	Culicomorpha	10	0	3	0.0
1469	Cupiennius	3	0	1	0.0
1470	Cupiennius salei	10	0	2	0.0
1471	Curculioididae	6	0	2	0.0
1472	Curculioninae	6	0	2	0.0
1473	Curculionites	4	0	1	0.0
1474	Cybister lateralimarginalis	5	0	1	0.0
1475	Cylindera	3	0	1	0.0
1476	Cylindera germanica	3	0	1	0.0
1477	Cylindera glabra	2	0	1	0.0
1478	Cymothoe sangaris	5	0	1	0.5
1479	Cynthia	10	0	3	0.0
1480	Cyphocleonus	10	0	3	0.5
1481	Danainae	22	0	4	1.0
1482	Daphnusa	5	0	3	0.0
1483	Daphnusa ailanti	2	0	1	0.0
1484	Daphnusa sinocontinentalis	2	0	1	0.0
1485	Darwinylus marcosi	3	0	1	0.0
1486	Dasineura	4	0	1	0.0
1487	Dasystoma salicella	1	0	1	0.0
1488	Deinocroton draculi	3	0	1	0.5
1489	Deltocephalus	3	0	1	0.0
1490	Demodex cyonis	3	0	1	0.0
1491	Desis bobmarleyi	2	0	1	0.0
1492	Diaea	5	0	1	0.0
1493	Diaea dorsata	8	0	3	0.0
1494	Diaea ergandros	2	0	1	0.0
1495	Diaea evanida	3	0	1	0.0
1496	Diaea giltayi	2	0	1	0.0
1497	Diaeini	10	0	2	1.0
1498	Dikraneura	3	0	1	0.0
1499	Dilixellus	9	0	2	1.0
1500	Diodontognathus papillatus	2	0	1	0.5
1501	Dipteromantispidae	2	0	1	0.0
1502	Dolichopoda	4	0	2	0.0
1503	Dolichopoda geniculata	2	0	1	0.0
1504	Dolichopoda graeca	4	0	2	0.0
1505	Dolichopoda hussoni	2	0	1	0.0
1506	Dolichopoda makrykapa	2	0	1	0.0
1507	Dolomedes	81	0	13	2.0
1508	Donacia semicuprea	2	0	1	0.0
1509	Doratura	3	0	1	0.0
1510	Dorcadion cinerarium	3	0	1	0.0
1511	Dorcadion fuliginator	2	0	1	0.0
1512	Dorcadion mokrzeckii	7	0	2	1.0
1513	Dorcadion pedestre	2	0	1	0.0
1514	Dorcadion sareptanum	2	0	1	0.0
1515	Dryocampa	4	0	2	0.0
1516	Dryops	5	0	2	0.0
1517	Dysaphis	5	0	1	0.0
1518	Eacles	7	0	3	0.5
1519	Eacles barnesi	3	0	1	0.0
1520	Eacles oslari	3	0	1	0.0
1521	Eciton	4	0	1	0.0
1522	Ecitophya	2	0	1	0.0
1523	Ectinogonia buqueti	5	0	1	0.0
1524	Ederranus	2	0	1	0.0
1525	Edessena	2	0	1	0.0
1526	Eduardoxenus unicus	1	0	1	0.0
1527	Edwardsiana	3	0	1	0.0
1528	Elaea	5	0	2	0.0
1529	Elaterinae	3	0	1	0.0
1530	Electrocaptivus xui	2	0	1	0.0
1531	Elymana	2	0	1	0.0
1532	Emblemasoma erro	4	0	1	0.0
1533	Empoa	2	0	1	0.0
1534	Empoasca	6	0	1	0.0
1535	Empusa guttula	3	0	1	0.0
1536	Empusa hedenborgii	2	0	1	0.0
1537	Empusa longicollis	2	0	1	0.0
1538	Empusa pennata	9	0	2	0.0
1539	Empusa uvarovi	2	0	1	0.0
1540	Endoxyla cinereus	7	0	2	0.0
1541	Entiminae	6	0	2	0.0
1542	Entymetopus	2	0	1	0.0
1543	Eocleonus	3	0	1	0.0
1544	Eophyllium messelensis	2	0	1	0.0
1545	Epaphroditidae	18	0	16	0.0
1546	Epexochus	3	0	2	0.0
1547	Ephimeronotus	2	0	1	0.5
1548	Epiacanthus	3	0	1	0.5
1549	Epimeces	6	0	1	0.0
1550	Epiocheirata	2	0	1	0.0
1551	Episyrphus balteatus	13	0	2	1.0
1552	Eremiaphila	3	0	1	0.0
1553	Eremiaphilidae	5	0	1	0.0
1554	Eremoplana	3	0	1	0.0
1555	Eriovixia gryffindori	5	0	1	0.5
1556	Eristalis bardus	4	0	1	0.0
1557	Erythracarinae	2	0	1	0.0
1558	Erythromma	8	0	2	0.0
1559	Euacanthellinae	7	0	1	1.0
1560	Eugeniodecus	2	0	1	0.0
1561	Euhypnorna grata	2	0	1	0.0
1562	Eukoenenia	2	0	1	0.0
1563	Eukoenenia christiani	2	0	1	0.0
1564	Eukoenenia strinatii	2	0	1	0.0
1565	Eukoeneniidae	3	0	1	0.0
1566	Eulixus	5	0	1	0.0
1567	Eumecops	5	0	1	0.0
1568	Eumesocampa	3	0	2	0.0
1569	Euophrys omnisuperstes	4	0	1	0.0
1570	Eupelix	2	0	1	0.0
1571	Eupithecia basurmanca	2	0	1	0.0
1572	Eupteryx	4	0	1	0.0
1573	Eurhadina	3	0	1	0.0
1574	Eurycleonus	2	0	1	0.0
1575	Eurythyrea	4	0	1	0.0
1576	Euscelis	2	0	1	0.0
1577	Euscorpius beroni	3	0	1	0.0
1578	Eusparassus dufouri	3	0	1	0.0
1579	Eustenopus	2	0	1	0.0
1580	Eutulomatus	2	0	1	0.0
1581	Evacanthus	4	0	1	0.0
1582	Extatosoma tiaratum	13	0	4	1.0
1583	Fagina silvatica	3	0	1	0.0
1584	Fallomyrma	8	0	6	0.0
1585	Fallomyrma anodonta	1	0	1	0.0
1586	Fallomyrma marginata	1	0	1	0.0
1587	Fallomyrma robusta	1	0	1	0.0
1588	Fideliinae	3	0	1	0.5
1589	Filistata maguirei	2	0	1	0.0
1590	Forcipata	4	0	1	0.0
1591	Formiciinae	14	0	3	1.0
1592	Formicini	4	0	1	0.0
1593	Furcantenna yangi	1	0	1	0.0
1594	Gasteroclisus	6	0	3	0.0
1595	Gastrophysa	4	0	2	0.0
1596	Geomantis	2	0	1	0.0
1597	Geomantis larvoides	3	0	1	0.0
1598	Georginus	6	0	2	0.0
1599	Girtesma	3	0	1	0.0
1600	Glebius	6	0	2	1.0
1601	Gluphisia	2	0	1	0.0
1602	Gluphisia crenata	4	0	1	0.0
1603	Gluphisia lintneri	2	0	1	1.0
1604	Gluphisia oxiana	4	0	2	0.0
1605	Goliathus regius	5	0	2	0.5
1606	Gondwanascorpio emzantsiensis	46	0	9	1.0
1607	Gonioctena	5	0	3	0.0
1608	Gonocleonus	5	0	3	0.0
1609	Gonometa postica	7	0	3	0.0
1610	Grant viridifluvius	4	0	3	0.0
1611	Gromphadorhina portentosa	118	0	12	3.0
1612	Gyranusoidea iranica	3	0	1	0.0
1613	Habralictus	5	0	2	0.0
1614	Hadeninae	4	0	2	0.0
1615	Halter halteratus	3	0	1	0.0
1616	Halteriomantispa grimaldii	2	0	1	0.0
1617	Haplocampa wagnelli	2	0	1	0.0
1618	Haplopelma schmidti	11	0	3	1.0
1619	Harmonia (комаха)	40	0	7	1.0
1620	Harpalinae	6	0	2	0.0
1621	Hedychrum nobile	5	0	2	0.0
1622	Helaeomyia petrolei	14	0	3	1.0
1623	Helichus ussuriensis	3	0	2	0.0
1624	Heliconiinae	12	0	2	0.5
1625	Heliconius erato	5	0	1	0.0
1626	Helicoverpa zea	13	0	2	0.0
1627	Heliozona	2	0	1	0.0
1628	Helminthomorpha	7	0	3	0.5
1629	Hepsidera	4	0	2	0.0
1630	Hermetia illucens	46	0	5	2.0
1631	Heterocleonus	2	0	1	0.0
1632	Heterogramma	6	0	3	0.0
1633	Heteropterinae	3	0	1	0.0
1634	Hexarthrius	3	0	1	0.0
1635	Hierodula	17	0	3	1.0
1636	Holaptilon	4	0	2	0.0
1637	Holaptilon pusillulum	6	0	2	0.0
1638	Hololixus	3	0	1	0.0
1639	Hormisa	5	0	3	0.0
1640	Hovalarinus	4	0	2	0.0
1641	Hybomitra	11	0	3	0.0
1642	Hybomitra altaica	2	0	1	0.0
1643	Hybomitra alticola	3	0	1	0.0
1644	Hydrillodes	5	0	3	0.0
1645	Hyles	4	0	1	0.0
1646	Hylobius abietis	32	0	5	1.0
1647	Hymenopodidae	9	0	3	0.0
1648	Hypatopa binotella	3	0	1	0.0
1649	Hypatopa inunctella	2	0	1	0.0
1650	Hypatopa segnella	4	0	1	0.0
1651	Hypenula	5	0	3	0.0
1652	Hypoechana fuliginosa	3	0	1	0.0
1653	Hypogastruroidea	4	0	1	0.0
1654	Hypolixus	4	0	2	0.0
1655	Hyponeuma	5	0	3	0.0
1656	Hypsicorypha gracilis	4	0	2	0.0
1657	Idia	2	0	1	0.0
1658	Idolomantis diabolica	17	0	3	0.0
1659	Ileomus	6	0	1	0.0
1660	Ilybius	3	0	1	0.0
1661	Insolentipalpus	2	0	1	0.0
1662	Integripalpia	5	0	2	0.0
1663	Iolana iolas	4	0	1	0.0
1664	Iris	7	0	1	0.0
1665	Iris oratoria	5	0	1	0.0
1666	Isomerops	2	0	1	0.0
1667	Isotogastrura	2	0	1	0.0
1668	Isotomidae	5	0	2	0.0
1669	Ixodida	161	1	10	5.0
1670	Julodinae	2	0	1	0.0
1671	Junonia coenia	7	0	2	0.5
1672	Junonia lemonias	3	0	1	0.0
1673	Kalligramma	2	0	1	0.0
1674	Kalligramma paradoxum	2	0	1	0.0
1675	Kalligrammatidae	3	0	1	0.0
1676	Kallima inachus	4	0	1	0.0
1677	Katarinia	4	0	2	0.0
1678	Katha	6	0	3	0.0
1679	Katha depressa	2	0	1	0.0
1680	Katha laevis	2	0	1	0.0
1681	Katha magnata	2	0	1	0.0
1682	Katha moorei	2	0	1	0.0
1683	Katha nankunshanica	2	0	1	0.0
1684	Katha nigropoda	2	0	1	0.0
1685	Katha prabana	3	0	1	0.0
1686	Katha suffusa	2	0	1	0.0
1687	Kekveus jason	2	0	1	0.0
1688	Klassius	1	0	1	0.0
1689	Koenigius	5	0	2	0.0
1690	Kyneria	4	0	2	0.0
1691	Labidura riparia	4	0	1	0.0
1692	Lachnaeus	9	0	3	0.5
1693	Lachnaia	8	0	5	0.0
1694	Lagonomegopidae	2	0	1	0.0
1695	Lambula	7	0	4	0.0
1696	Lambula aethalocis	2	0	1	0.0
1697	Lambula agraphia	2	0	1	0.0
1698	Lambula aroa	2	0	1	0.0
1699	Lambula bilineata	2	0	1	0.0
1700	Lambula bivittata	2	0	1	0.0
1701	Lambula buergersi	2	0	1	0.0
1702	Laothoe	22	0	20	1.0
1703	Larentiinae	3	0	1	0.0
1704	Larinodontes	6	0	4	0.5
1705	Larinomesius	15	0	4	0.5
1706	Larinus	8	0	1	0.0
1707	Larinus (підрід)	15	0	4	1.0
1708	Larinus turbinatus	8	0	2	0.0
1709	Larinus vulpes	5	0	1	1.0
1710	Lascoria	8	0	4	0.0
1711	Lasiocampinae	7	0	2	0.5
1712	Lasiommata	2	0	1	0.0
1713	Latrodectinae	6	0	2	0.0
1714	Lepismachilis eocaenica	1	0	1	0.0
1715	Leptopodomorpha	6	0	2	0.0
1716	Lestremiinae	5	0	2	0.0
1717	Lestremiini	2	0	1	0.0
1718	Lethocerus deyrollei	8	0	2	0.0
1719	Lethocerus grandis	3	0	1	0.0
1720	Lethocerus indicus	64	0	7	2.0
1721	Leucatomis	5	0	3	0.0
1722	Leucochromus	3	0	1	0.0
1723	Leucomigus	7	0	2	0.0
1724	Leucophyes	7	0	2	0.0
1725	Libelloides italicus	2	0	1	0.0
1726	Libelluloidea	4	0	1	0.0
1727	Limnephilus antiquastepposus	1	0	1	0.0
1728	Limnephilus kaspievi	3	0	1	0.0
1729	Limnephilus metakaspievi	3	0	2	0.0
1730	Limnephilus parakaspievi	2	0	1	0.0
1731	Limnephilus valliculacerasinus	1	0	1	0.0
1732	Limnichidae	3	0	1	0.0
1733	Linguatormyia teletacta	1	0	1	0.0
1734	Liocleonus	5	0	3	0.0
1735	Lipoptena mazamae	23	0	19	0.0
1736	Lithosiina	2	0	1	0.0
1737	Lithosiinae	1	0	1	0.0
1738	Lithosiini	6	0	1	0.5
1739	Lixinae	130	0	8	4.0
1740	Lixini	6	0	2	0.0
1741	Lixocleonus	5	0	3	0.0
1742	Lixoglyptus	5	0	2	0.0
1743	Lixomorphus	4	0	2	0.0
1744	Lixopachys	4	0	2	0.0
1745	Lixus	7	0	2	0.0
1746	Lixus (підрід)	6	0	1	0.0
1747	Lophocorona	4	0	2	0.0
1748	Lucaninae	9	0	2	0.0
1749	Lucanus	46	0	7	1.0
1750	Lucanus placidus	5	0	1	0.0
1751	Luciliinae	2	0	1	0.0
1752	Lycosa aragogi	30	0	5	1.5
1753	Lysibia nana	5	0	1	0.0
1754	Machaerotypus sibiricus	2	0	1	0.0
1755	Macleodiella electrina	1	0	1	0.0
1756	Macrochilo	8	0	5	0.0
1757	Macroglossinae	4	0	1	0.0
1758	Macrolepidoptera	5	0	1	0.0
1759	Macroplea	3	0	2	0.0
1760	Macrosiphini	4	0	1	0.5
1761	Macrotermes	8	0	1	1.0
1762	Macrotermes gilvus	3	0	1	0.0
1763	Macroxiphus	3	0	1	0.0
1764	Macroxiphus nasicornis	3	0	1	0.0
1765	Macroxiphus sumatranus	2	0	1	0.0
1766	Manica	4	0	2	0.0
1767	Mantidae	21	0	3	1.0
1768	Mantis	14	0	2	1.0
1769	Maratus personatus	3	0	1	0.0
1770	Marumba spectabilis	3	0	1	0.0
1771	Marumba tigrina	2	0	1	0.0
1772	Maximus	12	0	5	0.0
1773	MCD-пептид	4	0	1	0.0
1774	Mecaspis	6	0	4	0.0
1775	Medaurini	2	0	1	0.0
1776	Medauroidea	7	0	2	1.0
1777	Megachilinae	4	0	2	0.0
1778	Megaphragma	6	0	2	0.0
1779	Megatominae	2	0	1	0.0
1780	Melitaea acentria	2	0	1	0.0
1781	Melitaea ornata	3	0	1	0.0
1782	Menecleonus	5	0	3	0.0
1783	Menthastriella	2	0	1	0.0
1784	Mesocleonus	6	0	3	0.0
1785	Mesostigmata	24	0	3	1.0
1786	Mesothelae	10	0	2	0.0
1787	Metacucujus	5	0	3	0.0
1788	Metacucujus encephalarti	2	0	1	0.0
1789	Metallyticus	8	0	3	0.0
1790	Metopininae	3	0	1	0.0
1791	Metriocampa	5	0	2	0.5
1792	Microcleonus	5	0	3	0.0
1793	Microlarinus	6	0	4	0.0
1794	Microlixus	6	0	4	0.0
1795	Microplitis croceipes	2	0	1	0.0
1796	Micropterix calthella	2	0	1	0.0
1797	Microthespis	2	0	1	0.0
1798	Mionycha	3	0	1	0.0
1799	Misumena vatia	386	1	23	12.5
1800	Misumenoides formosipes	6	0	1	0.0
1801	Molytinae	8	0	2	0.0
1802	Mongolocleonus	6	0	4	0.0
1803	Monolophus	7	0	4	0.0
1804	Morphini	4	0	1	0.0
1805	Morpho rhetenor	5	0	1	0.0
1806	Muschampia	4	0	2	0.0
1807	Muscoidea	6	0	1	0.0
1808	Mycotrichus	5	0	3	0.0
1809	Myrmarachne	14	0	5	0.0
1810	Myrmarachne assimilis	3	0	1	0.0
1811	Myrmarachne caliraya	4	0	2	0.0
1812	Myrmarachne plataleoides	5	0	1	0.0
1813	Myrmekiaphila neilyoungi	2	0	1	0.0
1814	Myrmeleon fasciatus	2	0	1	0.0
1815	Myrmeleon quinquemaculatus	2	0	1	0.0
1816	Myrmeleontiformia	7	0	3	0.0
1817	Myrmica angulata	2	0	1	0.0
1818	Myrmicini	4	0	1	0.0
1819	Myrmozercon cyrusi	2	0	1	0.0
1820	Mystrium camillae	12	0	4	0.5
1821	Myzocallis	3	0	1	0.0
1822	Nastus (жуки)	5	0	1	0.0
1823	Nauphoeta cinerea	17	0	10	0.0
1824	Naxa seriaria	2	0	1	0.0
1825	Nefis	3	0	1	0.0
1826	Negastriinae	3	0	1	0.0
1827	Neivamyrmex	2	0	1	0.0
1828	Nemaspela ladae	2	0	1	0.0
1829	Nematopogon metaxella	1	0	1	0.0
1830	Nemophora degeerella	3	0	1	0.0
1831	Nemophora dumerilella	2	0	1	0.0
1832	Nemopteridae	7	0	2	0.5
1833	Nemopteroidea	5	0	2	0.0
1834	Neocleonus	2	0	1	0.0
1835	Neodermaptera	5	0	2	0.5
1836	Neolipoptena ferrisi	21	0	20	0.0
1837	Nepa cinerea	17	0	3	1.0
1838	Nicrophorinae	6	0	2	0.0
1839	Nicrophorus	35	0	7	1.0
1840	Nicrophorus interruptus	2	0	1	0.0
1841	Nicrophorus investigator	4	0	2	0.0
1842	Nicrophorus japonicus	2	0	1	0.0
1843	Nipponaphis monzeni	1	0	1	0.0
1844	Nomimonyx	2	0	1	0.0
1845	Notiothauma reedi	4	0	1	0.5
1846	Nudobius lentus	14	0	2	1.0
1847	Nuttalliella namaqua	3	0	1	0.0
1848	Nymphavus progenitor	1	0	1	0.0
1849	Nymphidae	3	0	1	0.0
1850	Obtectomera	3	0	2	0.0
1851	Ochyrocera aragogue	1	0	1	0.0
1852	Oecophylla	15	0	2	1.0
1853	Oecophylla taurica	2	0	1	0.0
1854	Oestroidea	8	0	1	1.0
1855	Oligochlora semirugosa	1	0	1	0.0
1856	Oligopsychopsis	1	0	1	0.0
1857	Oligotrophini	3	0	1	0.0
1858	Oniticellini	2	0	1	0.0
1859	Onthophagini	2	0	1	0.0
1860	Onthophagus vacca	5	0	1	0.0
1861	Opostega	2	0	1	0.0
1862	Opostegoides	3	0	1	0.0
1863	Oramiella wisei	2	0	1	0.0
1864	Orsunius electronefelus	2	0	1	0.0
1865	Orthodera novaezealandiae	4	0	1	1.0
1866	Ortholixus	11	0	6	1.0
1867	Oryctes	6	0	1	0.0
1868	Oryctes agamemnon	3	0	1	0.0
1869	Oryctes rhinoceros	9	0	4	0.0
1870	Osmia cornuta	5	0	2	0.0
1871	Osmylops	4	0	1	0.0
1872	Othorene	3	0	1	0.0
1873	Pachycerus	5	0	1	0.0
1874	Pachyiulus humicola	2	0	1	0.0
1875	Pachymerium tabacarui	7	0	2	0.5
1876	Paederinae	6	0	2	0.0
1877	Pajnisoodes	3	0	1	0.0
1878	Palaeortona quercyensis	1	0	1	0.0
1879	Palaeotendipes alexii	2	0	2	0.0
1880	Palomena prasina	50	0	6	1.0
1881	Paracucujus rostratus	5	0	1	0.0
1882	Paradoxosisyra groehni	1	0	1	0.0
1883	Paraponera	5	0	1	0.0
1884	Parastrachiidae	2	0	1	0.0
1885	Paratarsotomus	2	0	1	0.0
1886	Paratarsotomus sabulosus	6	0	2	0.5
1887	Parileomus	5	0	3	0.0
1888	Parnopes grandior	2	0	1	0.0
1889	Pedanoptera arachnophila	1	0	1	0.0
1890	Peltosyne triassica	1	0	1	0.0
1891	Pemphigidae	3	0	1	0.0
1892	Pentatominae	8	0	2	1.0
1893	Pentatomoidea	14	0	5	0.0
1894	Pentatomomorpha	6	0	1	0.0
1895	Pentatropis	2	0	1	0.0
1896	Perlamantis allibertii	6	0	2	0.0
1897	Permarachne novokshonovi	6	0	2	0.0
1898	Phaneropterinae	11	0	2	1.0
1899	Phasmatidae	9	0	3	0.0
1900	Phaulosomus	2	0	1	0.0
1901	Philidris nagasau	3	0	1	0.0
1902	Phillixus	5	0	1	1.0
1903	Phlebotomus papatasi	14	0	2	1.0
1904	Phlebotomus papuensis	3	0	1	0.0
1905	Phlebotomus pedifer	6	0	1	0.5
1906	Phlebotomus perfiliewi	4	0	1	0.0
1907	Phlebotomus perniciosus	6	0	2	0.0
1908	Phlebotomus pexopharynx	7	0	1	1.0
1909	Phlebotomus sergenti	2	0	1	0.0
1910	Phobaeticus chani	8	0	2	0.0
1911	Phobaeticus kirbyi	2	0	1	0.0
1912	Phyllochrysa huangi	1	0	1	0.0
1913	Phyllodromica	6	0	2	0.0
1914	Phyllodromica merrakescha	2	0	1	0.0
1915	Phyllonomeus	8	0	2	1.0
1916	Phyllonorycter ivani	16	0	13	0.0
1917	Phytotelmatrichis osopaddington	7	0	1	1.0
1918	Pisaura mirabilis	327	2	22	11.0
1919	Pison	4	0	2	0.0
1920	Planodiscus	6	0	3	0.0
1921	Planodiscus foreli	3	0	1	0.0
1922	Planodiscus furcatus	2	0	1	0.0
1923	Platyscelidini	3	0	1	0.0
1924	Pleurocleonus	9	0	3	1.0
1925	Pliocleonus	5	0	3	0.0
1926	Poduromorpha	8	0	2	1.0
1927	Poecilimon ampliatus	2	0	1	0.0
1928	Poecilimon elegans	2	0	1	0.0
1929	Poecilimon gracilis	2	0	1	0.0
1930	Poliochera	5	0	3	0.0
1931	Poliochera cretacea	3	0	3	0.0
1932	Poliochera gibbsi	3	0	2	0.0
1933	Poliochera glabra	3	0	3	0.0
1934	Poliochera punctulata	4	0	3	0.0
1935	Poliochera pustulatus	4	0	3	0.0
1936	Poliocheridae	4	0	2	0.0
1937	Polyneoptera	5	0	2	0.0
1938	Polyommatus eros	9	0	3	0.0
1939	Polyommatus pljushtchi	4	0	1	0.0
1940	Ponomarenkia belmonthensis	1	0	1	0.0
1941	Porocleonus	6	0	3	0.0
1942	Prionolixus	5	0	3	0.0
1943	Prionorhinus	2	0	1	0.0
1944	Pristomyrmex elmesi	2	0	1	0.0
1945	Pritha garfieldi	2	0	1	0.0
1946	Prochoreutis pseudostellaris	6	0	2	0.0
1947	Prochoreutis sehestediana	13	0	11	0.0
1948	Prodryas persephone	10	0	2	1.0
1949	Prohamitermes	3	0	1	0.0
1950	Prokoenenia	4	0	1	0.0
1951	Prokoeneniidae	3	0	1	0.0
1952	Proleptothorax primitivus	2	0	1	0.0
1953	Prostigmata	23	0	3	1.0
1954	Psectra diptera	3	0	2	0.0
1955	Psephenidae	3	0	1	0.0
1956	Pseudeumecops	2	0	1	0.0
1957	Pseudisomerus	2	0	1	0.0
1958	Pseudochazara cingovskii	2	0	1	0.0
1959	Pseudocleonus	10	0	2	1.0
1960	Pseudopostega	2	0	1	0.0
1961	Pseudopulex	1	0	1	0.0
1962	Pseudoyersinia	7	0	1	1.0
1963	Pseudoyersinia betancuriae	6	0	3	0.0
1964	Pseudoyersinia brevipennis	5	0	2	0.0
1965	Pseudoyersinia canariensis	4	0	1	0.0
1966	Pseudoyersinia lagrecai	3	0	1	0.0
1967	Pseudoyersinia paui	4	0	2	0.0
1968	Pseudoyersinia pilipes	6	0	2	0.0
1969	Pseudoyersinia subaptera	6	0	1	0.5
1970	Pseudoyersinia teydeana	4	0	1	0.0
1971	Psychodomorpha	5	0	2	0.0
1972	Psychopsidae	5	0	1	0.0
1973	Psyllobora	7	0	2	0.0
1974	Pterocroce capillaris	2	0	1	0.0
1975	Pteromalidae	8	0	2	0.5
1976	Pterostichinae	3	0	1	0.0
1977	Pterostichus alexeji	3	0	1	0.0
1978	Pterostichus burkhan	2	0	1	0.0
1979	Pterostichus rodionovi	2	0	1	0.0
1980	Ptilodon	2	0	1	0.0
1981	Ptilodoninae	3	0	1	0.0
1982	Ptilophora	3	0	1	0.0
1983	Ptiloscola	2	0	1	0.0
1984	Puer maculatus	2	0	1	0.0
1985	Pycnodactylopsis	2	0	1	0.0
1986	Pygaerinae	2	0	1	0.0
1987	Rachesa	2	0	1	0.0
1988	Reclinervellus nielseni	4	0	1	0.0
1989	Rhabdorrhynchus	6	0	1	0.5
1990	Rhinocyllus	9	0	2	1.0
1991	Rhinocyllus conicus	9	0	2	1.0
1992	Rhizoglyphus robini	2	0	1	0.0
1993	Rhopalocera	87	0	9	3.0
1994	Rhopalosomatidae	4	0	1	0.0
1995	Rhynchophorus	9	0	2	0.0
1996	Rhynchophorus ferrugineus	14	0	3	1.0
1997	Ricinoides	3	0	1	0.0
1998	Ricinoides feae	2	0	1	0.0
1999	Ricinoides hanseni	2	0	1	0.0
2000	Ricinoides karschii	2	0	1	0.0
2001	Ricinoides leonensis	2	0	1	0.0
2002	Ricinoides megahanseni	2	0	1	0.0
2003	Ricinoides olounoua	3	0	1	0.0
2004	Ricinoides sjostedtii	2	0	1	0.0
2005	Ricinoididae	3	0	1	0.0
2006	Rivetina	3	0	1	0.0
2007	Rivetinini	3	0	1	0.0
2008	Rophalis relicta	1	0	1	0.0
2009	Rovnoholoneurus	2	0	1	0.0
2010	Sabatinca	2	0	1	0.0
2011	Sahastata sinuspersica	2	0	1	0.0
2012	Samia	4	0	1	0.0
2013	Saturnia pinratanai	2	0	1	0.0
2014	Saturniini	3	0	1	0.0
2015	Satyrus virbius	3	0	1	0.0
2016	Saurophthirus	2	0	1	0.0
2017	Saurophthirus longipes	1	0	1	0.0
2018	Scaphomorphus	7	0	1	0.5
2019	Scarabaeinae	4	0	2	0.0
2020	Scarabaeus fraterculus	4	0	1	0.0
2021	Schausiella	4	0	1	0.0
2022	Schizophora	6	0	1	0.0
2023	Sciaroidea	4	0	1	0.0
2024	Scymninae	9	0	3	0.0
2025	Selandriinae	4	0	1	0.0
2026	Sepsidae	5	0	1	0.0
2027	Sericomyrmex	2	0	1	0.0
2028	Sericomyrmex radioheadi	7	0	2	0.0
2029	Sicarius hahni	36	0	4	1.0
2030	Sipalinus gigas	10	0	3	0.0
2031	Sitophilus	7	0	2	0.0
2032	Smerinthini	9	0	7	0.0
2033	Speyeria	18	0	18	0.0
2034	Speyeria clara	18	0	14	4.0
2035	Sphaerites	4	0	1	0.0
2036	Sphecomyrminae	9	0	3	0.0
2037	Sphingonotini	2	0	1	0.0
2038	Sphingulini	11	0	8	1.5
2039	Sphodromantis	7	0	3	0.0
2040	Sphodromantis viridis	5	0	1	0.0
2041	Stalagtia skadarensis	2	0	1	0.0
2042	Steatoda grossa	13	0	3	1.0
2043	Stenurella sennii	4	0	2	0.0
2044	Stephanocleonus	6	0	1	0.0
2045	Stephanoidea	5	0	1	0.0
2046	Sterrhinae	2	0	1	0.0
2047	Stethophyma grossum	17	0	3	1.0
2048	Stilbum cyanurum	3	0	1	0.0
2049	Streblote	2	0	1	0.0
2050	Streblote fainae	2	0	1	0.0
2051	Streblote finitorum	2	0	1	0.0
2052	Stromboscerinae	3	0	1	0.0
2053	Stromboscerus	3	0	1	0.0
2054	Sublarinus	4	0	2	0.0
2055	Supraserphites draculi	1	0	1	0.0
2056	Surchania	3	0	1	0.0
2057	Symphypleona	2	0	1	0.0
2058	Syndesinae	2	0	1	0.0
2059	Syntomini	6	0	1	1.0
2060	Syssphinx	4	0	2	0.0
2061	Tabaninae	2	0	1	0.0
2062	Taeniopterygidae	5	0	1	0.0
2063	Taeniopteryx	3	0	1	0.0
2064	Taeniopteryx lita	3	0	1	0.0
2065	Taeniopteryx lonicera	2	0	1	0.0
2066	Taeniopteryx maura	3	0	1	0.0
2067	Taeniopteryx mercuryi	2	0	1	0.0
2068	Taeniopteryx metequi	2	0	1	0.0
2069	Taeniopteryx nebulosa	3	0	1	0.0
2070	Tanymecus	2	0	1	0.0
2071	Taurodemus	2	0	1	0.0
2072	Temnorhinus	9	0	1	1.0
2073	Temnothorax nylanderi	2	0	1	0.0
2074	Tenthredininae	4	0	2	0.0
2075	Tenthredinoidea	12	0	4	1.0
2076	Terminasiania	2	0	1	0.0
2077	Terpsicroton alticeps	2	0	1	0.0
2078	Tetragnatha	15	0	3	1.0
2079	Tetragonothorax	2	0	1	0.0
2080	Teyia branislav	2	0	1	0.0
2081	Thermesiini	2	0	1	0.0
2082	Thomisinae	7	0	1	1.0
2083	Thomisoidea	2	0	1	0.0
2084	Thysania	6	0	2	0.0
2085	Tibiceninae	3	0	1	0.0
2086	Tilloidea	2	0	1	0.0
2087	Timarcha lugens	4	0	1	0.0
2088	Timema cristinae	2	0	1	0.0
2089	Timogenes elegans	3	0	1	0.0
2090	Tineoidea	12	0	2	1.0
2091	Tortricinae	2	0	1	0.0
2092	Trachydemus	3	0	1	0.5
2093	Triatoma sanguisuga	18	0	3	1.0
2094	Trichocleonus	7	0	2	0.0
2095	Trichopria	2	0	1	0.0
2096	Trichotocleonus	5	0	2	0.0
2097	Trigonopterus yoda	1	0	1	0.0
2098	Trigonotarbida	19	0	3	1.0
2099	Trjapitzion cylindrocerus	1	0	1	0.0
2100	Trychopeplus laciniatus	2	0	1	0.0
2101	Tylogonus (павуки)	7	0	3	0.0
2102	Ulomoides dermestoides	14	0	3	1.0
2103	Umma gumma	4	0	1	0.0
2104	Uraraneida	16	0	2	1.0
2105	Uroballus carlei	2	0	1	0.0
2106	Verophasmatodea	5	0	2	0.0
2107	Vespa basalis	10	0	2	1.0
2108	Vestalis amethystina	3	0	1	0.0
2109	Wasmanniella	2	0	1	0.0
2110	Whiteheadia	1	0	1	0.0
2111	Xanthochelus	2	0	1	0.0
2112	Xanthopan morganii	11	0	5	0.5
2113	Xanthorhoe	2	0	1	0.0
2114	Xanthorhoe fluctuata	4	0	1	0.0
2115	Xanthorhoe heliopharia	2	0	1	0.0
2116	Xanthorhoini	2	0	1	0.0
2117	Xenomacrus	2	0	1	0.0
2118	Xenomorphia	9	0	3	0.5
2119	Xenomorphia handschini	3	0	1	0.0
2120	Xenomorphia resurrecta	1	0	1	0.0
2121	Xyleborini	2	0	1	0.0
2122	Xylodromus affinis	2	0	1	0.0
2123	Yponomeutoidea	10	0	2	0.5
2124	Zerynthia	5	0	2	0.0
2125	Zhangsolvidae	4	0	1	0.0
2126	Zygaena carniolica	4	0	1	0.0
