1	*-алгебра	8	0	2	0.0
2	0 (число)	760	12	46	24.0
3	0,(9)	63	0	6	2.0
4	1 (число)	251	2	25	7.0
5	2 (число)	229	1	21	6.5
6	3-сфера	11	0	1	1.0
7	4-вектор	50	0	5	1.0
8	6 (число)	260	2	15	9.0
9	Абак (рахівниця)	631	3	53	16.0
10	Абелева група	179	1	17	5.0
11	Абсолютна похибка вимірювання	4017	32	264	108.5
12	Абстрактна алгебра	143	1	15	4.0
13	Абстракція	2175	30	116	67.5
14	Азартна гра (теорія ігор)	7	0	1	0.0
15	Аксіома	2470	26	142	68.5
16	Аксіома вибору	96	1	11	3.0
17	Аксіома паралельності Евкліда	240	1	19	6.0
18	Аксіоматика Гільберта	103	0	10	3.0
19	Аксіоми Пеано	93	0	13	2.0
20	Актуарій	245	1	25	5.5
21	Актуарна математика	152	0	14	4.0
22	Алан Тюрінг	1886	23	322	42.0
23	Алгебра	1032	3	78	27.5
24	Алгебра Кліфорда	7	0	2	0.0
25	Алгебра Лі	47	0	4	1.0
26	Алгебра логіки	1013	4	70	31.0
27	Алгебраїчне числове поле	17	0	3	0.0
28	Алгебраїчні числа	89	0	7	3.0
29	Алгебрична геометрія	62	0	9	1.5
30	Алгебрична топологія	17	0	3	0.5
31	Алгебричний многовид	16	0	3	0.0
32	Алгебрично замкнуте поле	29	0	6	1.0
33	Алгоритм	4365	49	308	135.5
34	Алгоритм Евкліда	1140	18	52	34.5
35	Алгоритм імітації відпалу	123	0	20	2.0
36	Александр Гротендік	27	0	3	1.0
37	Аль-Хорезмі	241	1	21	6.0
38	Альберт Ейнштейн	8191	99	584	200.0
39	Альфред Грей	7	0	2	0.0
40	Альфред Тарський	42	0	6	1.0
41	Американське математичне товариство	32	0	6	1.0
42	Аналітична геометрія	401	2	25	13.0
43	Аналітична теорія чисел	29	0	4	1.0
44	Аналітична функція	215	0	16	6.0
45	Аналогова обчислювальна машина	191	0	17	5.5
46	Андре Вейль	15	0	3	1.0
47	Анрі Леон Лебег	21	0	3	0.0
48	Анрі Пуанкаре	228	1	13	7.5
49	Антіфонт	14	0	3	0.0
50	Аполлоній Перзький	82	0	7	3.0
51	Апостеріорна ймовірність	112	0	10	3.0
52	Арифметика	388	2	29	11.0
53	Арифметична функція	65	0	14	2.0
54	Арістотель	13085	110	980	324.5
55	Арність	66	0	6	2.0
56	Арнольд Володимир Ігорович	40	0	4	1.0
57	Артур Кейлі	46	0	4	1.0
58	Архімед	4419	22	457	94.0
59	Асимптота	392	3	38	11.0
60	Асоціативність	472	5	33	14.0
61	Атлас (математика)	11	0	2	0.5
62	Атле Сельберг	4	0	2	0.0
63	Атрактор	271	1	19	8.0
64	Аттична система числення	22	0	4	1.0
65	Афінна геометрія	53	0	8	1.0
66	Багатократний інтеграл	91	0	11	3.0
67	Багатокритеріальна оптимізація	141	0	13	4.0
68	Баєсів інформаційний критерій	18	0	4	0.0
69	Баєсова ймовірність	82	0	9	3.0
70	Баєсова лінійна регресія	39	0	6	1.0
71	Баєсова мережа	141	1	14	4.0
72	Баєсова оцінка	47	0	5	1.5
73	Баєсове виведення	62	0	7	2.0
74	Банахів простір	105	1	14	3.0
75	Банахова алгебра	16	0	4	1.0
76	Басейн притягання	7	0	2	0.0
77	Безвиграшна ситуація	27	0	4	1.0
78	Безкоаліційна гра	20	0	7	1.0
79	Безмасштабна мережа	14	0	2	0.0
80	Бенуа Мандельброт	127	1	12	3.0
81	Бернгард Ріман	87	0	7	3.0
82	Бертран Расселл	504	6	36	13.5
83	Бета-функція	74	0	8	2.0
84	Бієкція	558	3	36	16.5
85	Білінійне відображення	20	0	4	0.5
86	Бінарна класифікація	60	0	8	2.0
87	Бінарна операція	384	0	29	11.5
88	Біном Ньютона	1082	13	77	29.5
89	Біноміальний коефіцієнт	336	1	21	10.0
90	Біноміальний розподіл	464	3	37	13.0
91	Блез Паскаль	1400	15	81	38.0
92	Броунівське дерево	22	0	4	1.0
93	Броунівський рух	1730	17	123	45.0
94	Булеан	544	4	42	14.5
95	Булева алгебра (структура)	240	1	19	6.0
96	Булева функція	887	9	59	24.5
97	Буняковський Віктор Якович	71	0	7	2.0
98	Варіаційне числення	80	0	9	2.0
99	Вейвлет	92	0	5	3.0
100	Вектор (математика)	1262	9	72	41.0
101	Векторне поле	149	0	11	4.0
102	Векторне числення	48	0	7	2.0
103	Векторний простір	402	3	31	10.0
104	Велика теорема Ферма	791	11	46	22.5
105	Верхня і нижня границі	354	4	26	10.0
106	Взаємна інформація	100	0	13	3.0
107	Взаємно прості числа	1246	14	70	40.5
108	Вибірка	2348	21	172	75.5
109	Визначник	1903	20	91	61.0
110	Виключна диз'юнкція	880	11	52	28.5
111	Вимірна функція	60	0	5	1.5
112	Випадкова величина	782	5	65	20.5
113	Випадкова подія	376	3	27	10.5
114	Випадкове блукання	58	0	5	2.0
115	Випадковий процес	347	2	30	9.5
116	Випадковий процес з довгою пам'яттю	5	0	2	0.0
117	Випадкові числа	58	0	11	1.5
118	Вироджений розподіл	48	0	5	2.0
119	Висковатов Василь Іванович	2	0	1	0.0
120	Висота (величина)	7	0	2	0.0
121	Від'ємне число	467	0	33	14.5
122	Відкрита множина	188	0	20	5.0
123	Відкриті математичні питання	276	2	24	7.0
124	Віднімання	1269	8	91	39.0
125	Відношення	623	4	35	19.0
126	Відношення еквівалентності	1006	6	67	28.0
127	Відношення порядку	898	9	72	24.0
128	Відособлений розподіл	32	0	5	1.0
129	Відсоток	1186	12	74	40.0
130	Відстань	2491	16	154	69.5
131	Вільна група	9	0	2	0.0
132	Вільний параметр	2	0	1	0.0
133	Вільні і зв'язані змінні	30	0	7	1.0
134	Вільям Ровен Гамільтон	72	0	6	2.0
135	Вільям Терстон	10	0	2	0.0
136	Вісімкова система числення	532	2	62	12.5
137	Вісь	427	4	37	12.0
138	Вкладення Сегре	1	0	1	0.0
139	Власні вектори та власні числа	740	7	47	23.5
140	Внутрішня точка	55	0	5	2.0
141	Гамма-розподіл	116	1	17	3.0
142	Гамма-функція	339	2	24	10.5
143	Гармонічна функція	71	0	7	2.0
144	Гармонічний аналіз	39	0	8	1.0
145	Гаусові числа	98	0	10	2.0
146	Гельфанд Ізраїль Мойсейович	65	0	12	2.0
147	Генератор псевдовипадкових чисел	284	4	20	8.0
148	Генератриса	122	0	9	4.0
149	Генерація випадкових чисел	204	0	25	5.0
150	Геодезична лінія	146	0	12	4.0
151	Геометрична прогресія	1231	15	64	36.5
152	Геометричний броунівський рух	14	0	2	1.0
153	Геометрія	1438	16	85	38.0
154	Геометрія Лобачевського	358	3	39	10.0
155	Георг Кантор	67	0	7	1.5
156	Герман Вейль	40	0	4	1.0
157	Гідроаеромеханіка	129	1	15	3.0
158	Гідромеханіка	88	0	9	3.0
159	Гійом де Лопіталь	24	0	4	1.0
160	Гільбертів простір	157	0	14	5.0
161	Гіпербола (математика)	1115	15	59	35.5
162	Гіпергеометричний розподіл	88	0	9	2.0
163	Гіперграф	16	0	2	1.0
164	Гіперповерхня	28	0	3	1.0
165	Гіпотеза Гольдбаха	71	0	7	2.0
166	Гіпотеза Пуанкаре	601	10	35	18.0
167	Гіпотеза Рімана	702	3	276	9.5
168	Гістограма	676	3	53	20.0
169	Голоморфна функція	147	1	13	4.0
170	Гомеоморфізм	36	0	4	1.0
171	Гомологічна алгебра	9	0	2	0.0
172	Гомоморфізм	218	1	21	5.0
173	Гомоморфізм груп	79	0	8	2.5
174	Гомоморфне шифрування	17	0	3	0.0
175	Гомотопія	29	0	3	1.0
176	Готлоб Фреге	94	0	10	2.0
177	Готфрід Вільгельм Ляйбніц	1555	13	94	46.5
178	Гра без побічних платежів	4	0	1	0.0
179	Градієнтний спуск	312	3	24	9.0
180	Градієнтні методи	71	0	7	2.0
181	Границя	758	8	47	23.5
182	Границя функції в точці	1036	6	81	27.5
183	Границя числової послідовності	934	6	56	30.5
184	Граф (математика)	1162	7	83	35.5
185	Група (математика)	285	0	20	7.0
186	Група Галуа	10	0	3	0.0
187	Група Лі	45	0	5	1.0
188	Густина імовірності	523	1	34	15.0
189	Ґратка (порядок)	129	1	13	3.0
190	Давид Гільберт	256	1	23	7.0
191	Дванадцяткова система числення	56	0	7	1.5
192	Девід Мамфорд	10	0	3	0.0
193	Декартів добуток множин	1717	16	100	54.0
194	Декартова система координат	1471	20	70	48.5
195	Дельта-метод	24	0	4	1.0
196	Дельта-функція Дірака	258	1	20	8.0
197	Дерево (теорія графів)	494	2	39	15.0
198	Джеймс Клерк Максвелл	897	5	65	23.5
199	Джон Конвей	23	0	3	1.0
200	Джон Мілнор	14	0	2	0.5
201	Джон фон Нейман	1176	9	73	33.5
202	Джон Форбс Неш	837	14	42	24.0
203	Джордж Буль	145	0	14	4.0
204	Джуліо Асколі	10	0	2	1.0
205	Дзета-функція Рімана	210	1	29	5.5
206	Диз'юнкт Горна	28	0	4	1.0
207	Динамічна гра	11	0	3	0.0
208	Динамічна система	302	2	23	8.5
209	Дискретна група	4	0	2	0.0
210	Дискретна математика	920	13	50	27.5
211	Дискретний логарифм	60	0	7	2.0
212	Дискримінант	615	7	30	20.5
213	Дисперсійний аналіз	497	4	32	15.5
214	Дисперсія випадкової величини	2422	24	139	82.0
215	Дистрибутивність	434	4	40	10.5
216	Дифеоморфізм	23	0	3	1.0
217	Диференціальна геометрія	86	0	6	2.0
218	Диференціальне рівняння з частинними похідними	214	2	18	6.0
219	Диференціальне та інтегральне числення	190	1	17	5.0
220	Диференціальне числення	226	2	18	6.5
221	Диференціальні рівняння	1505	14	95	42.0
222	Диференційовний многовид	33	0	6	1.0
223	Дійсне число	4064	66	200	134.0
224	Дійснозначна функція	13	0	3	0.0
225	Ділення	1108	11	53	36.5
226	Діофантові рівняння	335	1	19	11.0
227	Дія (фізика)	60	0	4	2.0
228	Добуток	5049	60	358	138.0
229	Довга арифметика	80	0	11	2.0
230	Доведення	277	2	22	9.0
231	Доведення з нульовим розголошенням	15	0	10	0.5
232	Довжина	2547	19	155	77.0
233	Довжина кривої	62	0	7	1.5
234	Довірчий інтервал	1101	5	64	33.0
235	Додавання	1120	15	63	35.5
236	Дональд Кнут	258	1	96	3.5
237	Допустимий розв'язок	29	0	4	1.0
238	Досконале число	333	3	24	9.5
239	Дослідження операцій	383	2	26	11.0
240	Дотична	349	5	20	10.5
241	Дотичний простір	38	0	5	1.0
242	Дріб	3847	34	233	116.5
243	Дрінфельд Володимир Гершонович	34	0	5	1.0
244	Друга похідна	188	1	17	6.0
245	Еварист Галуа	166	0	28	4.5
246	Евклід	780	7	74	21.0
247	Евклідів простір	299	2	21	8.0
248	Евклідова геометрія	479	2	34	16.0
249	Едвард Віттен	34	0	6	1.0
250	Експоненційний розподіл	544	3	46	15.0
251	Ексцентриситет	832	4	51	25.0
252	Елементарна математика	59	0	10	1.0
253	Елі Жозеф Картан	9	0	2	0.0
254	Еліпс	1747	14	109	60.0
255	Еліптична крива	100	0	13	2.0
256	Еліптична криптографія	141	0	12	4.0
257	Еліптична функція	14	0	3	1.0
258	Еммі Нетер	477	0	59	11.5
259	Емпірична функція розподілу	301	1	29	8.0
260	Ентропійна швидкість	22	0	3	1.0
261	Ентропія	4496	54	230	129.5
262	Ератосфен	1086	8	115	29.5
263	Ергодичний розподіл	16	0	3	1.0
264	Ермітова форма	10	0	1	0.0
265	Ефект метелика (математика)	767	12	39	23.0
266	Жак Соломон Адамар	21	0	3	1.0
267	Жан-П'єр Серр	12	0	2	0.0
268	Житомирська Світлана Яківна	13	0	3	0.0
269	Життя (гра)	310	3	19	9.5
270	Жозеф-Луї Лагранж	118	0	10	3.5
271	Жорданова нормальна форма	52	0	6	1.0
272	Загальна лінійна група	9	0	2	0.0
273	Загальна теорія відносності	993	10	66	29.5
274	Загальна топологія	20	0	3	1.0
275	Задання групи	13	0	2	0.5
276	Задача безумовної оптимізації	43	0	13	1.0
277	Задача дробово-лінійного програмування	24	0	6	1.0
278	Задача математичного програмування	24	0	4	1.0
279	Задача оптимізації	646	3	61	16.0
280	Задача опуклого програмування	24	0	4	1.0
281	Задача про пакування в ємності	50	0	10	2.0
282	Задача розв'язності	27	0	5	1.0
283	Задача умовної оптимізації	19	0	4	1.0
284	Закон великих чисел	339	2	20	10.5
285	Закон виключеного третього	544	4	43	14.5
286	Закони Кеплера	6950	34	778	156.0
287	Закони Ланчестера	16	0	2	1.0
288	Закони Ньютона	20879	117	1490	591.5
289	Замикання (математика)	88	0	9	2.0
290	Заперечення	526	3	53	15.0
291	Зв'язність (диференціальна геометрія)	9	0	4	0.0
292	Звичайні диференціальні рівняння	173	1	12	5.0
293	Згортка (математичний аналіз)	241	1	22	6.5
294	Зірочка Кліні	23	0	3	1.0
295	Зліченна множина	313	1	24	9.0
296	Знак рівності	644	5	37	19.5
297	Зовнішня алгебра	20	0	3	1.0
298	Зовнішня похідна	11	0	2	0.0
299	Золота спіраль	181	0	12	5.0
300	Золотий перетин	2869	48	161	85.5
301	Ізометрія (математика)	59	0	5	2.0
302	Ізоморфізм	316	2	30	7.5
303	Ізоморфізм груп	73	0	10	2.0
304	Імовірнісна логіка	13	0	3	0.0
305	Імовірність	1463	12	218	37.0
306	Імпульс (механіка)	2741	24	160	86.5
307	Індекс контура відносно точки	10	0	1	0.0
308	Індо-арабська система числення	382	2	23	11.0
309	Інтеграл	1886	21	89	61.5
310	Інтеграл Лебега	81	0	6	2.0
311	Інтегральна теорема Коші	103	0	10	3.0
312	Інтегральна формула Коші	85	0	10	2.0
313	Інтегральне правило Лейбніца	13	0	4	0.0
314	Інтегральне рівняння	46	0	4	1.0
315	Інтервал (математика)	283	2	21	9.0
316	Інтерполяція	1181	15	68	32.5
317	Інформаційна ентропія	961	8	68	27.0
318	Інформаційний критерій Акаіке	40	0	4	1.0
319	Інформація	10258	91	532	327.5
320	Ірвінг Рід	13	0	4	1.0
321	Ірраціональні числа	1403	21	74	42.0
322	Ісаак Ньютон	5420	49	401	145.0
323	Історія геометрії	309	0	29	7.5
324	Історія математики	1002	7	60	30.5
325	Історія математичних позначень	182	0	37	4.5
326	Істотний многовид	1	0	1	0.0
327	Ймовірнісний простір	116	0	10	3.0
328	Йоганн Кеплер	1242	12	71	39.0
329	Калібрувальна інваріантність	75	0	5	2.0
330	Канонічна кореляція	33	0	10	1.0
331	Карл Вейєрштрасс	60	0	5	2.0
332	Карл Фрідріх Гаусс	520	3	42	14.5
333	Категорійна змінна	100	0	8	3.0
334	Категорійний розподіл	28	0	4	1.0
335	Квадрат	2295	20	141	67.5
336	Квадратична форма	149	2	21	4.0
337	Квадратичний закон взаємності	26	0	6	1.0
338	Квадратне рівняння	2207	27	106	72.0
339	Квадратний корінь	1705	25	77	55.5
340	Квантова електродинаміка	172	0	16	5.0
341	Квантова криптографія	139	0	12	4.0
342	Квантова логіка	32	0	5	1.0
343	Квантова механіка	1232	15	65	39.5
344	Квантова хромодинаміка	72	0	10	2.0
345	Квартет Анскомбе	16	0	3	0.5
346	Китайська теорема про остачі	119	0	14	3.0
347	Кільце (алгебра)	276	2	16	8.5
348	Кільце многочленів	15	0	2	0.0
349	Кільцевий підпис	14	0	3	1.0
350	Кінематика	3756	23	280	119.5
351	Кінетична енергія	4815	36	295	148.5
352	Клавдій Птолемей	1483	16	86	43.0
353	Клас еквівалентності	435	2	36	12.0
354	Клас складності NP	107	0	9	3.0
355	Клас складності P	124	0	13	3.5
356	Клас складності PSPACE	8	0	4	0.0
357	Класична механіка	1440	6	82	46.0
358	Кластеризація методом к–середніх	423	3	33	12.0
359	Коваріація	445	1	28	13.0
360	Коефіцієнт Баєса	20	0	3	1.0
361	Коефіцієнт Жаккара	148	0	15	4.0
362	Колмогоров Андрій Миколайович	115	0	8	3.0
363	Коло	1874	24	108	55.0
364	Комбінаторика	998	8	59	29.0
365	Комбінаторна оптимізація	36	0	7	1.0
366	Комбінація (комбінаторика)	655	4	40	20.5
367	Компактний простір	147	0	13	3.5
368	Комплексна площина	111	0	8	3.0
369	Комплексне число	1855	34	93	55.5
370	Комплексний аналіз	254	2	20	8.0
371	Композиція функцій	228	1	24	6.0
372	Компонента зв'язності графа	164	0	18	4.0
373	Комутативна алгебра	7	0	1	0.0
374	Комутативне кільце	44	0	7	1.0
375	Комутативність	517	5	35	15.0
376	Кон'юнкція	1095	8	70	32.5
377	Конкатенація	256	2	17	8.0
378	Континуум-гіпотеза	66	0	7	2.0
379	Контрапозиція	52	0	8	1.0
380	Кооперативна гра (теорія ігор)	74	0	15	1.5
381	Кореляція і залежність	1721	24	85	53.0
382	Кортеж (інформатика)	271	2	20	7.5
383	Крайова задача	64	0	9	2.0
384	Крива	202	1	15	6.0
385	Кривина (математика)	97	0	8	3.0
386	Криві другого порядку	705	3	59	20.5
387	Криза основ математики	37	0	4	1.0
388	Криптоаналіз	407	3	32	10.5
389	Криптографічна геш-функція	192	2	12	5.5
390	Криптографічно стійкий генератор псевдовипадкових чисел	72	0	12	2.0
391	Криптографія	1996	18	106	58.0
392	Критерій Фішера	830	3	58	25.5
393	Критична точка (математика)	144	0	11	3.5
394	Куб	2051	14	133	58.5
395	Куля (геометрія)	13	0	3	0.0
396	Курт Гедель	109	0	11	3.0
397	Кут	2845	32	174	93.5
398	Кутова швидкість	12881	42	1037	339.5
399	Кутовий коефіцієнт	1281	17	68	38.0
400	Лагранжіан	79	0	6	2.0
401	Лазар Карно	53	0	5	1.0
402	Ланцюги Маркова	222	0	18	6.0
403	Ланцюги Маркова з неперервним часом	12	0	4	1.0
404	Ланцюговий дріб	115	0	10	3.0
405	Лейтзен Егберт Ян Брауер	13	0	2	0.0
406	Лексель Андрій Іванович	8	0	1	0.0
407	Лема Гронуолла — Беллмана	7	0	2	1.0
408	Лема Цорна	19	0	3	1.0
409	Леонард Ейлер	462	4	28	15.0
410	Лінійна алгебра	371	2	41	9.0
411	Лінійна комбінація	306	2	26	9.0
412	Лінійна регресія	1076	15	58	33.5
413	Лінійна функція	630	5	36	18.0
414	Лінійне відображення	138	0	11	4.0
415	Лінійне програмування	823	3	72	24.0
416	Лінійне рівняння	843	6	57	23.5
417	Лінія	326	1	30	8.0
418	Логарифм	3148	41	179	103.5
419	Логарифмічно угнута функція	21	0	3	1.0
420	Логіка	3917	39	198	122.0
421	Логіка в інформатиці	137	0	9	4.0
422	Логіка другого порядку	33	0	6	1.0
423	Логіка першого порядку	251	1	21	7.0
424	Логічний сполучник	339	0	28	10.5
425	Любич Михайло Юрійович	2	0	1	0.0
426	Ляпунов Олександр Михайлович	84	0	9	2.0
427	Майже періодична функція	19	0	3	1.0
428	Майкл Атія	39	0	5	1.0
429	Максимальний ідеал	13	0	2	1.0
430	Маргуліс Григорій Олександрович	13	0	2	1.0
431	Марковська властивість	24	0	4	1.0
432	Марковська модель	72	0	15	2.0
433	Марковський момент часу	6	0	1	0.0
434	Марковський процес	109	0	14	2.5
435	Марковський процес вирішування	36	0	5	1.0
436	Мартингал	24	0	3	1.0
437	Математик	380	3	29	11.0
438	Математика	3128	46	175	97.5
439	Математична індукція	789	9	54	23.5
440	Математична константа	138	1	9	4.0
441	Математична логіка	559	6	31	16.5
442	Математична статистика	517	3	30	15.0
443	Математична фізика	155	0	11	4.0
444	Математичне моделювання	721	5	52	20.5
445	Математичне сподівання	1831	14	109	61.5
446	Математичний аналіз	669	7	51	19.5
447	Матриця (математика)	2952	47	134	96.5
448	Матриця суміжності	653	2	48	17.0
449	Машина Тюрінга	644	6	47	19.0
450	Медаль Філдса	97	0	7	3.0
451	Медіана (статистика)	2089	26	154	56.5
452	Мероморфна функція	44	0	7	1.0
453	Метаматематика	21	0	3	1.0
454	Метамова	243	2	23	6.0
455	Метод Гауса	1854	20	99	54.5
456	Метод Гауса — Жордана	399	2	24	11.5
457	Метод головних компонент	331	2	30	9.5
458	Метод групового урахування аргументів	81	0	13	2.0
459	Метод максимальної правдоподібності	152	1	14	5.0
460	Метод матриць переходу	13	0	3	1.0
461	Метод Монте-Карло	551	6	37	16.5
462	Метод невизначених множників	111	0	13	3.0
463	Метод Ньютона	550	4	39	17.5
464	Метод скінченних різниць	161	0	13	3.5
465	Метричний простір	219	1	26	5.0
466	Метричний тензор	57	0	8	2.0
467	Механіка Гамільтона	70	0	6	2.0
468	Мимобіжні прямі	1920	13	108	54.0
469	Міжнародна математична олімпіада	140	0	12	4.0
470	Мінімальна довжина повідомлення	8	0	2	0.0
471	Мінімізація булевих функцій за допомоги дужкових форм	60	0	6	2.0
472	Міра множини	114	0	9	3.0
473	Міра Хаара	9	0	2	0.0
474	Мішаний добуток	547	2	34	17.0
475	Многовид	110	1	7	3.0
476	Многогранник	708	1	48	17.5
477	Многокутник	1235	10	129	34.5
478	Многочлен	1056	11	52	33.5
479	Множення	996	9	73	27.5
480	Множина	3921	49	243	121.5
481	Мода (статистика)	1477	15	92	50.0
482	Модель Барабаші — Альберт	18	0	3	1.0
483	Модель Блека — Шоулза	70	0	11	1.5
484	Модуль (математика)	1364	25	80	38.5
485	Модуль над кільцем	46	0	4	1.0
486	Модульна арифметика	373	3	24	12.0
487	Модулярна форма	35	0	7	1.0
488	Мультиіндекс	8	0	2	0.0
489	Мультимножина	48	0	8	1.0
490	Найбільше відоме просте число	412	4	29	11.0
491	Найбільший спільний дільник	916	10	53	27.0
492	Найменше спільне кратне	1192	15	77	36.5
493	Накриття (топологія)	13	0	2	1.0
494	Напівмартингал	5	0	1	0.0
495	Нат (одиниця вимірювання)	33	0	4	1.0
496	Натуральні числа	7098	85	428	229.5
497	Начала Евкліда	228	1	21	6.0
498	Нго Бао Чау	11	0	2	1.0
499	Невластивий інтеграл	6	0	2	0.5
500	Недетермінований скінченний автомат	31	0	3	1.0
501	Неевклідова геометрія	154	1	14	4.5
502	Незалежність (теорія ймовірностей)	214	1	19	6.0
503	Незвідний многочлен	62	0	6	2.0
504	Неімплікація	43	0	4	1.0
505	Нелінійні диференціальні рівняння	21	0	2	1.0
506	Неперервна справа функція з лівосторонніми границями	38	0	5	1.0
507	Неперервна функція	1021	9	70	26.5
508	Нерівність	1555	10	93	51.5
509	Нерівність Коші — Буняковського	669	8	37	20.0
510	Нерівність трикутника	212	1	14	6.0
511	Нерівність Чебишова	174	0	21	3.5
512	Нескінченність	609	12	32	19.5
513	Нечітка множина	280	0	38	7.0
514	Ніколя Бурбакі	46	0	8	2.0
515	Нільпотентна група	1	0	1	0.0
516	Нім (гра)	72	0	17	1.0
517	Норма (математика)	184	1	13	5.0
518	Норма (теорія полів)	5	0	1	0.0
519	Нормальна підгрупа	56	0	6	1.5
520	Нормальний розподіл	2194	8	120	70.5
521	Обернена функція	943	11	56	28.5
522	Обернені тригонометричні функції	949	12	53	28.5
523	Область визначення	2556	26	153	80.5
524	Область значень	879	10	55	26.5
525	Область цілісності	27	0	5	1.0
526	Обчислювальна математика	129	0	11	3.5
527	Обчислювана функція	41	0	6	1.0
528	Оґюстен-Луї Коші	184	2	14	5.0
529	Одностороння функція	47	0	5	1.0
530	Окіл	272	2	21	9.0
531	Омар Хайям	1287	17	70	40.5
532	Оператор Лапласа	251	1	17	8.0
533	Оптимізація (математика)	493	2	39	14.0
534	Оптимум Парето	536	1	62	14.5
535	Опукла комбінація	19	0	2	1.0
536	Опукла множина	79	0	8	2.0
537	Опукла функція	144	2	11	4.5
538	Ортогональна матриця	180	1	16	5.0
539	Ортогональність	369	2	25	11.5
540	Ортонормований базис	157	0	11	5.0
541	Оскар Зарицький	10	0	3	1.0
542	Основна теорема алгебри	148	0	14	4.0
543	Основна теорема арифметики	207	2	16	5.5
544	Оцінка апостеріорного максимуму	24	0	3	1.0
545	Оцінка густини	41	0	4	1.0
546	П'єр Рене Делінь	11	0	2	0.0
547	П'єр Ферма	205	1	31	6.0
548	П'єр-Симон Лаплас	142	0	12	4.0
549	П'ятикомірник	19	0	3	1.0
550	Пал Ердеш	63	0	9	1.0
551	Парабола	1116	10	67	32.5
552	Парадокс Банаха — Тарського	97	0	9	3.0
553	Парадокс Расселла	233	1	19	7.0
554	Паралельність	872	9	57	25.5
555	Параметр	364	4	29	11.0
556	Переважне приєднання	14	0	3	1.0
557	Перевірка відношенням правдоподібностей	25	0	3	1.0
558	Перевірка статистичних гіпотез	341	2	22	10.0
559	Перельман Григорій Якович	639	9	34	20.0
560	Перестановка	389	4	25	12.0
561	Перетворення Гільберта	27	0	3	1.0
562	Перетворення Лапласа	314	1	28	10.0
563	Перетворення Фур'є	650	4	39	20.0
564	Перетин множин	983	4	65	28.5
565	Перехресна ентропія	73	0	7	2.0
566	Перехресна перевірка	89	0	6	3.0
567	Периметр	602	3	40	19.0
568	Періодична функція	448	4	33	14.0
569	Періодичний стан	7	0	2	0.0
570	Підмножина	1127	15	73	32.5
571	Піднесення до степеня	3995	45	212	126.0
572	Підстановка	36	0	5	1.0
573	Піфагор	2787	27	174	87.5
574	Планування експерименту	615	7	34	20.0
575	Площа	3444	42	166	103.0
576	Площа поверхні	93	0	8	3.0
577	Площина	1280	10	127	34.0
578	Поверхневий інтеграл	138	0	14	3.0
579	Поверхня	251	2	17	7.0
580	Повний метричний простір	78	0	14	2.0
581	Подвійні числа	24	0	4	1.0
582	Подільність	212	2	17	6.0
583	Позиційні системи числення	1051	5	82	30.5
584	Показникова функція	1411	13	88	41.0
585	Пол Джозеф Коен	15	0	3	0.0
586	Поле (алгебра)	266	2	16	7.5
587	Поле Галуа	141	0	20	4.0
588	Поліноми Ерміта	107	0	10	2.0
589	Поль Дірак	308	0	57	6.0
590	Полюс (комплексний аналіз)	39	0	4	1.0
591	Полярна система координат	923	8	103	26.0
592	Помилки першого і другого роду	207	0	26	5.5
593	Порядкове число	49	0	6	1.0
594	Послідовність	789	7	46	22.5
595	Послідовність Фібоначчі	1161	9	56	36.5
596	Потужність множини	921	8	58	29.5
597	Похибки та залишки	198	0	19	6.0
598	Похідна	3261	46	152	111.0
599	Правило висновування	45	0	5	1.0
600	Правило Лопіталя	598	4	37	16.0
601	Правильний многокутник	837	7	59	26.5
602	Правильний трикутник	3293	31	189	92.5
603	Представлення групи	30	0	3	1.0
604	Приблизне баєсове обчислення	29	0	6	1.0
605	Прикладна математика	369	1	20	11.5
606	Принцип детальної рівноваги	27	0	8	1.0
607	Принцип Діріхле	440	3	33	13.5
608	Принцип максиміну	22	0	6	1.0
609	Припущення	252	1	17	8.0
610	Прискорення	21266	107	1250	671.5
611	Пристосованість (статистика)	21	0	2	1.0
612	Проблема зупинки	72	0	7	2.0
613	Проблема чотирьох фарб	102	0	8	3.0
614	Проблеми Гільберта	168	1	14	4.5
615	Проективна геометрія	82	0	9	3.0
616	Проективний простір	19	0	2	1.0
617	Проста група	10	0	2	0.0
618	Просте число	2834	43	128	87.5
619	Простий ідеал	10	0	1	0.0
620	Простір Мінковського	71	0	5	2.0
621	Простір Шварца	24	0	2	1.0
622	Простір Lp	100	0	8	3.0
623	Просторово-часовий інтервал	201	0	12	6.0
624	Протокол узгодження ключів	40	0	6	1.0
625	Процес Леві	4	0	1	0.0
626	Пряма	1860	15	138	53.0
627	Пряма секретність	49	0	13	1.0
628	Прямий кут	601	5	40	16.5
629	Прямокутний трикутник	9550	128	472	315.5
630	Псевдотріангуляція	7	0	1	0.5
631	Пучок (математика)	13	0	3	1.0
632	Радіальна базисна функція	56	0	7	1.5
633	Радіан	1190	14	67	36.0
634	Радіус	2079	23	142	54.5
635	Раціональна функція	65	0	8	2.0
636	Раціональні числа	2268	31	103	72.0
637	Регістр зсуву з лінійним зворотним зв'язком	50	0	7	1.0
638	Регресійний аналіз	1299	18	77	42.0
639	Регуляризація (математика)	34	0	5	1.0
640	Рене Декарт	3765	37	208	117.5
641	Рене Том	29	0	3	1.0
642	Рерайтинг (математика)	11	0	2	0.0
643	Римська система числення	6480	99	338	185.5
644	Рівність класів P і NP	249	1	40	7.0
645	Рівновага Неша	191	1	13	5.5
646	Рівномірна збіжність	111	0	10	3.0
647	Рівномірна обмеженість	18	0	2	1.0
648	Рівностепенева неперервність	14	0	2	1.0
649	Рівняння	1058	8	55	32.5
650	Рівняння Дірака	96	0	11	2.5
651	Рівняння конвекції-дифузії	187	0	13	6.0
652	Рівняння Лапласа	136	1	8	4.0
653	Рівняння Максвелла	861	11	55	22.5
654	Рівняння Нав'є — Стокса	367	1	22	10.5
655	Рівняння Пелля	16	0	3	0.5
656	Рівняння Смолюховського	7	0	2	1.0
657	Рівняння теплопровідності	154	1	10	5.0
658	Рівняння Фоккера-Планка	71	0	6	2.0
659	Рівняння Чепмена — Колмогорова	27	0	3	1.0
660	Рівняння четвертого степеня	348	2	32	10.0
661	Рівняння Шредінгера	452	2	23	15.5
662	Ріманова поверхня	58	0	8	1.0
663	Ріхард Дедекінд	22	0	2	1.0
664	Річард Евен Борхердс	13	0	2	0.0
665	Роджер Пенроуз	74	0	9	2.0
666	Розбиття множини	283	2	26	8.0
667	Розв'язна група	11	0	2	0.0
668	Розвідувальний аналіз	73	0	9	2.0
669	Роздрібнена множина	15	0	3	1.0
670	Розмірність простору	139	1	10	4.0
671	Розподіл ймовірностей	706	6	59	22.5
672	Розподіл Коші	76	0	8	2.0
673	Розподіл Пуассона	581	3	57	17.0
674	Розподіл хі-квадрат	164	0	17	4.5
675	Розфарбовування ребер	40	0	6	1.0
676	Розходження Кульбака — Лейблера	44	0	4	1.5
677	Розширений фільтр Калмана	19	0	3	1.0
678	Розширення поля	44	0	19	0.0
679	Рональд Фішер	52	0	5	1.0
680	Ряд (математика)	338	1	29	10.5
681	Ряд Тейлора	1175	17	62	35.5
682	Ряд Фур'є	707	8	34	24.5
683	Саймон Дональдсон	6	0	1	0.0
684	Середнє арифметичне	1425	14	77	46.5
685	Середнє значення	1151	14	63	33.0
686	Сигма-алгебра	109	0	13	3.0
687	Символ Кронекера	84	0	9	2.0
688	Символ Похгаммера	19	0	4	1.0
689	Симетрична група	53	0	4	1.5
690	Симетрія	1372	15	92	41.0
691	Симетрія в математиці	124	0	14	4.0
692	Симплекс	139	0	13	4.0
693	Симплекс-метод	515	2	39	15.5
694	Сингулярний розклад матриці	92	0	8	3.0
695	Сингулярні гомології	5	0	1	0.0
696	Система координат	2157	15	117	61.5
697	Система лінійних алгебраїчних рівнянь	3067	45	148	94.5
698	Система числення	2145	20	146	71.0
699	Сімеон-Дені Пуассон	72	0	8	2.0
700	Скаляр	386	3	22	12.0
701	Скалярний добуток	1638	23	89	48.5
702	Скінченна множина	258	0	19	7.0
703	Скінченні різниці	91	0	9	2.0
704	Складано-ножева перевибірка	23	0	3	1.0
705	Складене число	1062	9	82	24.0
706	Соломон Лефшец	6	0	2	0.0
707	Спектральна теорема	13	0	2	0.0
708	Спеціальна теорія відносності	1082	14	63	33.5
709	Список математичних категорій	102	0	7	3.5
710	Список тригонометричних тотожностей	1393	11	75	41.0
711	Спільна ентропія	43	0	7	2.0
712	Спінор	26	0	3	1.0
713	Спліт-кватерніони	21	0	3	1.0
714	Спрямований ациклічний граф	51	0	5	1.5
715	Срініваса Рамануджан	292	3	16	9.5
716	Стандартна модель	287	1	33	7.5
717	Стандартне відхилення	3616	37	212	117.5
718	Статистика	3746	35	214	123.0
719	Статистична дисперсія	518	3	39	16.0
720	Статистична значущість	717	9	43	20.5
721	Статистична механіка	119	0	8	4.0
722	Статистичне висновування	125	0	28	3.0
723	Стаціонарна точка	149	0	13	4.0
724	Степеневий ряд	192	1	16	5.0
725	Степінь трансцендентності	5	0	1	0.0
726	Стефан Банах	254	1	17	7.0
727	Стівен Смейл	12	0	2	0.5
728	Стохастична гра	7	0	2	0.0
729	Стохастична матриця	40	0	5	1.0
730	Стохастична модель	161	2	12	5.0
731	Стохастичне числення Іто	10	0	2	0.0
732	Сума	1710	20	94	50.0
733	Сфера	700	8	41	21.0
734	Сфера Рімана	48	0	7	1.0
735	Сферична система координат	492	2	35	15.5
736	Сюр'єкція	761	4	59	22.0
737	Таблиця множення	404	4	26	11.5
738	Теза Черча — Тюрінга	38	0	5	1.0
739	Тензорний добуток	64	0	7	2.0
740	Теорема	673	7	46	21.5
741	Теорема Асколі — Арцела	45	0	6	1.0
742	Теорема Баєса	816	9	47	27.0
743	Теорема Банаха про нерухому точку	41	0	5	1.0
744	Теорема Гамільтона — Келі	41	0	3	1.0
745	Теорема Гана — Банаха	17	0	2	1.0
746	Теорема Кантора	160	0	15	4.0
747	Теорема косинусів	2919	28	161	95.0
748	Теорема Лагранжа	316	2	21	9.5
749	Теорема Лагранжа (теорія груп)	53	0	12	1.0
750	Теорема Льовенгейма — Сколема	3	0	1	0.0
751	Теорема Піфагора	4319	67	232	134.5
752	Теорема про планарне розбиття	35	0	6	1.0
753	Теорема про розподіл простих чисел	111	0	19	2.5
754	Теорема Рамсея	33	0	4	1.0
755	Теорема Рімана — Роха	7	0	3	0.0
756	Теорема синусів	1864	12	109	48.5
757	Теорема Скорохода про вкладення	9	0	2	1.0
758	Теорема Стокса	164	1	11	4.5
759	Теореми Веєрштраса у банахових просторах	9	0	2	1.0
760	Теореми Геделя про неповноту	204	1	14	6.0
761	Теореми про ізоморфізми	35	0	5	1.0
762	Теоретична інформатика	199	0	21	7.0
763	Теорія алгоритмів	411	2	34	11.0
764	Теорія Вапника — Червоненкіса	18	0	2	1.0
765	Теорія випадкових процесів	31	0	5	1.0
766	Теорія відносності	1727	21	100	50.5
767	Теорія Галуа	58	0	5	2.0
768	Теорія графів	671	1	56	17.5
769	Теорія груп	121	0	9	4.0
770	Теорія ігор	1196	16	68	37.0
771	Теорія інваріантів	24	0	7	1.0
772	Теорія інформації	818	5	66	23.5
773	Теорія ймовірностей	1496	15	76	46.0
774	Теорія категорій	103	0	11	3.0
775	Теорія керування	215	0	24	5.5
776	Теорія кодування	239	2	25	6.0
777	Теорія масового обслуговування	120	0	7	3.0
778	Теорія мереж	76	0	8	2.0
779	Теорія множин	865	7	51	26.5
780	Теорія множин Цермело — Френкеля	101	0	10	3.0
781	Теорія наближень	10	0	2	0.0
782	Теорія обчислюваності	29	0	4	1.0
783	Теорія порядку	22	0	4	0.0
784	Теорія представлень	13	0	4	0.0
785	Теорія Серфа	8	0	2	1.0
786	Теорія складності обчислень	296	2	27	8.5
787	Теорія статистичного навчання	18	0	4	1.0
788	Теорія хаосу	487	6	25	15.5
789	Теорія чисел	293	4	21	7.0
790	Теплокарта	25	0	2	1.0
791	Теренс Тао	134	0	16	3.0
792	Тесеракт	280	2	15	9.0
793	Тімоті Гауерс	13	0	1	1.0
794	Тоді й лише тоді	63	0	6	2.0
795	Топологічна група	25	0	4	1.0
796	Топологічний векторний простір	2	0	1	0.0
797	Топологічний простір	144	0	23	4.0
798	Топологія	387	5	22	11.0
799	Топологія Зариського	18	0	3	1.0
800	Тотожне відображення	59	0	5	2.0
801	Тотожність	1681	19	186	47.5
802	Тотожність Ейлера	132	0	12	4.0
803	Точка	519	7	32	15.5
804	Точність до	10	0	2	0.0
805	Трансцендентне число	222	0	46	4.5
806	Трапеція	4641	58	297	125.0
807	Тривимірний опис об'єкта	228	2	28	6.0
808	Тригонометричні функції	4750	57	236	149.0
809	Тригонометрія	784	12	42	24.5
810	Трикутник	3958	56	198	123.5
811	Трикутник Рело	170	0	12	5.0
812	Тріангуляція (геометрія)	62	1	5	2.0
813	Узагальнена функція	32	0	4	1.0
814	Умови Коші — Рімана	105	0	11	3.0
815	Умовна ентропія	120	0	11	3.0
816	Умовне математичне сподівання	49	0	14	1.0
817	Унарна операція	193	1	13	5.5
818	Уявна одиниця	302	0	19	9.5
819	Фазовий простір	134	0	14	4.0
820	Факторгрупа	85	0	14	2.0
821	Факторизація	133	1	10	3.0
822	Факторпростір	11	0	2	0.0
823	Фелікс Гаусдорф	20	0	3	1.0
824	Фелікс Кляйн	30	0	4	1.0
825	Фібоначчі	463	7	25	13.0
826	Фізика	6878	60	507	164.5
827	Філософія математики	75	0	7	2.0
828	Фільтр Калмана	167	0	17	5.0
829	Формальний степеневий ряд	18	0	2	1.0
830	Формула	638	7	45	20.0
831	Формула Гауса — Бонне	50	0	7	2.0
832	Формула Ейлера	490	4	30	16.0
833	Формула Муавра	285	2	18	9.0
834	Формула Ньютона — Лейбніца	350	2	25	10.0
835	Формула Остроградського	195	1	12	6.0
836	Формула повної ймовірності	489	2	32	13.5
837	Формула Фейнмана — Каца	19	0	5	1.0
838	Фрактал	1569	21	70	50.0
839	Фрактальна розмірність	83	0	10	2.0
840	Франсуа Вієт	373	0	33	10.0
841	Фундаментальна група	10	0	2	0.0
842	Фундаментальна послідовність	433	1	38	12.0
843	Функтор	21	0	6	1.0
844	Функції Бесселя	141	0	12	4.0
845	Функціональна похідна	21	0	3	1.0
846	Функціональний аналіз	218	2	15	6.0
847	Функціональний ряд	198	0	15	5.5
848	Функція (математика)	3441	34	182	106.5
849	Функція внеску	12	0	2	0.0
850	Функція Ейлера	314	3	16	10.0
851	Функція Мебіуса	29	0	6	1.0
852	Функція правдоподібності	99	1	9	2.0
853	Функція розподілу (статистична фізика)	12	0	3	0.0
854	Функція розподілу ймовірностей	690	5	50	21.5
855	Характер представлення групи	26	0	4	1.0
856	Характеристика Ейлера	46	0	8	1.0
857	Характеристична функція	108	0	10	3.0
858	Хвильове рівняння	235	1	17	6.5
859	Хеш-функція	951	9	77	25.5
860	Хроматичне число	164	0	17	4.0
861	Центральна гранична теорема	234	2	20	7.0
862	Центральний момент	82	0	8	2.0
863	Циклічний підклас	1	0	1	0.0
864	Циліндрична система координат	181	1	12	5.0
865	Цифри	1578	22	79	48.0
866	Ціла функція	77	0	10	2.0
867	Цілі числа	2940	42	159	93.0
868	Цілком впорядкована множина	42	0	5	1.0
869	Цілком неперервний оператор	6	0	2	0.0
870	Чарлз Сандерс Пірс	126	0	15	4.0
871	Час	4341	35	271	126.5
872	Часова область	30	0	3	1.0
873	Часовий ряд	415	3	56	11.0
874	Часткова похідна	402	3	22	14.0
875	Частково впорядкована множина	370	0	36	10.0
876	Частота події	90	0	11	2.0
877	Чезаре Арцела	11	0	3	0.0
878	Чисельне інтегрування	147	0	10	4.0
879	Чисельні методи	605	6	48	17.0
880	Числа Бернуллі	83	0	7	2.0
881	Числення висловлень	152	0	12	4.0
882	Число	1274	18	59	40.5
883	Число пі	3695	65	181	111.5
884	Чиста математика	34	0	6	1.0
885	Чотири арифметичні дії	2447	29	137	73.0
886	Шарль Ерміт	14	0	2	0.0
887	Швидке перетворення Фур'є	278	1	21	8.0
888	Швидкість	13165	88	764	402.0
889	Шинтан Яу	16	0	3	0.0
890	Шифр	208	0	18	5.5
891	Шифрування	1265	10	92	40.5
892	Шіінг-Шен Черн	13	0	3	1.0
893	Шістнадцяткова система числення	1258	12	67	37.0
894	Шлях (теорія графів)	102	0	14	3.0
895	Щербина Марія Володимирівна	17	0	4	1.0
896	Якобіан	94	0	7	2.0
897	Co-NP	12	0	2	1.0
898	E (число)	1848	29	98	56.5
899	EXPTIME	7	0	1	0.0
900	Gnuplot	19	0	3	0.0
901	Hashcash	15	0	3	0.0
902	Maple	131	0	9	4.0
903	Mathematica	110	0	10	3.0
904	MathML	40	0	4	1.0
905	NP-повна задача	148	0	11	4.0
906	NP-складна задача	55	0	6	2.0
907	PCP-теорема	2	0	1	0.0
908	T-критерій Стьюдента	1543	11	84	46.0
909	T-розподіл Стьюдента	392	1	36	11.5
