1	5-фторурацил	106	1	8	3.0
2	Абакавір	18	0	4	1.0
3	Абакавір/Ламівудин	6	0	2	0.0
4	Абарестезія	10	0	3	0.0
5	Абатестезія	7	0	1	0.0
6	Абдоміналізація серця	15	0	3	1.0
7	Абдомінопластика	161	0	12	5.0
8	Абсанс	378	4	20	12.0
9	Абсцес	2509	40	112	80.5
10	Абсцес легень	1531	12	91	48.5
11	Август Вагенманн	1	0	1	0.0
12	Авітамінози	2598	26	133	75.5
13	Австралійський кліщовий рикетсіоз	44	0	6	1.0
14	Автоімунні захворювання	2002	28	106	64.0
15	Агнозія	605	5	37	19.5
16	Агомелатин	95	1	8	3.0
17	Агорафобія	688	9	33	21.0
18	Агранулоцитоз	639	2	43	19.0
19	Адалімумаб	143	0	12	4.0
20	Адам Крістіян Тебезій	5	0	2	0.0
21	Аддералл	2566	58	116	76.0
22	Аддісонова хвороба	1503	15	93	48.0
23	Аделькі Негрі	11	0	3	0.0
24	Аденовіруси	461	2	27	15.0
25	Аденовірусна інфекція	1408	17	66	46.0
26	Аденома гіпофіза	259	1	18	8.0
27	Аденома щитоподібної залози	312	0	23	10.0
28	Адинамія	103	1	10	3.0
29	Адонізид	72	0	11	2.5
30	Адреналектомія	33	0	7	1.0
31	Адреногенітальний синдром	608	5	39	18.0
32	Адренокортикальна аденома	52	0	6	1.0
33	Адренокортикальна карцинома	37	0	4	1.0
34	Адренокортикотропний гормон	577	3	34	18.0
35	Адсорбована коклюшно-дифтерійно-правцева вакцина	2419	18	251	50.0
36	Аерофагія	76	0	8	2.0
37	Азеластин	23	0	3	1.0
38	Азилсартан	56	0	5	2.0
39	Азитроміцин	633	8	33	18.5
40	Азлоцилін	27	0	8	1.0
41	Азооспермія	152	1	10	5.0
42	Азотемія	151	1	13	4.0
43	Азтреонам	31	0	3	1.0
44	Айван Магілл	9	0	3	0.0
45	Айзенберг Олександр Абрамович	7	0	1	0.0
46	Аймалін	36	0	5	1.0
47	Акінезія	65	0	7	2.0
48	Акне	3091	52	137	96.0
49	Акривастин	20	0	5	0.0
50	Акрихін	34	0	5	1.0
51	Акромегалія	1050	13	69	33.0
52	Актиномікоз	383	4	30	12.0
53	Актовегін	246	1	21	7.0
54	Акушерка	187	0	14	6.0
55	Алберт Аґуайо	2	0	1	0.0
56	Александер Флемінг	758	13	55	23.0
57	Алексія	102	1	11	3.0
58	Алемтузумаб	25	0	3	1.0
59	Алергічний дерматит	302	2	17	10.0
60	Алергія на латекс	68	0	7	2.5
61	Алессандра Джиліані	4	0	1	0.0
62	Алкоголізм	4085	73	175	126.0
63	Алоїз Альцгеймер	75	0	6	2.5
64	Алоїз Капуано	3	0	1	0.0
65	Алпразолам	807	12	49	25.0
66	Альбендазол	339	4	20	10.0
67	Альберто Асколі	10	0	2	0.0
68	Альберто Бартон	7	0	2	0.0
69	Альбумінурія	75	1	8	2.0
70	Альдостерон	677	5	40	19.0
71	Альфа-адреноблокатори	648	5	37	20.0
72	Альфа-клітина	21	0	2	1.0
73	Альфа-фетопротеїн	455	2	25	14.5
74	Альфонс Якоб	10	0	3	0.0
75	Альфред Вельпо	14	0	2	1.0
76	Альфузозин	25	0	5	1.0
77	Амантадин	147	0	12	4.0
78	Амбазон	69	1	6	2.0
79	Амбліопія	957	13	51	30.0
80	Амброксол	447	8	23	13.5
81	Амебіаз	1499	9	86	44.0
82	Аменорея	735	10	43	21.5
83	Американська колегія хірургів	9	0	1	0.5
84	Амізон	253	0	19	8.0
85	Амікацин	171	0	15	5.0
86	Амілоїд	133	0	15	3.5
87	Амілоїдоз	1057	11	58	32.5
88	Амімія	43	0	5	1.0
89	Аміноглікозиди	771	7	46	25.5
90	Амінотрансферази	228	1	14	6.5
91	Аміодарон	268	1	21	8.0
92	Амісульприд	40	1	12	3.0
93	Амітриптилін	865	11	48	26.5
94	Амлодипін	353	3	21	10.5
95	Амнезія	768	8	41	24.0
96	Амніоцентез	100	0	10	3.0
97	Амоксицилін	745	11	34	23.5
98	Амоксицилін/клавуланова кислота	265	2	16	8.0
99	Амосов Микола Михайлович	3142	50	154	96.5
100	Ампренавір	5	0	2	0.0
101	Ампутація	329	3	23	9.5
102	Амрінон	46	0	6	1.0
103	Амтолметин гуацил	25	0	6	1.0
104	Амузія	29	0	3	1.0
105	Амфетамін	4358	94	177	135.5
106	Амфотерицин В	93	0	8	2.0
107	Анагрелід	15	0	2	1.0
108	Анапластичний рак щитоподібної залози	48	0	5	1.0
109	Анасарка	668	3	40	22.0
110	Анастомоз	360	0	21	11.5
111	Анастрозол	71	0	6	2.0
112	Анатоксин	479	1	39	11.0
113	Анатомічний театр Київського університету Св. Володимира	62	0	13	2.0
114	Анатомо-терапевтично-хімічна класифікація	224	0	22	4.5
115	Анафілаксія	846	8	43	26.5
116	Анафілактичний шок	3183	21	166	103.0
117	Ангіологія	50	0	4	2.0
118	Ангіома	394	2	26	12.0
119	Ангіосаркома	50	0	5	1.0
120	Ангіосаркома щитоподібної залози	6	0	1	0.0
121	Ангіоспазм	173	0	18	5.0
122	Ангіостронгільоз	18	0	11	0.0
123	Андрейчин Михайло Антонович	144	0	11	5.0
124	Андрогени	559	7	38	16.5
125	Андростендіон	118	0	8	4.0
126	Аневризма	1497	27	80	47.0
127	Аневризма аорти	730	7	39	22.5
128	Анемія	9081	117	439	307.0
129	Анестезія	1381	7	89	43.0
130	Анеуплоїдія	479	4	32	14.5
131	Анідулафунгін	18	0	3	1.0
132	Анізакіди	23	0	3	1.0
133	Анізакідоз	53	0	4	2.0
134	Анізокорія	737	6	40	24.0
135	Анкілоз	540	2	33	17.0
136	Анкілозуючий спондилоартрит	1412	21	78	43.0
137	Анкілостомози	196	1	13	6.0
138	Анорексія (симптом)	1608	27	76	48.5
139	Антагоністи альдостерону	161	1	15	4.0
140	Антиаритмічні препарати	624	4	49	18.5
141	Антигіпертензивні препарати	1764	18	105	49.5
142	Антитіла	3617	27	193	115.0
143	Антифосфоліпідний синдром	279	1	19	8.5
144	Антон Вексельбаум	15	0	5	1.0
145	Антоні Крупський	12	0	7	0.0
146	Антраль	966	16	53	31.0
147	Антропоноз	914	7	48	28.0
148	Анурія	473	4	32	15.5
149	Аортальна недостатність	395	2	32	11.0
150	Апатія (медицина)	1601	30	71	47.5
151	Апендицит	3050	50	167	91.5
152	Апное	550	3	29	16.5
153	Апное уві сні	673	8	32	21.0
154	Аполіпопротеїн A1	45	0	5	1.0
155	Апраксія	570	5	35	16.5
156	Аптека	453	4	40	13.5
157	Арахноїдит	473	1	29	14.5
158	Арбідол	114	0	9	3.0
159	Арбовірусні хвороби	191	0	21	6.0
160	Аргентинська геморагічна гарячка	36	0	7	1.0
161	Арипіпразол	26	1	8	4.0
162	Арман Труссо	16	0	6	0.0
163	Артеріальна гіпертензія	6657	114	307	218.5
164	Артеріальна гіпотензія	2005	31	89	63.5
165	Артеріосклероз	123	0	12	3.5
166	Артерія м'яза-підіймача яєчка	12	0	3	1.0
167	Артерія сім'явивідної протоки	23	0	3	1.0
168	Артерія яєчка	45	0	5	1.0
169	Артралгія	438	2	22	14.0
170	Артремфіт	99	0	10	2.5
171	Артрит	2800	58	138	85.5
172	Артроз плечового суглоба	239	2	15	7.0
173	Артропластика	88	0	6	3.0
174	Артур Ернест Гведел	15	0	2	0.0
175	Асептика	1566	8	84	49.0
176	Аскарида людська	6456	70	498	190.5
177	Аскаридоз	2292	32	138	69.5
178	Аспарагіназа	33	0	6	1.0
179	Аспергільоз	185	1	11	6.0
180	Астазія	82	0	12	2.0
181	Астемізол	18	0	3	1.0
182	Астенія	2196	30	117	66.5
183	Астма бронхіальна	3992	51	247	125.0
184	Асфіксія	3216	29	162	101.0
185	Асцит	902	12	52	28.5
186	Атазанавір	23	0	3	1.0
187	Атаксія	694	5	34	22.5
188	Атезолізумаб	54	0	8	2.0
189	Ателектаз легені	1432	10	77	46.5
190	Атеросклероз	5096	71	227	169.0
191	Атетоз	216	0	14	7.0
192	Атипова пневмонія	303	2	16	9.5
193	Атлант (анатомія)	961	6	83	25.0
194	Атоваквон	27	0	3	1.0
195	Атонія	288	1	17	9.0
196	Аторвастатин	137	0	14	4.0
197	Атропін	927	14	62	28.0
198	Атрофія	924	11	54	27.0
199	Аура (симптом)	203	2	11	6.5
200	Аускультація	923	7	74	28.5
201	Аутопсія	507	5	28	16.0
202	Аутотрансплантація	73	0	6	2.0
203	Афект первинний	53	0	4	1.0
204	Афонія	159	0	14	5.0
205	Афти	136	1	9	4.0
206	Ахілів рефлекс	412	1	39	13.0
207	Ахондроплазія	277	2	24	8.0
208	Ацеклофенак	56	0	6	2.0
209	Аценокумарол	110	1	10	4.0
210	Ацетилсаліцилова кислота/гідроксид магнію	97	0	10	2.5
211	Ацетилцистеїн	488	7	25	14.5
212	Ацикловір	361	4	21	11.5
213	Бабезіоз	418	1	28	14.0
214	Базиліксимаб	7	0	1	0.0
215	Базофілопенія	9	0	3	0.0
216	Бактеріємія	303	2	20	8.0
217	Балантидіаз	340	0	31	9.0
218	Барабанна струна	107	1	7	3.0
219	Бардах Яків Юлійович	22	0	3	1.0
220	Барлова хвороба	46	0	5	1.0
221	Баротравма	153	1	12	5.0
222	Бартолініт	54	0	7	2.0
223	Бартолінові залози	322	2	18	9.5
224	Бартонельози	109	0	12	3.0
225	Баттологія	32	0	5	1.0
226	Бацилярний ангіоматоз	34	0	5	1.0
227	Бацилярний пурпурний гепатит	18	0	3	1.0
228	Бевацизумаб	106	0	8	3.0
229	Бедаквілін	98	0	11	3.0
230	Беджель	103	0	9	3.0
231	Безифлоксацин	9	0	1	1.0
232	Безоар	146	0	13	4.5
233	Безредка Олександр Михайлович	119	0	10	3.0
234	Безсоння	845	16	43	25.5
235	Беклометазон	60	0	6	2.0
236	Беміпарин	19	0	4	1.0
237	Беназеприл	30	0	4	1.0
238	Бендамустин	41	0	5	1.0
239	Бенджамін Раш	23	0	4	1.0
240	Бенедикт Ваґнер	2	0	1	0.0
241	Бензатин бензилпеніцилін	118	1	9	3.0
242	Бензатин феноксиметилпеніцилін	3	0	2	0.0
243	Бензобарбітал	22	0	3	1.0
244	Бенфлуорекс	23	0	4	1.0
245	Бепридил	12	0	3	0.5
246	Бері-бері	900	9	42	29.0
247	Бернгард Нохт	3	0	1	0.0
248	Бета-2-адреностимулятори	354	2	29	10.0
249	Бета-блокатор	1512	17	75	46.5
250	Бета-клітина	89	0	10	2.0
251	Бета-лактамази	124	0	11	4.0
252	Бетаксолол	42	0	5	2.0
253	Бешиха	3974	66	178	125.5
254	Бівалірудин	8	0	3	0.0
255	Бігуняк Володимир Васильович	31	0	5	1.0
256	Бікалутамід	61	0	9	2.0
257	Біла гарячка	1308	24	64	42.5
258	Біластин	79	0	9	2.0
259	Біль	1274	12	61	43.0
260	Біль за грудиною	85	1	8	3.0
261	Біодоступність	421	0	33	14.0
262	Біохімічний аналіз крові	3368	28	189	112.5
263	Біпериден	42	0	5	1.0
264	Біполярний афективний розлад	4077	89	169	120.5
265	Біфоназол	53	0	5	2.0
266	Бічний аміотрофічний склероз	1802	23	77	55.0
267	Бленорея	147	0	11	4.0
268	Блеоміцин	42	0	4	1.0
269	Блефарит	365	2	19	12.0
270	Близькосхідний коронавірусний респіраторний синдром	101	0	17	2.0
271	Бліда куля	241	1	24	6.5
272	Блокатори кальцієвих каналів	1227	8	72	35.0
273	Блокатори H2-гістамінових рецепторів	437	3	33	11.5
274	Блювання	499	6	25	16.0
275	Богданов Іван Лукіянович	19	0	9	0.0
276	Бокавірусна інфекція	51	0	5	1.0
277	Болівійська геморагічна гарячка	22	0	4	1.0
278	Бородавка	1439	22	64	47.0
279	Борозна (мозок)	417	3	42	11.0
280	Ботулізм	6201	71	445	189.5
281	Боцепревір	5	0	2	0.0
282	Брадикардія	1692	29	81	49.5
283	Брахідактилія	198	0	18	5.5
284	Браян Артур Селлік	9	0	3	0.0
285	Брентуксимаб ведотин	46	0	4	1.5
286	Бретилію тозилат	24	0	3	1.0
287	Бривудин	6	0	2	0.0
288	Брижа (кишечник)	289	0	18	8.5
289	Бринцидофовір	6	0	1	0.0
290	Бромгексин	273	3	19	9.0
291	Бромокриптин	54	0	6	2.0
292	Бронхіт	5998	92	315	183.0
293	Бронхоектатична хвороба	1840	17	108	56.0
294	Бронхоспазм	409	2	35	11.5
295	Бругіоз	32	0	5	1.0
296	Бруцельоз	1275	8	103	40.5
297	Бубновський Сергій Михайлович	438	7	25	13.0
298	Бубон (медицина)	233	3	21	6.5
299	Бубонна чума	1215	7	148	28.5
300	Будесонід	199	1	17	6.0
301	Булімія	2303	46	159	67.5
302	Бупренорфін	352	2	26	11.0
303	Бупропіон	142	1	15	4.5
304	Бурсит	813	12	47	25.0
305	Бусерелін	16	0	3	1.0
306	Буспірон	248	2	15	7.0
307	Бусульфан	9	0	2	0.0
308	Бутоконазол	7	0	2	0.0
309	Буторфанол	118	1	8	4.0
310	Вавжинєц Прессен	4	0	1	0.0
311	Вагінальний кандидоз	3176	64	134	99.0
312	Вазоактивний інтестинальний пептид	22	0	2	1.0
313	Вазопресин	1468	19	90	45.5
314	Вакцина проти гепатиту А	126	0	17	3.0
315	Вакцина проти епідемічного паротиту	87	0	8	2.0
316	Вакцина проти кору	432	3	29	12.5
317	Вакцинація	1633	15	94	54.0
318	Вакцини	3475	22	210	117.0
319	Вакцини проти холери	86	0	6	3.0
320	Валацикловір	105	0	7	4.0
321	Валганцикловір	19	0	3	1.0
322	Валсартан	141	2	10	4.0
323	Вальпроєва кислота	205	0	15	6.0
324	Варикоз	1231	20	55	40.0
325	Варфарин	277	1	19	8.0
326	Васкуліт	681	5	35	21.0
327	Ведолізумаб	33	0	8	1.0
328	Везикульозний рикетсіоз	76	0	7	2.0
329	Великий кам'янистий нерв	105	0	8	3.0
330	Великогомілкова кістка	866	12	46	27.0
331	Венеричні хвороби	1733	17	92	50.5
332	Венерологія	188	1	16	5.0
333	Венесуельський енцефаломієліт	31	0	5	1.0
334	Венлафаксин	146	0	9	5.0
335	Верапаміл	224	2	17	7.0
336	Вернакалант	22	0	3	1.0
337	Вертикальний механізм передачі інфекції	223	1	14	7.0
338	Верхнє слиновидільне ядро	22	0	5	1.0
339	Верхній гортанний нерв	54	0	6	2.0
340	Верхньощелепна артерія	334	1	25	11.0
341	Верхньощелепна вена	22	0	4	1.0
342	Верхня гортанна артерія	14	0	3	1.0
343	Верхня щитоподібна артерія	58	0	9	2.0
344	Верхня щитоподібна вена	13	0	4	1.0
345	Виноградов Костянтин Миколайович	49	0	10	3.0
346	Випадкова смерть та інвалідність: знехтуване захворювання сучасного суспільства	4	0	1	0.0
347	Виразка Бурулі	101	1	8	3.0
348	Висип	1888	28	88	59.5
349	Висівкоподібний (різнокольоровий) лишай	3446	70	168	102.5
350	Високоактивна антиретровірусна терапія	314	3	26	9.0
351	Високович Володимир Костянтинович	79	0	11	2.0
352	Висотна хвороба	494	5	42	14.0
353	Висхідна глоткова артерія	45	0	5	2.0
354	Висхідна шийна артерія	25	0	3	1.0
355	Відрижка	208	3	14	6.0
356	Відшарування сітківки	385	5	21	11.0
357	Військова медицина в Україні	165	0	14	5.0
358	Військові медичні заклади України	199	1	16	6.0
359	Військово-лікарські комісії України	451	3	36	14.0
360	Віктор Бабеш	14	0	4	0.0
361	Вілем Душан Лямбль	31	0	6	1.0
362	Вілізієве коло	463	3	37	12.5
363	Вільгельм Ґрізінґер	11	0	2	1.0
364	Вільям Буг Лейшман	104	0	11	3.0
365	Вільям Горгас	11	0	2	0.0
366	Віментин	21	0	3	1.0
367	Вінбластин	43	0	6	1.0
368	Вінорельбін	25	0	6	1.0
369	ВІПома	14	0	3	1.0
370	Вірджинія Апгар	44	0	7	1.0
371	Вірус Епштейна — Барр	2775	41	122	94.0
372	Вірус Зіка	342	1	24	10.5
373	Вірус імунодефіциту людини	6753	83	326	196.0
374	Вірус Норуолк	168	1	14	5.0
375	Вірус папіломи людини	2763	48	127	87.5
376	Вірусемія	73	0	5	2.5
377	Віспа мавп	99	0	8	3.0
378	Вісцеральний лейшманіоз	83	0	8	2.0
379	Вітамін B12	2401	38	116	79.0
380	Вітряна віспа	5503	89	252	182.0
381	Внутрішнє вухо	1143	12	75	36.0
382	Внутрішньоартеріальна ін'єкція	38	0	4	2.0
383	Внутрішньовенна ін'єкція	1080	17	61	32.0
384	Внутрішньолікарняна інфекція	1419	15	81	43.5
385	Внутрішньом'язова ін'єкція	1469	20	91	49.0
386	Внутрішньочерепна гіпертензія	665	9	40	18.0
387	Внутрішня грудна артерія	210	0	27	5.0
388	Внутрішня сонна артерія	306	3	20	9.0
389	Внутрішня яремна вена	502	3	35	15.0
390	Воєнно-медична доктрина України	85	0	9	3.0
391	Возіанова Жанна Іванівна	63	0	8	2.0
392	Войцех Жердинський	6	0	1	0.0
393	Волинська гарячка	143	1	13	4.5
394	Волянський Юрій Леонідович	23	0	3	1.0
395	Вориконазол	62	0	9	2.0
396	Вортіоксетин	78	0	9	2.0
397	Воші	6610	52	690	141.0
398	Всесвітній день боротьби з цукровим діабетом	124	1	15	2.5
399	Всеукраїнський центр професійної реабілітації інвалідів	257	2	18	8.0
400	Всеукраїнський центр радіохірургії	109	0	9	3.0
401	Вузлик	281	1	16	9.0
402	Вузликовий періартеріїт	330	4	23	9.0
403	Вухереріоз	56	0	6	2.0
404	Вушна раковина	213	1	17	5.5
405	Габапентин	210	1	13	7.0
406	Газова гангрена	1523	20	90	48.0
407	Галітоз	223	2	15	6.0
408	Галоперидол	680	11	33	21.0
409	Галофантрин	13	0	4	0.0
410	Галюцинація	563	8	36	17.0
411	Гамалія Микола Федорович	263	0	20	8.0
412	Гангрена	2195	33	118	68.5
413	Ганс Сельє	168	1	11	5.0
414	Ганс Цінссер	6	0	1	0.0
415	Ганс-Герхард Кройцфельд	21	0	4	0.0
416	Ганцикловір	73	0	7	2.0
417	Гаплогрупа R1a	300	3	19	9.0
418	Гарячка	3200	21	201	100.0
419	Гарячка денге	516	1	43	17.0
420	Гарячка Західного Нілу	282	1	19	8.0
421	Гарячка Ласса	236	1	19	7.5
422	Гарячка лісу Барма	8	0	1	1.0
423	Гарячка лісу Семлікі	16	0	3	1.0
424	Гарячка паппатачі	83	0	11	2.0
425	Гарячка Ріфт Валлі	77	0	8	2.0
426	Гарячка Росс Рівер	47	0	5	1.0
427	Гарячка Сіндбіс	10	0	2	1.0
428	Гарячки від укусу пацюків	46	0	6	1.0
429	Гастринома	52	0	7	2.0
430	Гастрит	3259	40	164	102.5
431	Гастроезофагеальна рефлюксна хвороба	2630	47	119	87.5
432	Гатіфлоксацин	110	1	10	3.0
433	Гвайфенезин	700	9	31	23.0
434	Гексопреналін	32	0	3	1.0
435	Гельмінти	4936	60	275	151.5
436	Гельмінтози	1505	10	102	44.5
437	Гемартроз	218	1	14	6.0
438	Гематома	1693	31	87	50.0
439	Гематурія	495	3	28	14.5
440	Геміпарез	671	5	34	21.0
441	Геміфлоксацин	19	0	4	1.0
442	Гемолітична анемія	818	8	46	25.0
443	Гемоперикард	47	0	10	1.0
444	Геморагічна гарячка	356	0	49	9.0
445	Геморагічна гарячка з нирковим синдромом	356	1	61	7.0
446	Геморагічний васкуліт	1567	17	93	51.0
447	Геморагічний інсульт	1071	15	62	34.5
448	Геморой	3703	85	155	118.5
449	Гемофілія	2722	38	161	84.0
450	Гемофільна інфекція	1376	10	87	43.5
451	Гемохроматоз	338	2	27	9.5
452	Гемцитабін	58	0	8	2.0
453	Генетичні хвороби	1453	15	99	45.5
454	Генрик Кадий	16	0	3	0.0
455	Генрик Мосінг	28	0	8	1.0
456	Генрі Коплік	26	0	5	0.0
457	Генріх Квінке	22	0	2	1.0
458	Гентаміцин	272	4	19	8.0
459	Георг Гаффкі	14	0	10	0.0
460	Георг Фернан Ізідор Відаль	13	0	3	0.5
461	Георгіос Папаніколау	30	0	4	1.0
462	Гепатит А	4029	31	554	107.0
463	Гепатит B	3265	39	219	101.5
464	Гепатит C	3946	52	214	123.0
465	Гепатит D	620	3	48	16.5
466	Гепатит E	535	3	40	15.0
467	Гепатомегалія	692	6	51	20.0
468	Гепатоцит	525	3	44	15.5
469	Герасун Борис Абрамович	88	0	20	2.0
470	Герман Музер	9	0	3	0.0
471	Герпес простий	2309	26	118	75.0
472	Герпесвіруси	367	5	21	11.0
473	Герпесвірусні інфекції	1267	12	66	40.0
474	Гестаційний цукровий діабет	245	1	15	8.0
475	Гефітиніб	16	0	2	1.0
476	Гикавка	852	13	45	25.0
477	Гіаліноз	207	0	17	5.0
478	Гіалоїдна мембрана	21	0	3	1.0
479	Гібернома	80	0	11	2.0
480	Гігантоклітинний артеріїт	66	0	8	2.0
481	Гігієна	2273	23	137	73.5
482	Гідазепам	1806	38	91	54.5
483	Гідрокодон	77	0	6	2.0
484	Гідроксизин	128	1	10	4.0
485	Гідроксикарбамід	23	0	4	1.0
486	Гідроксиметилхіноксиліндіоксид	42	0	5	2.0
487	Гідроксихлорохін	42	0	4	1.0
488	Гідронефроз	1342	18	73	45.5
489	Гідроторакс	477	3	34	15.0
490	Гідрофобія (симптом)	75	0	7	2.0
491	Гідрохлоротіазид	275	3	18	8.5
492	Гідроцефалія	2980	54	135	94.5
493	Гійом Дюпюїтрен	16	0	4	0.5
494	Гіменолепідоз	501	4	31	14.5
495	Гінгівіт	1219	17	74	38.0
496	Гінеколог-ендокринолог	179	1	22	5.0
497	Гіперальдостеронізм	250	2	16	7.0
498	Гіперглікемічна кома	2336	18	139	77.5
499	Гіперглікемія	1159	15	68	34.5
500	Гіперемія	1219	16	66	38.5
501	Гіперестезія	267	1	17	9.0
502	Гіперкаліємія	562	7	40	16.5
503	Гіперкапнія	329	1	33	9.0
504	Гіперліпідемія	287	1	24	8.0
505	Гіперпаратиреоз	377	2	22	11.5
506	Гіперпролактинемія	320	3	22	10.5
507	Гіпертензивний криз	984	12	63	25.0
508	Гіпертиреоїдизм	641	3	48	20.0
509	Гіпноз	868	14	61	24.0
510	Гіповолемічний шок	847	3	104	24.0
511	Гіповолемія	2740	3	1991	16.5
512	Гіпоглікемічна кома	1800	13	114	55.0
513	Гіпоглікемія	1128	19	66	32.5
514	Гіподинамія	10941	54	1235	237.5
515	Гіпокаліємія	270	2	17	8.0
516	Гіпоксемія	559	2	54	14.0
517	Гіпоманія	551	6	42	16.5
518	Гіпопаратиреоїдизм	146	1	13	4.0
519	Гіпопіон	35	0	6	1.0
520	Гіпотермія	690	9	40	21.0
521	Гіпотиреоїдизм	2301	24	108	75.5
522	Гіпотонус	106	0	7	3.0
523	Гіпотрофія	433	3	25	12.5
524	Гіппократ	1676	19	90	49.5
525	Гірська хвороба	518	6	38	13.0
526	Гістеректомія	372	3	20	12.0
527	Гістопатологія	31	0	3	1.0
528	Гістоплазмоз	150	2	10	4.5
529	Глатирамеру ацетат	34	0	5	1.0
530	Глаукома	1232	18	68	39.5
531	Глибока язикова артерія	10	0	3	0.0
532	Глибоке пахвинне кільце	159	1	12	5.0
533	Глібенкламід	65	0	10	2.0
534	Глікемічний індекс	588	6	49	17.5
535	Гліклазид	49	0	6	1.5
536	Гліобластома	1434	19	132	35.0
537	Гліома	309	1	34	7.0
538	Гломерулонефрит	3250	32	168	104.5
539	Глузман Семен Фішельович	618	0	125	15.0
540	Глюкагон	1338	13	80	41.0
541	Глюкагонома	16	0	4	0.0
542	Глюкозурія	336	1	29	8.0
543	Глюкокортикоїди	1333	15	79	42.5
544	Гній (медицина)	539	6	39	14.0
545	Гноячок	188	1	16	6.0
546	Говард Тейлор Рікеттс	16	0	4	0.5
547	Гозерелін	109	0	16	3.0
548	Голімумаб	19	0	3	1.0
549	Голка хірургічна	171	1	14	5.0
550	Головна вена	78	1	6	2.5
551	Головне ядро трійчастого нерва	26	0	6	1.0
552	Головний біль	1234	22	61	37.0
553	Головний біль напруги	614	8	36	18.5
554	Головний мозок людини	6443	82	307	205.0
555	Голосові зв'язки	786	11	55	22.0
556	Голубовська Ольга Анатоліївна	491	2	81	11.0
557	Гомілка	1035	11	77	29.5
558	Гонгілонематоз	27	0	3	1.0
559	Гонорея	5273	92	325	162.5
560	Гончарук Євген Гнатович	43	0	5	1.0
561	Гормон росту 2	27	0	5	1.0
562	Городецький Марко Михайлович	26	0	9	1.0
563	Гортань	1698	9	130	46.5
564	Госпітальна пневмонія	161	0	17	5.0
565	Гостра респіраторна вірусна інфекція	3637	44	200	112.5
566	Гостра серцева недостатність	1473	15	81	43.5
567	Гостра судинна недостатність	992	10	84	30.0
568	Гострий апендицит	1447	18	72	45.5
569	Гострий гастрит	701	4	47	20.5
570	Гострий лімфобластний лейкоз	1107	8	68	33.0
571	Гострий мієлобластний лейкоз	667	7	72	16.5
572	Гострий панкреатит	1933	26	98	66.0
573	Гострий розсіяний енцефаломієліт	204	0	18	6.0
574	Гострий середній отит	1227	19	62	38.0
575	Гострий тонзиліт	6442	107	326	193.0
576	Гострі лейкози	737	4	46	22.5
577	Гранульоматозний амебний енцефаліт	19	0	3	1.0
578	Грепафлоксацин	6	0	2	0.0
579	Грижа	2338	40	125	75.5
580	Гризеофульвін	105	0	8	3.0
581	Грип	7179	60	424	216.5
582	Грицюк Олександр Йосипович	14	0	3	1.0
583	Громадське здоров'я	681	2	45	21.5
584	Громашевська Любов Леонтіївна	7	0	1	0.5
585	Громашевський Лев Васильович	82	0	8	3.0
586	Грудинно-ключично-сосцеподібна артерія	4	0	1	0.0
587	Груднинно-ключично-соскоподібний м'яз	17	0	5	2.0
588	Гуго Шоттмюллер	8	0	2	0.0
589	Гума (патологія)	149	0	9	5.0
590	Гураль Анатолій Леонтійович	20	0	3	1.0
591	Густав Гімза	5	0	1	0.0
592	Ґергард Гансен	13	0	3	0.5
593	Ґрелін	112	0	10	3.0
594	Дабігатран	73	0	5	3.0
595	Дазатиніб	26	0	3	1.0
596	Дакарбазин	18	0	3	1.0
597	Даклізумаб	11	0	3	0.5
598	Далекозорість	1479	18	82	46.0
599	Дальтепарин	18	0	2	1.0
600	Данієль Алкідес Карріон	11	0	2	0.0
601	Данієль Елмер Сальмон	16	0	3	0.5
602	Дапсон	52	0	8	1.0
603	Даптоміцин	22	0	3	1.0
604	Дарунавір	9	0	3	0.0
605	ДВЗ-синдром	2346	20	143	69.5
606	Девід Брюс (мікробіолог)	25	0	3	1.0
607	Девід Веттер	87	0	17	2.5
608	Дегідратаційний шок	440	2	41	13.0
609	Дезлоратадин	133	0	11	4.0
610	Декаметоксин	628	9	31	18.5
611	Декваліній	93	1	7	3.0
612	Дексаметазон	1932	33	103	60.0
613	Дексібупрофен	88	0	6	3.0
614	Декскетопрофен	230	3	13	6.5
615	Декслансопразол	67	0	6	2.0
616	Декстрометорфан	220	1	15	7.0
617	Делавірдин	6	0	2	0.0
618	Делірій	1250	22	75	36.5
619	Дельта-клітина	20	0	2	1.0
620	Деменція	3252	64	155	100.5
621	Демієлінізуючі захворювання	543	5	31	15.5
622	Демодекоз	3710	79	177	114.5
623	Деносумаб	76	0	16	2.0
624	Деперсоналізація	800	14	46	24.0
625	Дерматологія	715	8	38	21.0
626	Дерматоміозит	682	5	37	22.5
627	Десвенлафаксин	72	0	6	2.0
628	Десмоїд	89	0	8	3.0
629	Десмопресин	104	1	8	3.0
630	Джгут	1175	7	58	39.5
631	Джеймс К. Стайнер	5	0	2	0.0
632	Джироламо Фракасторо	155	1	15	4.5
633	Джованні Баттіста Грассі	9	0	3	0.5
634	Джозаміцин	93	1	10	3.0
635	Джозеф Лістер	164	0	17	4.0
636	Джон Сноу	93	0	8	2.5
637	Джонатан Гатчінсон	4	0	2	0.0
638	Дивертикуліт	367	3	28	11.5
639	Дигітоксин	208	0	18	4.5
640	Диданозин	10	0	2	0.0
641	Дизартрія	755	5	63	21.0
642	Дизентерія	4239	41	235	128.5
643	Дизопірамід	19	0	3	0.5
644	Дийодтирозин	12	0	3	1.0
645	Дилтіазем	58	0	9	2.0
646	Дименгідринат	83	1	7	2.0
647	Диметилтриптамін	756	11	34	23.5
648	Диметинден	101	0	9	3.0
649	Дипілідіоз	165	0	53	3.0
650	Дипіридамол	152	1	10	4.0
651	Диплопія	316	1	17	10.0
652	Дирофіляріоз	821	5	118	19.5
653	Дисекція шиї	74	0	7	2.0
654	Дислокація мозку	93	0	7	3.0
655	Дисморфофобія	525	8	29	16.0
656	Диспансеризація	1186	5	70	39.0
657	Диспепсія	1284	11	62	43.0
658	Дисфагія	785	10	41	25.0
659	Дисфорія	524	8	34	15.5
660	Дифілоботріоз	587	3	39	19.0
661	Дифтерія	47777	74	8622	252.0
662	Дифузний панбронхіоліт	43	0	16	1.0
663	Дифузний токсичний зоб	1528	12	79	49.5
664	Дихальна недостатність	1104	9	63	33.0
665	Дихання Біота	426	1	39	12.0
666	Дихання Куссмауля	645	5	40	21.0
667	Дихання Чейна — Стокса	658	4	38	20.5
668	Діабетична нефропатія	216	2	16	6.5
669	Діагностична тріада Стімсона	43	0	5	1.0
670	Діагностичний і статистичний посібник з психічних розладів	326	0	20	10.5
671	Діазепам	796	13	37	25.5
672	Діапедез	241	1	28	5.0
673	Діарея	2026	37	97	64.0
674	Діарея мандрівників	201	1	16	6.0
675	Діацереїн	34	0	5	1.0
676	Дієта	1533	14	95	44.0
677	Дієти за Певзнером	238	0	21	6.5
678	Діурез	1132	13	64	34.0
679	Доброякісна гіперплазія передміхурової залози	1584	29	87	49.0
680	Доброякісна пухлина	1309	13	69	43.0
681	Доказова медицина	383	5	26	10.5
682	Доксазозин	183	1	16	5.0
683	Доксепін	67	0	5	2.0
684	Доксиламін	146	0	12	4.0
685	Доксициклін	452	6	22	14.0
686	Долонно-підошовний синдром	38	0	6	1.0
687	Долутегравір	45	0	7	1.5
688	Домінік-Жан Ларрей	53	1	6	1.0
689	Домперидон	294	2	17	9.0
690	Дональд Гендерсон	23	0	5	1.0
691	Допінг-тест	34	0	4	1.0
692	Доріпенем	17	0	3	1.0
693	Доступні ліки	44	0	7	1.5
694	Дофамін	2180	37	97	71.0
695	Дофетилід	22	0	4	1.0
696	Доцетаксел	72	0	7	2.0
697	Дракункульоз	336	3	33	10.0
698	Дробинський Ісаак Рудольфович	8	0	6	0.0
699	Дронедарон	23	0	9	1.0
700	Дротаверин	882	14	44	28.5
701	Друга холерна пандемія	15	0	3	1.0
702	Дуга аорти	311	2	21	8.5
703	Дудченко Іван Степанович	6	0	2	0.0
704	Дулоксетин	111	0	7	3.0
705	Дутастерид	72	0	6	2.0
706	Дяченко Сергій Степанович	25	0	4	1.5
707	Ебастин	39	0	6	1.0
708	Ебола (вірус)	2038	18	208	53.5
709	Еверолімус	38	0	4	1.0
710	Едвард Дженнер	382	6	26	10.0
711	Езомепразол	77	0	7	2.0
712	Езофагіт	510	5	26	15.0
713	Ейфорія	969	19	45	29.5
714	Екзема	2397	38	112	78.0
715	Екзофтальм	200	1	16	5.0
716	Еконазол	42	0	5	1.0
717	Ексеместан	22	0	4	1.0
718	Екстракорпоральна мембранна оксигенація	43	0	5	2.0
719	Екстрапірамідна система	967	8	58	32.0
720	Екстрастріарна кора	12	0	3	0.0
721	Екстрений медичний реагувальник	37	0	5	1.0
722	Екстрений медичний технік	73	0	6	2.0
723	Елвітегравір	6	0	2	0.0
724	Електрокардіографія	3345	26	214	115.0
725	Електротравма	1803	13	129	58.0
726	Еліс Кетрін Еванс	46	0	19	1.0
727	Емануель Махек	9	0	2	0.0
728	Емболія	1768	20	113	51.0
729	Еметин	15	0	3	1.0
730	Еміль Адольф фон Берінг	75	0	7	2.0
731	Еміль ван Ерменґем	18	0	3	1.0
732	Еміль Шарль Ашар	7	0	2	0.0
733	Емоційно нестабільний розлад особистості	713	6	38	22.5
734	Емтрицитабін	39	0	4	1.0
735	Еналаприл	251	2	16	7.5
736	Ендартеріїт	343	3	21	10.0
737	Ендемічний висипний тиф	275	1	23	7.0
738	Ендемічний поворотний тиф	112	0	16	2.0
739	Ендемія	660	3	46	18.0
740	Ендокардит	1141	7	72	35.5
741	Ендокринна хірургія	49	0	5	1.0
742	Ендокринні залози	4593	48	291	143.5
743	Ендорфіни	1646	24	74	51.0
744	Еноксапарин	91	0	9	2.5
745	Еноксацин	4	0	2	0.0
746	Енріке да Роше Ліма	7	0	1	0.0
747	Ентекавір	33	0	4	1.0
748	Ентерит	1055	15	65	31.5
749	Ентерична нервова система	103	0	9	3.0
750	Ентеробіоз	1889	16	157	53.5
751	Ентеровірусні інфекції	1986	32	87	64.5
752	Ентерогастральний гальмівний рефлекс	3	0	1	0.0
753	Ентероколіт	897	12	59	25.5
754	Ентеросорбент	203	2	16	5.5
755	Енурез	596	6	31	19.5
756	Енфувіртид	3	0	1	0.0
757	Енцефаліт	2387	37	141	74.0
758	Енцефаліт долини Муррея	13	0	3	0.0
759	Енцефаліт Повассан	31	0	3	1.0
760	Енцефаліт Росіо	14	0	4	1.0
761	Енцефаліт Сент-Луїс	23	0	3	1.0
762	Енцефалопатія	3203	41	160	107.0
763	Еозинофілія	2412	30	116	77.5
764	Епідеміологія	1684	9	106	55.0
765	Епідемічний висипний тиф	1451	13	100	41.0
766	Епідемічний паротит	2955	28	153	98.5
767	Епідемічний поворотний тиф	175	0	31	4.0
768	Епідемія	1803	15	119	55.0
769	Епікондиліт	646	5	38	18.5
770	Епірубіцин	18	0	3	1.0
771	Еплеренон	60	0	9	2.0
772	Епросартан	8	0	3	0.0
773	Ептифібатид	13	0	3	0.0
774	Ерадикація інфекційних хвороб	85	0	12	2.5
775	Ерготерапія	1142	13	60	35.5
776	Ерготизм	221	3	19	5.0
777	Ердостеїн	49	0	7	2.0
778	Еризипелоїд	227	1	19	6.0
779	Еритроміцин	381	2	22	11.0
780	Еритропоетин	210	0	27	6.0
781	Ерліхіоз	105	0	8	4.0
782	Ерлотиніб	21	0	2	1.0
783	Ертапенем	17	0	3	0.0
784	Есенціале	657	11	36	19.5
785	Есмолол	22	0	3	1.0
786	Естрадіол	695	4	36	22.5
787	Естрамустин	6	0	1	0.0
788	Есциталопрам	239	2	14	8.0
789	Етамбутол	51	0	5	1.0
790	Етанерцепт	31	0	6	1.0
791	Етацизин	40	0	4	1.0
792	Етифоксин	30	0	4	1.0
793	Етіологія (медицина)	1002	11	55	33.5
794	Етодолак	28	0	3	1.0
795	Етопозид	58	0	9	2.0
796	Еторикоксиб	92	0	11	2.0
797	Етравірин	5	0	2	0.0
798	Етторе Маркіафава	7	0	3	0.0
799	Еутиреоз	180	1	16	5.0
800	Ефавіренз	32	0	3	1.0
801	Ехінокандини	16	0	3	1.0
802	Ехінокок звичайний	1329	13	89	34.0
803	Ехінококоз	1434	12	76	44.5
804	Ехокардіографія	377	3	22	11.0
805	Ешерихіоз	1231	7	83	39.0
806	Європейська рада ресусцитації	33	0	6	1.0
807	Єрсиніоз кишковий	1005	6	66	28.0
808	Єрсинія	196	1	16	5.5
809	Жан-Луї Петі	29	0	4	1.0
810	Жан-Луї Прево	6	0	3	0.0
811	Жданов Віктор Михайлович	35	0	6	1.0
812	Жовта гарячка	900	3	55	28.5
813	Жовтяниця (медицина)	2282	25	121	74.0
814	Жовчнокам'яна хвороба	1946	21	150	59.5
815	Жозеф-Фредерік-Бенуа Шарр'єр	4	0	1	0.0
816	Жувальний м'яз	795	2	54	25.5
817	Заболотний Данило Кирилович	741	9	44	21.0
818	Забуті тропічні хвороби	197	0	12	6.0
819	Загальна клубова артерія	194	0	24	6.0
820	Загальна сонна артерія	886	14	47	27.0
821	Задишка	560	5	35	16.5
822	Задній сегмент ока	4	0	2	0.0
823	Задня вушна артерія	19	0	3	1.0
824	Задня мозкова артерія	95	0	8	3.0
825	Закидання голови-виведення підборіддя	28	0	4	1.0
826	Законодавство в екстреній медицині	120	0	10	4.0
827	Залеплон	31	0	3	1.0
828	Зальцитабін	5	0	2	0.0
829	Занамівір	79	0	15	2.0
830	Заочеревинний простір	234	2	13	7.5
831	Запалення	3663	29	243	107.5
832	Запор	1230	16	56	39.5
833	Зарицький Анатолій Минович	10	0	5	0.0
834	Застуда	945	15	58	27.0
835	Затримка місячних	4609	102	195	140.5
836	Західний енцефаломієліт коней	27	0	4	1.0
837	Зв'язка (анатомія)	618	8	34	19.5
838	Звивина	262	1	26	7.0
839	Зворотний гортанний нерв	205	1	15	5.0
840	Здорове харчування	3916	37	249	105.0
841	Зипразидон	23	0	4	1.0
842	Злоякісна анемія	391	3	32	10.5
843	Зміна поведінки (громадське здоров'я)	27	0	5	1.0
844	Знаменський Володимир Олексійович	16	0	4	1.0
845	Зневоднення організму	255	2	20	6.5
846	Зоб (хвороба)	1887	32	93	61.5
847	Зовнішній сітчастий шар	58	0	7	1.5
848	Зовнішня капсула	17	0	3	1.0
849	Зовнішня клубова артерія	154	0	12	4.0
850	Зовнішня сонна артерія	474	8	30	13.5
851	Зовнішня яремна вена	150	0	12	4.5
852	Золпідем	129	1	10	4.0
853	Зонд Сенґстакена — Блекмора	127	0	10	3.0
854	Зооноз	827	8	62	24.0
855	Зопіклон	159	2	9	5.0
856	Зоровий нерв	1084	17	60	31.5
857	Зофеноприл	32	0	4	1.0
858	Зсідання крові	4304	47	272	123.0
859	Зуклопентиксол	22	0	4	1.0
860	Зюков Анатолій Матвійович	10	0	2	0.0
861	Івабрадин	69	0	8	2.0
862	Іванов Вадим Миколайович	12	0	2	1.0
863	Івар Сандстрьом	2	0	1	0.0
864	Ідарубіцин	10	0	2	0.0
865	Ідіопатичний фіброзуючий альвеоліт	337	2	24	9.0
866	Ізоконазол	9	0	1	0.0
867	Ізоксуприн	12	0	3	0.0
868	Ізопреналін	238	0	17	8.0
869	Ізосорбіду динітрат	150	0	13	5.0
870	Ізоспороз	45	0	6	1.5
871	Іматиніб	86	0	14	2.0
872	Іміпенем	94	0	13	3.0
873	Іміпрамін	74	0	6	2.0
874	Імунітет (медицина)	6338	48	443	185.5
875	Імуногістохімія	498	2	39	14.5
876	Інвагінація кишечника	425	5	22	13.5
877	Інгібітори 5-альфа-редуктази	43	0	7	1.0
878	Інгібітори АПФ	1193	11	75	37.0
879	Інгібітори бета-лактамаз	43	0	8	1.0
880	Інгібітори протеази	149	0	14	4.0
881	Інгібітори рецепторів ангіотензину-ІІ	676	3	43	23.0
882	Інгібітори тирозинкінази	69	1	6	2.0
883	Індакатерол	17	0	3	0.0
884	Індапамід	103	0	10	3.0
885	Індинавір	13	0	2	1.0
886	Інозин	197	1	13	6.0
887	Інозин пранобекс	421	5	24	12.0
888	Інститут ендокринології та обміну речовин імені В. П. Комісаренка НАМН України	136	0	11	3.0
889	Інститут медичної реабілітації дітей з ураженням центральної нервової системи імені Януша Корчака	35	0	5	1.0
890	Інститут очних хвороб і тканинної терапії імені В. П. Філатова НАМН України	288	2	17	9.0
891	Інститут тропічної медицини імені Бернгарда Нохта	2	0	1	0.0
892	Інструктор курсів невідкладної допомоги	19	0	3	1.0
893	Інсулін	5362	65	286	156.0
894	Інсулінова помпа	285	3	19	8.0
895	Інсулінома	64	0	9	1.5
896	Інсулінотерапія	114	0	9	4.0
897	Інтерстиційний нефрит	176	1	11	5.0
898	Інтраопераційне гістологічне експрес-дослідження	50	0	7	2.0
899	Інтубація	131	0	10	4.0
900	Інфекційна еритема	520	8	36	14.5
901	Інфекційний мононуклеоз	3087	49	144	105.5
902	Інфекційні захворювання	15630	119	898	484.0
903	Інфекція	3449	29	193	112.5
904	Інфекція, яку спричинює вірус Епштейна — Барр	1064	13	57	34.5
905	Інфекція, яку спричинює герпесвірус людини 6-го типу	160	0	13	5.0
906	Інфекція, яку спричинює герпесвірус людини 7-го типу	46	0	6	2.0
907	Інфекція, яку спричинює герпесвірус людини 8-го типу	103	0	9	3.0
908	Інфліксімаб	79	0	6	3.0
909	Іпохондрія	1518	28	72	47.0
910	Іпратропію бромід	251	1	20	7.0
911	Ірбесартан	32	0	5	1.0
912	Іринотекан	36	0	3	1.0
913	Ірит	143	0	12	3.0
914	Ісрадипін	10	0	3	0.0
915	Ітоприд	52	0	6	1.0
916	Ітраконазол	180	2	15	4.5
917	Іфосфамід	16	0	2	1.0
918	Ішемічна хвороба серця	4493	41	220	152.5
919	Ішемічний інсульт	1700	26	94	53.0
920	Ішурія	674	6	39	19.5
921	Йододефіцит	1143	10	102	29.0
922	Кабазитаксел	11	0	2	0.0
923	Каберголін	119	0	7	4.0
924	Календар щеплень	780	4	71	20.0
925	Каліфорнійський енцефаліт	24	0	3	1.0
926	Кальцитонін	858	11	51	27.0
927	Кальцитріол	84	0	9	2.0
928	Кампілобактеріоз	322	1	25	10.0
929	Канакінумаб	15	0	3	1.0
930	Каналопатія	21	0	4	1.0
931	Канаміцин	76	0	10	2.0
932	Кандидоз	3234	69	134	104.0
933	Канцерогени	1371	17	80	39.5
934	Капецитабін	101	0	14	3.0
935	Капреоміцин	16	0	4	0.0
936	Каптоприл	380	5	21	11.0
937	Карантин	1592	9	177	36.5
938	Карбамазепін	374	3	24	11.5
939	Карбідопа	38	0	5	1.0
940	Карбоплатин	60	0	6	2.0
941	Карбоцистеїн	189	0	16	5.5
942	Карбункул (хвороба)	1590	24	70	52.0
943	Карведилол	145	0	15	4.0
944	Кардіалгія	239	1	21	7.0
945	Кардіоміопатія	1678	21	84	55.5
946	Кардіохірургія	114	0	9	3.0
947	Карл Вундерліх	5	0	2	0.0
948	Карл Йозеф Еберт	6	0	3	0.0
949	Карл фон Лібермейстер	6	0	1	0.0
950	Карлос Хуан Фінлей	10	0	2	1.0
951	Карлус Шагас	14	0	6	0.0
952	Кармустин	8	0	2	0.0
953	Каролінська університетська лікарня	18	0	5	0.5
954	Каротидний синус	96	1	9	2.0
955	Карфентаніл	97	1	7	3.0
956	Карциноїд	130	0	10	3.0
957	Карциноїдний синдром	115	0	8	3.5
958	Карцинома	4521	88	191	150.0
959	Каспофунгін	36	0	4	1.0
960	Катаракта	1456	25	74	41.0
961	Катастрофічний антифосфоліпідний синдром	47	0	5	2.0
962	Кафедра патологічної фізіології Національного медичного університету імені О. О. Богомольця	23	0	6	1.0
963	Кашель	980	10	46	31.5
964	Кашлюк	3599	45	181	117.0
965	Кветіапін	188	2	19	5.0
966	Квінаприл	10	0	2	0.0
967	Келвін Леунг	1	0	1	0.0
968	Кератит	793	10	46	24.5
969	Кертіс Лестер Мендельсон	3	0	1	0.0
970	Кесонна хвороба	901	11	48	27.0
971	Кетоацидоз	558	5	29	17.0
972	Кетоконазол	282	2	19	9.0
973	Кетопрофен	284	3	15	9.0
974	Кеторолак	209	2	11	6.0
975	Кетотифен	187	1	19	5.0
976	Київська міська психіатрична лікарня	651	10	34	19.0
977	Київське обласне психіатрично-наркологічне медоб'єднання	188	1	17	5.0
978	Київський міський клінічний госпіталь ветеранів війни	189	1	13	6.0
979	Кила Шморля	993	13	48	30.0
980	Кишенькова маска	14	0	3	0.0
981	Кишечник	2712	46	138	81.0
982	Кишкова непрохідність	2458	29	125	77.5
983	Кільця Кайзера — Флайшера	82	0	9	2.0
984	Кінезітерапія	1029	18	56	31.0
985	Кіоші Шига	32	0	13	4.0
986	Кір	7052	96	384	234.5
987	Кіркова речовина надниркової залози	252	2	16	7.0
988	Кіста	2063	38	97	65.0
989	Кіста зябрової дуги	24	0	4	1.0
990	Кісточка (анатомія)	325	3	18	10.5
991	Кітасато Сібасабуро	31	0	5	1.0
992	Кіфоз	1645	11	136	42.5
993	Клавдій Гален	828	7	62	23.5
994	Клавуланова кислота	187	1	16	5.0
995	Кладрибін	21	0	4	1.0
996	Кларитроміцин	305	4	17	10.0
997	Класифікація кровотеч за Форестом	661	1	57	18.0
998	Кластер захворювання	21	0	6	1.0
999	Клемастин	66	0	9	1.5
1000	Кленбутерол	158	2	10	4.5
1001	Кліндаміцин	260	3	15	7.5
1002	Клініка (медичний заклад)	265	3	22	6.0
1003	Клінічна лікарня «Феофанія»	667	7	46	19.0
1004	Клінічна настанова	75	0	9	2.0
1005	Клінічний аналіз крові	1967	18	111	63.5
1006	Клінічний аналіз сечі	1548	13	82	51.0
1007	Кліщовий висипний тиф Північної Азії	30	0	4	1.0
1008	Кліщовий енцефаліт	1757	15	98	57.0
1009	Кліщовий пароксизмальний рикетсіоз	15	0	3	1.0
1010	Клозапін	475	1	263	6.0
1011	Клоксацилін	32	0	5	1.0
1012	Кломіпрамін	55	0	7	1.0
1013	Клоназепам	200	1	11	6.0
1014	Клонорхоз	102	0	10	3.0
1015	Клонус	162	0	17	5.0
1016	Клотримазол	557	9	28	17.5
1017	Клофазимін	45	0	6	1.0
1018	Ключиця	1102	14	59	32.0
1019	Клятва Гіппократа	1405	16	82	40.0
1020	Коагулограма	1732	18	86	55.0
1021	Коагулопатія	340	2	26	11.0
1022	Козько Володимир Миколайович	11	0	3	0.0
1023	Коксиби	111	0	14	3.0
1024	Колапс (медицина)	2639	24	122	91.0
1025	Колінний суглоб	2375	40	114	73.0
1026	Колінчастий вузол	32	0	6	1.0
1027	Колістин	144	1	17	3.0
1028	Коліт	1195	16	73	36.5
1029	Колоноскопія	1889	30	89	61.5
1030	Колорадська кліщова гарячка	28	0	6	1.0
1031	Колоректальний рак	1099	18	52	34.0
1032	Кома (медицина)	2638	45	141	81.5
1033	Комісаренко Ігор Васильович	54	0	9	2.0
1034	Конваллятоксин	19	0	4	1.0
1035	Конверсія (психологія)	43	0	4	1.0
1036	Контагіозність	337	2	24	11.0
1037	Контактний механізм передачі інфекції	1227	4	158	32.0
1038	Контрактура Дюпюїтрена	519	5	33	15.0
1039	Конча-Заспа (санаторій)	128	1	10	3.0
1040	Кора головного мозку	2536	29	155	80.5
1041	Корбініан Бродман	22	0	4	0.0
1042	Корглікон	319	3	16	11.0
1043	Коров'яча віспа	506	4	31	14.5
1044	Корона голівки члена	218	1	18	6.0
1045	Коронавірусна інфекція	110	0	10	3.0
1046	Коронарна недостатність	360	2	28	10.0
1047	Короста	4792	79	223	149.5
1048	Короткозорість	1828	26	91	60.5
1049	Кортизол	1853	34	81	57.5
1050	Кортизон	284	2	16	10.0
1051	Кортикальний гомункулус	110	1	10	3.0
1052	Корчак-Чепурківський Овксентій Васильович	74	0	6	2.0
1053	Косоокість	685	6	42	20.0
1054	Крайня капсула	4	0	1	0.0
1055	Крайня плоть	762	14	34	25.0
1056	Краніофарингіома	55	0	7	1.5
1057	Краснуха	2921	37	141	97.5
1058	Крелін Юлій Зусманович	4	0	1	0.0
1059	Крим-Конго геморагічна гарячка	126	0	14	3.0
1060	Криптококоз	159	0	12	5.0
1061	Криптоспоридіоз	86	0	8	2.0
1062	Крістоф Вільгельм Гуфелянд	31	0	4	1.0
1063	Кров'яний тиск	1383	15	103	39.5
1064	Кронтовський Олексій Антонінович	30	0	8	1.0
1065	Кропив'янка (хвороба)	4028	82	171	123.0
1066	Круп	1740	21	113	51.5
1067	Ксантелазма	286	2	23	8.0
1068	Ксантома	334	1	30	8.5
1069	Ксипамід	24	0	3	1.0
1070	Ку-гарячка	217	0	28	5.0
1071	Кульшовий суглоб	1758	18	92	50.5
1072	Курортологія	134	0	27	3.0
1073	Куру (хвороба)	2090	14	138	60.5
1074	Куряча сліпота (хвороба)	987	14	49	28.0
1075	Лабеталол	158	0	12	4.5
1076	Лагофтальм	125	0	11	4.0
1077	Лазарет	110	1	8	3.0
1078	Лакосамід	23	0	4	1.0
1079	Лакунарний інсульт	325	2	26	9.0
1080	Ламівудин	44	0	5	1.0
1081	Ламотригін	132	1	10	3.0
1082	Ланатозид C	38	0	4	1.0
1083	Лансопразол	79	0	7	2.0
1084	Ланцюг виживання	682	1	54	22.5
1085	Лапатиніб	27	0	3	1.0
1086	Лаппаконітину гідробромід	25	0	3	1.0
1087	Ларингіт	4956	99	204	154.5
1088	Ларингоспазм	680	9	42	20.0
1089	Латамоксеф	13	0	3	0.0
1090	Лацидипін	21	0	4	1.0
1091	Левамізол	184	1	14	5.0
1092	Леветирацетам	78	0	6	2.0
1093	Леводопа	222	2	15	7.0
1094	Леводопа/карбідопа	14	0	4	0.0
1095	Левомепромазин	26	0	3	1.0
1096	Леворин	64	0	6	1.5
1097	Левотироксин	138	1	9	4.0
1098	Левофлоксацин	441	4	32	14.0
1099	Левоцетиризин	154	1	13	5.0
1100	Легенева гіпертензія	1002	15	48	31.0
1101	Легеневе серце	1026	6	60	32.5
1102	Легіонельоз	549	4	35	16.5
1103	Лейкемічний провал	255	0	27	7.0
1104	Лейкоз	3954	50	192	121.0
1105	Лейкоцитарна формула	994	8	53	32.5
1106	Лейоміома	322	3	20	10.0
1107	Лейпрорелін	29	0	3	1.5
1108	Лейшманіози	689	9	31	21.5
1109	Лектини С-типу	11	0	2	0.0
1110	Ленограстим	8	0	1	0.0
1111	Лепрозорій	207	1	21	5.5
1112	Лептин	317	2	21	9.5
1113	Лептоспіроз	2499	37	147	73.5
1114	Лерканідипін	41	0	4	1.0
1115	Летаргічний енцефаліт	135	0	9	4.0
1116	Летрозол	81	0	8	2.5
1117	Лефлуномід	46	0	4	1.0
1118	Леш Федір Олександрович	11	0	3	0.0
1119	Лихоманка	31	0	4	1.0
1120	Лицева артерія	267	1	18	8.0
1121	Лицевий нерв	1755	18	100	54.5
1122	Лікар	1473	17	88	46.0
1123	Лікар-ендокринолог	1849	17	96	62.5
1124	Лікарня	683	7	42	19.5
1125	Лікарня відновного лікування Міністерства внутрішніх справ України	449	3	26	13.0
1126	Лікарська рослина	880	9	53	26.5
1127	Лікарський збірник	24	0	3	1.0
1128	Лікарські засоби	2652	37	130	88.0
1129	Ліктьовий суглоб	569	4	44	18.0
1130	Лімфангіт	222	1	21	6.0
1131	Лімфатичні філяріїдози	46	0	5	1.0
1132	Лімфогранулематоз	1892	20	145	59.0
1133	Лімфома	1098	17	48	33.5
1134	Лімфома Беркітта	106	0	26	2.0
1135	Лімфома щитоподібної залози	28	0	4	1.0
1136	Лімфорея	258	1	41	4.5
1137	Лімфоцитарний хоріоменінгіт	74	0	11	2.0
1138	Лімфоцитоз	521	3	29	14.5
1139	Ліндеман Володимир Карлович	23	0	4	1.0
1140	Лінезолід	118	0	9	3.0
1141	Лінкозаміди	138	0	12	4.0
1142	Лінкоміцин	876	16	46	28.5
1143	Лістеріоз	549	6	67	13.0
1144	Літотрипсія	347	2	24	12.0
1145	Лоаоз	48	0	4	1.0
1146	Лобова частка (мозок)	1189	14	71	36.0
1147	Лобово-скронева деменція	38	0	6	1.0
1148	Ловастатин	171	1	15	5.5
1149	Локсапін	15	0	10	0.0
1150	Ломефлоксацин	25	0	5	1.0
1151	Лопатка	945	10	57	28.0
1152	Лоперамід	507	3	31	15.0
1153	Лопінавір	8	0	1	0.0
1154	Лопінавір/Ритонавір	20	0	5	1.0
1155	Лоразепам	160	1	14	4.0
1156	Лорноксикам	85	0	7	3.0
1157	Луї Пастер	1496	9	111	36.5
1158	Люмбальна пункція	1283	10	84	38.0
1159	Лямбліоз	1668	16	97	53.0
1160	М'язова атрофія	900	13	54	25.5
1161	М'який шанкр	241	2	15	7.0
1162	Магнітно-резонансна томографія	4651	56	297	148.5
1163	Майкл Елліс ДеБейкі	27	0	3	1.0
1164	Макроглобулінемія Вальденстрема	176	1	17	4.0
1165	Макроліди	817	7	56	24.5
1166	Малеїн	14	0	4	1.0
1167	Малогомілкова кістка	330	4	19	10.0
1168	Малярія	4892	35	304	136.5
1169	Мапротилін	30	0	4	1.0
1170	Маравірок	8	0	2	0.0
1171	Маревний паразитоз	165	0	10	5.0
1172	Марі Буавен	5	0	2	0.0
1173	Марсельська гарячка	129	0	22	3.5
1174	Масаж	1915	17	125	51.0
1175	Мастит	1276	16	65	39.0
1176	Мастоїдит	503	4	38	13.5
1177	Мастопатія	1844	31	94	58.0
1178	Меатотомія	35	0	6	1.0
1179	Мебеверин	137	0	9	4.0
1180	Мебендазол	145	0	11	5.0
1181	Мебікар	392	3	24	12.0
1182	Мегестрол	24	0	3	1.0
1183	Медазепам	24	0	3	1.0
1184	Медаль Менсона	5	0	1	0.0
1185	Медицина	3024	41	160	89.0
1186	Медицина подорожей та хвороб мандрівників	82	0	9	2.0
1187	Медична акустика	516	6	37	15.0
1188	Медична діагностика	1355	11	99	40.5
1189	Медичне сортування	886	3	57	29.0
1190	Медичне страхування	766	7	54	23.0
1191	Медичний факультет Київського імператорського університету Святого Володимира	105	0	9	2.0
1192	Медроксипрогестерон	27	0	5	1.0
1193	Медулярний рак щитоподібної залози	343	3	23	10.0
1194	Мексилетин	24	0	3	1.0
1195	Меланома	1514	23	198	43.0
1196	Мелатонін	1966	35	181	54.0
1197	Меліоїдоз	96	0	18	2.5
1198	Мелперон	14	0	3	1.0
1199	Мелфалан	15	0	3	0.0
1200	Мельдоній	705	14	31	22.5
1201	Менінгеальний синдром	330	1	24	9.0
1202	Менінгеальні симптоми	1070	6	53	38.0
1203	Менінгізм	267	0	19	8.0
1204	Менінгіт	6379	110	440	180.0
1205	Менінгокок	570	2	44	15.0
1206	Менінгококова інфекція	3166	32	192	96.0
1207	Меніск (анатомія)	2064	40	98	63.5
1208	Менопауза	1466	23	70	46.0
1209	Меркаптопурин	46	0	7	1.0
1210	Меропенем	77	0	6	3.0
1211	Месна	16	0	3	1.0
1212	Метаболізм лікарських засобів	465	2	36	13.0
1213	Метаквалон	203	1	14	6.0
1214	Метапневмовірусна інфекція	27	0	3	1.0
1215	Метастаз	971	13	46	29.0
1216	Метациклін	27	0	4	1.0
1217	Метилпреднізолон	229	0	14	7.0
1218	Метилфенідат	412	3	31	12.0
1219	Метицилін	56	0	5	2.0
1220	Метод Сельдінгера	294	1	26	8.5
1221	Метоклопрамід	552	7	29	17.0
1222	Метоксифлуран	34	0	3	1.0
1223	Метопролол	196	2	18	5.5
1224	Метотрексат	474	3	25	14.0
1225	Метформін	668	10	40	20.0
1226	Мефедрон	2856	54	114	88.5
1227	Мефлохін	15	0	2	1.0
1228	Механізм передачі інфекції	1988	14	122	61.5
1229	Механотерапія	274	2	19	8.5
1230	Мечников Ілля Ілліч	2920	34	153	96.5
1231	Мигдалики	1984	22	101	66.5
1232	Миготіння передсердь	821	8	83	23.0
1233	Миготіння шлуночків	188	1	16	5.5
1234	Міансерин	70	1	6	2.0
1235	Мігрень	2876	63	125	90.0
1236	Мідазолам	125	0	12	4.0
1237	Мідекаміцин	23	0	4	1.0
1238	Мідріаз	508	5	24	16.5
1239	Мієліт	248	1	18	7.0
1240	Мієлодиспластичні синдроми	108	1	10	3.0
1241	Мієломна хвороба	1276	10	71	38.0
1242	Міжнародна класифікація функціонування, обмеження життєдіяльності та здоров’я (МКФ)	355	1	24	10.5
1243	Міжнародне агентство з дослідження раку	32	0	4	1.0
1244	Міжнародне нормалізоване відношення	1146	13	65	37.0
1245	Міжнародний класифікатор хвороб	2202	22	105	73.5
1246	Міжнародні медико-санітарні правила 2005 року	173	0	17	5.0
1247	Міжхребцева кила	3182	53	150	100.0
1248	Міжхребцевий диск	1061	8	71	31.0
1249	Мікафунгін	13	0	1	1.0
1250	Міконазол	87	0	10	3.0
1251	Мікоплазмоз урогенітальний	705	4	34	22.5
1252	Мікофенолова кислота	39	0	4	1.0
1253	Мікроцефалія	503	5	35	15.0
1254	Мікседема	721	4	46	20.0
1255	Мілнаципран	39	0	4	1.0
1256	Мінералокортикоїди	222	1	16	6.0
1257	Міноксидил	916	15	55	28.5
1258	Мінх Григорій Миколайович	62	0	8	1.0
1259	Мінцер Озар Петрович	53	0	9	1.0
1260	Міозит	1048	18	54	31.0
1261	Міома матки	2034	35	102	63.5
1262	Міопатія	956	4	96	23.0
1263	Міофасціальний больовий синдром	366	5	27	11.0
1264	Міртазапін	225	1	13	7.0
1265	Мітоксантрон	18	0	2	1.0
1266	Мітоміцин	10	0	2	0.5
1267	МКХ-10: Клас I. Деякі інфекційні та паразитарні хвороби (A)	630	3	34	20.0
1268	МКХ-10: Клас I. Деякі інфекційні та паразитарні хвороби (B)	863	7	47	28.0
1269	МКХ-10: Клас V. Розлади психіки та поведінки	3308	46	144	113.5
1270	МКХ-10: Клас VI. Хвороби нервової системи	2603	19	136	93.5
1271	МКХ-10: Клас VII. Хвороби ока та його придаткового апарату	1427	6	74	52.0
1272	МКХ-10: Клас VIII. Хвороби вуха та соскоподібного відростка	606	3	35	20.0
1273	МКХ-10: Клас XVI. Окремі стани, що виникають в перинатальному періоді	548	2	31	19.0
1274	МКХ-10: Клас XVII. Вроджені вади розвитку, деформації та хромосомні аномалії	1750	11	87	63.5
1275	Множинна ендокринна неоплазія	74	0	6	2.0
1276	Множинна ендокринна неоплазія тип 1	45	0	5	1.5
1277	Множинна ендокринна неоплазія тип 2А	21	0	4	1.0
1278	Множинна ендокринна неоплазія тип 2Б	20	0	2	1.0
1279	Мобільний армійський хірургічний шпиталь	17	0	3	1.0
1280	Моексиприл	6	0	4	0.0
1281	Мозкова речовина надниркової залози	174	0	17	4.5
1282	Мозковий кровообіг	994	14	54	29.5
1283	Мозолисте тіло	579	5	30	18.0
1284	Моксифлоксацин	116	1	9	3.0
1285	Монобактами	96	0	7	3.0
1286	Монойодтирозин	10	0	2	1.0
1287	Моноклональні антитіла	536	7	37	15.5
1288	Монтелукаст	145	1	10	4.0
1289	Морацизин	19	0	4	1.0
1290	Морська хвороба	268	3	26	7.0
1291	Мосаприд	30	0	6	1.0
1292	Мочутковський Йосип Йосипович	39	0	7	1.0
1293	Моямоя	125	1	9	4.0
1294	Муковісцидоз	3840	55	276	111.0
1295	Мупіроцин	88	0	6	3.0
1296	Мутизм	263	2	19	8.0
1297	Набряк	961	12	51	31.0
1298	Набряк Квінке	3743	57	168	122.0
1299	Набряк легень	1822	23	111	51.5
1300	Набуметон	44	0	7	2.0
1301	Набутий імунітет	558	1	38	15.0
1302	Надгортанник	272	4	19	7.5
1303	Надіфлоксацин	2	0	1	0.0
1304	Надлопаткова артерія	36	0	4	1.0
1305	Надлопаткова вена	7	0	2	1.0
1306	Надниркова залоза	3064	27	186	98.0
1307	Надолол	33	0	3	1.0
1308	Надп'яткова кістка	199	2	14	5.5
1309	Надп'ятково-гомілковий суглоб	984	11	55	30.5
1310	Надропарин	39	0	6	1.0
1311	Налбуфін	350	3	20	10.0
1312	Налідиксова кислота	53	0	4	1.5
1313	Налорфін	37	0	8	1.0
1314	Напроксен	249	0	18	8.0
1315	Наталізумаб	17	0	3	1.0
1316	Натаміцин	76	0	6	2.0
1317	Натан Едвін Брілл	7	0	2	0.0
1318	Натрію пікосульфат	42	0	5	1.0
1319	Натуральна віспа	3768	75	202	110.0
1320	Науково-практичний центр профілактичної та клінічної медицини Державного управління справами	171	1	14	6.0
1321	Нафтифін	52	0	5	1.0
1322	Національна асоціація екстрених медичних техніків	62	0	6	2.0
1323	Національний військово-медичний клінічний центр «Головний військовий клінічний госпіталь»	1011	5	59	33.0
1324	Національний інститут раку (Україна)	296	2	18	10.0
1325	Національний музей медицини України	195	1	19	5.0
1326	Національний реєстр екстрених медичних техніків (США)	9	0	2	1.0
1327	Небіволол	142	1	8	4.0
1328	Невірапін	28	0	4	1.0
1329	Неврит	963	17	48	29.5
1330	Неврома	43	0	4	1.0
1331	Негоджкінська лімфома	922	15	55	25.5
1332	Негоспітальна пневмонія	463	2	25	15.5
1333	Нежить	1511	20	104	44.5
1334	Нейробластома	228	1	12	7.0
1335	Нейродерміт	666	11	38	20.5
1336	Нейроендокринна пухлина	164	1	15	5.0
1337	Нейроінфекції	781	7	58	24.5
1338	Нейропатія	680	10	33	21.0
1339	Нейрофіброматоз	823	9	92	21.0
1340	Нейрофіброматоз І типу	311	2	18	9.0
1341	Нейрофіброматоз II типу	115	1	9	3.0
1342	Некробацильоз	49	0	7	1.0
1343	Некроз	2170	25	119	69.0
1344	Некротичний фасциїт	2	0	1	0.0
1345	Нелфінавір	15	0	4	1.0
1346	Немоноксацин	3	0	1	0.0
1347	Ненуклеозидні інгібітори зворотньої транскриптази	37	0	6	1.0
1348	Неоміцин	138	0	14	4.0
1349	Непарна щитоподібна артерія	62	1	6	2.0
1350	Нервова анорексія	695	10	34	21.0
1351	Нервова система	9691	89	506	318.0
1352	Нервовий вузол	426	5	27	11.5
1353	Нереверсивна маска	72	0	8	2.0
1354	Неспецифічний виразковий коліт	1554	23	85	49.5
1355	Несправжній суглоб	199	0	31	5.0
1356	Нетилміцин	42	0	9	1.0
1357	Нефопам	38	0	5	1.0
1358	Нефротичний синдром	543	7	29	18.0
1359	Нецукровий діабет	699	10	40	20.5
1360	Нещадименко Марко Петрович	24	0	6	1.0
1361	Нижня щитоподібна артерія	101	0	13	2.0
1362	Нижня щитоподібна вена	16	0	2	1.0
1363	Низько-диференційований рак щитоподібної залози	66	0	9	2.0
1364	Нізатидин	15	0	5	0.5
1365	Нікардипін	15	0	3	1.0
1366	Ніклас Сальгрен	1	0	1	0.0
1367	Нікольський Петро Васильович	7	0	2	0.0
1368	Нікорандил	59	0	9	2.0
1369	Ніктурія	229	1	20	7.0
1370	Нілотиніб	8	0	3	0.0
1371	Нільс Алвалл	3	0	1	0.0
1372	Німесулід	557	7	30	16.0
1373	Німодипін	31	0	3	1.0
1374	Німоразол	12	0	4	0.0
1375	Німотузумаб	2	0	1	0.0
1376	Ністагм	991	11	62	33.0
1377	Нітразепам	65	0	15	1.0
1378	Нітрендипін	14	0	3	1.0
1379	Нітроксолін	508	4	37	15.0
1380	Нітрофурани	382	4	26	11.5
1381	Нітрофурантоїн	172	1	22	5.0
1382	Ніфедипін	293	2	17	9.5
1383	Ніфурател	54	0	6	2.0
1384	Ніфуроксазид	665	11	40	19.5
1385	Нобелівська премія з фізіології або медицини	474	3	38	11.0
1386	Новоутворення ендокринних залоз	62	0	6	2.0
1387	Нога людини	1170	21	73	35.5
1388	Ножиці атравматичні	18	0	4	1.0
1389	Нозологія	1226	5	149	36.0
1390	Нокардіоз	59	0	5	2.0
1391	Нома	281	1	34	7.5
1392	Норовірусна інфекція	73	0	7	2.0
1393	Норфлоксацин	218	2	18	6.0
1394	Носова канюля	41	0	4	1.0
1395	Носова кровотеча	497	7	37	14.5
1396	Нудота	556	10	27	17.5
1397	Нуклеозидні інгібітори зворотньої транскриптази	59	0	10	1.5
1398	Нюховий горбок	16	0	3	1.0
1399	О'ньйонг'ньйонг	22	0	3	1.0
1400	Обідкова частка	42	0	4	1.0
1401	Обінутузумаб	15	0	3	0.0
1402	Обличчя великої панди (ознака)	10	0	2	1.0
1403	Образцов Василь Парменович	95	0	10	2.5
1404	Обрамлене застереження	22	0	3	1.0
1405	Огорожа (анатомія)	28	0	4	1.0
1406	Одеська обласна клінічна лікарня	52	0	6	2.0
1407	Ожиріння в Україні	60	1	6	1.5
1408	Окоруховий нерв	515	2	40	14.5
1409	Оксаліплатин	54	0	6	2.0
1410	Оксацилін	114	1	12	3.0
1411	Оксибутинін	55	0	7	2.0
1412	Оксиками	72	0	9	2.0
1413	Оксикодон	382	6	18	12.0
1414	Оксиконазол	8	0	1	0.0
1415	Окситоцин	1627	25	87	49.5
1416	Окскарбазепін	54	0	8	1.0
1417	Окспренолол	16	0	4	1.0
1418	Оланзапін	108	0	12	4.0
1419	Олеандоміцин	15	0	3	1.0
1420	Олігурія	541	1	31	16.5
1421	Олмесартан	71	0	8	2.0
1422	Олопатадин	30	0	4	1.0
1423	Омалізумаб	44	0	9	2.0
1424	Омепразол	815	12	38	26.0
1425	Омнопон	123	1	11	3.0
1426	Омоконазол	12	0	3	0.0
1427	Онейроїд	190	1	14	5.0
1428	Оніхофагія	63	0	5	2.0
1429	Онкологія	838	10	50	24.0
1430	Онкоцит	12	0	3	1.0
1431	Онхоцеркоз	100	0	10	3.0
1432	Операція Крайля	221	0	18	7.0
1433	Оперізуючий герпес	7789	178	313	234.5
1434	Опікова хвороба	825	1	55	27.5
1435	Опіковий шок	949	1	63	29.0
1436	Опісторхоз	1317	10	65	40.5
1437	Опортуністична інфекція	320	1	35	8.5
1438	Орієнтовний перелік основних лікарських засобів, розроблений ВООЗ	136	0	14	4.0
1439	Орнідазол	263	2	14	8.0
1440	Орнітоз	675	2	57	18.5
1441	Орхіт	422	5	22	12.0
1442	Орципреналін	64	0	6	2.0
1443	Остеопороз	2140	31	130	63.0
1444	Остеосинтез	250	2	20	7.0
1445	Острівцева кора	160	0	11	4.0
1446	Осьовий хребець	681	3	120	18.0
1447	Отопластика	106	0	9	2.5
1448	Отруєння	3432	32	225	106.0
1449	Отруєння грибами	625	5	58	17.5
1450	Отруєння етиловим спиртом	326	2	33	9.5
1451	Отто Обермаєр	1	0	1	0.0
1452	Офатумумаб	5	0	2	0.0
1453	Офлоксацин	231	0	17	6.5
1454	Офтальмологія	876	6	47	28.5
1455	Офтальмоплегія	133	1	12	4.0
1456	Очеревина	623	5	32	19.0
1457	Очерки гнойной хирургии	29	0	8	1.0
1458	Очна артерія	119	0	8	4.0
1459	Очна ямка	668	6	43	21.0
1460	П'єр Фідель Бретонно	28	0	9	1.0
1461	П'єр-Шарль Александр Луї	8	0	2	0.0
1462	П'ята холерна пандемія	7	0	1	0.0
1463	П'яткова кістка	160	0	14	5.0
1464	Падалка Борис Якович	22	0	4	0.5
1465	Паклітаксел	122	0	11	3.0
1466	Паліперидон	14	14	14	14.0
1467	Панарицій	1147	18	77	34.0
1468	Пандемія	1403	18	88	41.0
1469	Пандемія грипу H1N1 (2009)	100	0	9	3.0
1470	Пандемія хвороби, яку спричинює вірус Зіка	33	0	4	1.0
1471	Панкреатична нейроендокринна пухлина	25	0	4	1.0
1472	Пантопразол	347	4	21	11.0
1473	Панцитопенія	236	0	13	7.5
1474	Папілома	1466	24	75	45.0
1475	Папілярний рак щитоподібної залози	495	5	30	13.5
1476	Парааміносаліцилова кислота	45	0	9	1.0
1477	Парагангліома	51	0	6	2.0
1478	Парагонімоз	91	0	7	3.0
1479	Парагрип	913	5	62	25.5
1480	Паразитарна інвазія	487	1	29	15.0
1481	Параліч	793	9	55	22.5
1482	Парамедик	512	7	27	16.0
1483	Паранеопластичний синдром	197	2	21	5.0
1484	Парапроктит	1934	17	82	63.0
1485	Паратгормон	1266	17	74	39.5
1486	Паратиреоїдектомія	29	0	3	2.0
1487	Паратифи	884	6	59	25.0
1488	Паратонзилярний абсцес	1485	25	94	46.5
1489	Паращитоподібна залоза	726	6	46	22.5
1490	Парвовірус В19	300	2	20	8.0
1491	Парекоксиб	23	0	3	1.0
1492	Парентеральне введення	1498	15	68	50.5
1493	Пароксетин	236	2	19	6.0
1494	Пароксизм	356	5	20	11.0
1495	Пароксизмальна тахікардія	1392	19	71	43.0
1496	Паромоміцин	19	0	9	0.0
1497	Паротит	402	3	26	13.5
1498	Парфанович Софія	71	0	10	2.0
1499	Патісіран	6	0	2	0.0
1500	Патогенез	840	7	70	23.5
1501	Патогенез бічного аміотрофічного склерозу	25	0	3	1.0
1502	Патогномонічний симптом	202	0	16	5.0
1503	Патологічна анатомія	753	12	46	22.0
1504	Патрік Менсон (паразитолог)	26	0	10	1.0
1505	Пауль Лангерганс	19	0	4	1.0
1506	Пахвинна зв'язка	219	2	14	6.0
1507	Пахвинний канал	688	7	42	19.5
1508	Пахвова артерія	175	0	14	5.0
1509	Пахвова вена	76	1	7	2.0
1510	Пахова гранульома	190	1	11	6.0
1511	Пегільований інтерферон альфа-2а	87	0	9	3.0
1512	Пегільований інтерферон альфа-2b	30	0	4	1.0
1513	Пегфілграстим	15	0	2	1.0
1514	Педикульоз	2243	35	108	67.5
1515	Пелещук Анатолій Петрович	10	0	2	0.5
1516	Пембролізумаб	120	1	12	3.0
1517	Пеметрексед	46	0	4	2.0
1518	Пенетрація (медицина)	468	3	27	15.0
1519	Пеніцилін	2716	40	139	83.0
1520	Пентазоцин	50	0	4	2.0
1521	Пентамідин	40	0	4	1.0
1522	Пентобарбітал	151	1	11	4.5
1523	Пентоксифілін	290	2	19	9.0
1524	Пенцикловір	30	0	4	1.0
1525	Пептична виразка	1573	19	81	51.0
1526	Первинний амебний менінгоенцефаліт	64	0	11	2.0
1527	Передменструальний синдром	2623	53	113	88.0
1528	Передня мозкова артерія	94	1	6	3.0
1529	Передня яремна вена	85	0	9	3.0
1530	Передсердний натрійуретичний фактор	216	1	16	6.0
1531	Передчасна еякуляція	943	19	43	28.0
1532	Переливання крові	3168	32	179	101.5
1533	Перелік інфекційних хвороб людини	6718	53	464	204.0
1534	Перелік курсів екстреної медичної допомоги	15	0	2	1.0
1535	Перелік паразитарних хвороб людини	324	1	37	8.0
1536	Переломи кісток	4673	52	306	136.5
1537	Перикардит	721	7	48	21.0
1538	Перитоніт	2593	39	132	76.5
1539	Періодонтоз	653	9	40	17.0
1540	Перкусія	1170	5	78	37.5
1541	Пероральний прийом лікарських засобів	1874	38	90	56.5
1542	Перстнещитоподібна артерія	3	0	1	0.0
1543	Пертузумаб	18	0	2	1.0
1544	Перша холерна пандемія	17	0	4	1.0
1545	Петер Крауснекер	7	0	1	1.0
1546	Петехія	540	5	34	16.5
1547	Пефлоксацин	22	0	3	1.0
1548	Печериста пазуха	173	0	16	5.0
1549	Печінка	6227	59	333	192.0
1550	Печінкова недостатність	1067	9	62	34.5
1551	Печія	860	12	45	27.0
1552	Пирогов Микола Іванович	2433	50	134	75.5
1553	Півкулі головного мозку	1923	25	108	62.0
1554	Під'язикова артерія	9	0	2	0.0
1555	Підвисоцький Володимир Валеріанович	79	0	8	2.0
1556	Підвішуюча зв'язка щитоподібної залози	7	0	1	0.5
1557	Підключична артерія	526	7	31	15.5
1558	Підключична вена	136	0	11	4.0
1559	Підотимод	7	0	1	0.5
1560	Підпід'язикова артерія	3	0	1	0.0
1561	Підшкірна ін'єкція	1125	14	71	33.0
1562	Підшкірний мансонельоз	48	0	5	1.0
1563	Підшкірні філяріїдози	37	0	5	1.0
1564	Пієлонефрит	3425	41	179	112.0
1565	Пімозид	20	0	4	1.0
1566	Піндолол	31	0	5	1.0
1567	Пінеалобластома	4	0	1	0.0
1568	Пінеалома	11	0	2	0.0
1569	Пінта (хвороба)	89	1	10	2.0
1570	Піодермія	1814	24	104	54.5
1571	Піпемідова кислота	26	0	3	1.0
1572	Піперазин	191	2	14	5.0
1573	Піперацилін	41	0	4	2.0
1574	Піразинамід	60	0	5	2.0
1575	Пірамідна система	851	7	55	25.0
1576	Пірантел	242	2	15	7.0
1577	Пірибедил	9	0	2	0.0
1578	Піріметамін	55	0	5	2.0
1579	Піріметамін/сульфадоксин	14	0	3	1.0
1580	Пірліндол	17	0	3	1.0
1581	Піроксикам	79	0	6	2.0
1582	Пітавастатин	12	0	3	0.0
1583	Пітуіцитома	11	0	2	0.5
1584	Плазмодій	2762	13	234	74.0
1585	Платифілін	354	6	23	10.0
1586	Плеврит	2698	29	150	84.0
1587	Плевромутилін	12	0	4	0.0
1588	Плечеголовна вена	89	0	9	2.5
1589	Плечоголовний стовбур	80	0	8	3.0
1590	Пліометрика	61	0	4	2.0
1591	Плоска бородавка	105	1	7	3.0
1592	Плоскоклітинна карцинома щитоподібної залози	28	0	3	1.0
1593	Пляма (висип)	224	1	17	7.0
1594	Плямиста гарячка Скелястих Гір	60	0	7	2.0
1595	Пневмоконіоз	524	6	34	14.0
1596	Пневмоторакс	2536	24	124	89.0
1597	Пневмоцистна пневмонія	329	1	19	10.0
1598	Побічна дія (медицина)	4244	96	189	128.5
1599	Поверхнева скронева артерія	112	1	13	3.0
1600	Повільні інфекції	152	0	13	5.0
1601	Повітряно-крапельний механізм передачі інфекції	969	7	89	27.5
1602	Поворотний тиф	260	3	27	6.0
1603	Подагра	5918	133	261	182.0
1604	Позаконазол	31	0	7	1.0
1605	ПоКіФоРо ІнРиКоЗ	41	0	4	2.0
1606	Поле Бродмана 4	33	0	4	2.0
1607	Поле Бродмана 5	15	0	4	0.0
1608	Поле Бродмана 6	31	0	6	1.0
1609	Поле Бродмана 7	20	0	4	1.0
1610	Поле Бродмана 8	12	0	3	1.0
1611	Поле Бродмана 9	11	0	3	0.0
1612	Поле Бродмана 10	13	0	2	0.0
1613	Поле Бродмана 11	5	0	2	0.0
1614	Поле Бродмана 12	10	0	3	0.0
1615	Поле Бродмана 13	8	0	2	0.0
1616	Поле Бродмана 14	9	0	3	0.0
1617	Поле Бродмана 15	8	0	2	0.5
1618	Поле Бродмана 16	6	0	2	0.0
1619	Поле Бродмана 20	6	0	2	0.0
1620	Поле Бродмана 21	5	0	2	0.0
1621	Поле Бродмана 22	19	0	4	1.0
1622	Поле Бродмана 23	11	0	2	1.0
1623	Поле Бродмана 24	8	0	2	0.0
1624	Поле Бродмана 25	23	0	3	1.0
1625	Поле Бродмана 26	7	0	2	0.5
1626	Поле Бродмана 27	10	0	3	0.5
1627	Поле Бродмана 28	5	0	2	0.0
1628	Поле Бродмана 29	10	0	2	0.0
1629	Поле Бродмана 30	9	0	2	0.0
1630	Поле Бродмана 31	4	0	1	0.0
1631	Поле Бродмана 32	13	0	3	0.0
1632	Поле Бродмана 33	10	0	3	0.0
1633	Поле Бродмана 34	12	0	4	0.0
1634	Поле Бродмана 35	6	0	2	0.0
1635	Поле Бродмана 36	8	0	2	0.0
1636	Поле Бродмана 37	9	0	3	0.0
1637	Поле Бродмана 38	15	0	3	0.0
1638	Поле Бродмана 39	9	0	2	1.0
1639	Поле Бродмана 40	14	0	3	1.0
1640	Поле Бродмана 43	7	0	2	0.0
1641	Поле Бродмана 44	11	0	2	0.5
1642	Поле Бродмана 45	11	0	3	1.0
1643	Поле Бродмана 46	7	0	2	0.0
1644	Поле Бродмана 47	11	0	3	0.5
1645	Поле Бродмана 48	4	0	2	0.0
1646	Поле Бродмана 49	4	0	3	0.0
1647	Поле Бродмана 52	8	0	6	0.0
1648	Поліартрит	819	11	42	26.5
1649	Полідипсія	238	1	22	7.0
1650	Полієнові антибіотики	91	0	8	2.0
1651	Полікістоз нирок	446	3	23	14.5
1652	Поліклініка № 1 Державного управління справами	144	0	9	4.0
1653	Поліневрит	360	2	22	11.0
1654	Поліноз	617	8	44	16.0
1655	Поліомієліт	9332	90	786	240.0
1656	Політравма	1443	8	147	43.0
1657	Поліфагія (симптом)	182	1	15	4.5
1658	Поля Бродмана	283	3	19	8.0
1659	Поля Бродмана 17, 18, 19. Зорова кора.	71	0	8	2.0
1660	Поля Бродмана 41 і 42	13	0	2	0.0
1661	Поперечна артерія шиї	43	0	7	1.0
1662	Постцентральна звивина	111	1	9	3.0
1663	Потилична артерія	33	0	3	1.5
1664	Потилична частка	741	10	67	21.5
1665	Потрійний-А синдром	51	0	5	2.0
1666	Поясна кора	72	0	8	2.0
1667	Правастатин	21	0	3	1.0
1668	Правець	7220	82	848	177.0
1669	Правило Лібермейстера	41	0	12	1.5
1670	Правцева діагностична тріада	39	0	4	2.0
1671	Празиквантел	133	1	10	4.0
1672	Празозин	227	1	20	6.0
1673	Праміпексол	39	0	6	2.0
1674	Прамірацетам	38	0	5	1.0
1675	Прасугрель	52	0	6	2.0
1676	Прегабалін	682	11	33	21.0
1677	Преднізолон	847	10	41	24.0
1678	Примак Федір Якович	6	0	3	0.0
1679	Пріонові хвороби	6029	24	365	200.0
1680	Проба Шелестюка	163	0	19	4.0
1681	Прогестерон	2735	44	124	90.5
1682	Прогормон	15	0	4	1.0
1683	Прогресивний параліч	66	0	8	2.0
1684	Продромальний період	189	0	13	5.0
1685	Прозектор	39	0	4	1.5
1686	Проказа	2654	53	119	81.0
1687	Прокаїн	478	4	32	14.0
1688	Прокаїнамід	59	0	5	2.0
1689	Проктит	636	11	34	19.0
1690	Пролактин	1353	22	65	41.0
1691	Пролактинома	237	2	14	8.0
1692	Променева терапія	1082	12	64	34.0
1693	Променева хвороба	2596	26	148	78.5
1694	Променево-зап'ястковий суглоб	559	4	33	17.0
1695	Прометазин	121	1	11	3.0
1696	Пропафенон	52	0	6	1.0
1697	Пропілтіоурацил	21	0	3	1.0
1698	Пропранолол	358	2	26	11.0
1699	Пророксан	19	0	3	0.5
1700	Простагландини	804	14	50	22.5
1701	Простатит	4108	90	171	127.5
1702	Протиглисні засоби	121	0	11	3.0
1703	Протипаркінсонічні препарати	99	0	9	3.0
1704	Протіонамід	5	0	1	0.0
1705	Протрузія міжхребцевого диска	754	10	47	22.5
1706	Професійні хвороби	699	3	51	22.0
1707	Прохлорперазин	33	0	4	2.0
1708	Процедура Бенталла	54	0	8	2.0
1709	Псевдобульбарний синдром	769	12	44	24.0
1710	Псевдоефедрин	322	2	32	8.0
1711	Псевдотуберкульоз	757	1	42	21.5
1712	Психіатр	321	4	18	9.0
1713	Псоріаз	4501	89	208	146.0
1714	Пташиний грип	289	2	28	8.0
1715	Пульпіт	751	8	37	23.0
1716	Пульпозне ядро	54	0	8	1.0
1717	Пульс	4004	54	235	120.5
1718	Пульсометрія	71	0	9	2.0
1719	Пухир	205	1	15	6.0
1720	Пухлина головного мозку	2262	36	112	72.0
1721	Пухлинний маркер	458	2	27	15.0
1722	Рабдоміоліз	323	2	31	9.0
1723	Рабепразол	99	0	9	3.0
1724	Разагілін	11	0	2	1.0
1725	Рак легені	3470	55	174	109.5
1726	Рак молочної залози	1759	29	84	55.0
1727	Рак паращитоподібної залози	56	0	6	2.0
1728	Рак підшлункової залози	719	12	35	22.5
1729	Рак стравоходу	591	8	32	19.0
1730	Рак шийки матки	1041	10	61	33.0
1731	Рак шкіри	2184	37	121	63.0
1732	Рак щитоподібної залози	676	10	33	21.0
1733	Раково-ембріональний антиген	119	1	10	4.0
1734	Ралтегравір	13	0	3	1.0
1735	Рана	1560	9	113	50.0
1736	Рандомізоване контрольоване дослідження	168	1	10	5.0
1737	Ранолазин	61	0	5	2.0
1738	Рауль Бенсауд	6	0	2	0.0
1739	Рафаель Бланшар	6	0	2	0.0
1740	Рахіт	3104	29	177	99.5
1741	Реактивний артрит	901	11	47	28.0
1742	Реакція Асколі	251	0	60	4.5
1743	Реакція пасивної гемаглютинації	92	0	8	2.5
1744	Реанімація (медицина)	3021	23	158	103.0
1745	Ребаміпід	79	0	6	3.0
1746	Реберношийний стовбур	31	0	5	1.0
1747	Ревматизм	5329	84	242	168.0
1748	Ревматологія	701	10	35	22.0
1749	Рейкі	257	3	22	7.0
1750	Рене Лаенек	315	0	125	3.5
1751	Ренін	417	3	25	13.0
1752	Реноваскулярна гіпертензія	284	2	23	7.0
1753	Реовіруси	93	0	8	2.5
1754	Реовірусна інфекція	60	1	7	2.0
1755	Респіраторно-синцитіальна інфекція	327	3	37	8.5
1756	Рестриктивна кардіоміопатія	39	0	7	1.0
1757	Ретапамулін	5	0	2	0.0
1758	Реформа швидкої (екстреної) медичної допомоги в Україні з 2016 року	196	0	12	7.0
1759	Рецидив (медицина)	579	5	36	16.5
1760	Рибавірин	78	0	6	2.0
1761	Ривароксабан	211	2	15	5.5
1762	Ригідність потиличних м'язів	469	5	29	14.5
1763	Рикетсіози	322	2	21	8.5
1764	Римантадин	277	4	20	8.0
1765	Риновірусна інфекція	311	2	23	9.0
1766	Рисперидон	219	0	19	8.0
1767	Ритонавір	38	0	5	1.0
1768	Ритуксимаб	76	0	5	2.0
1769	Рифабутин	11	0	3	0.0
1770	Рифаксимін	78	0	6	2.0
1771	Рифаміцин	23	0	3	1.0
1772	Рифапентин	7	0	2	0.0
1773	Рідкісна хвороба	413	2	80	10.0
1774	Рілпівірин	6	0	2	0.0
1775	Роберт Кох	497	2	38	14.0
1776	Роботизована хірургія	127	0	9	4.0
1777	Рогівка	909	5	48	29.0
1778	Родимка	617	10	33	18.0
1779	Розлад особистості	534	4	30	16.5
1780	Розширена підтримка життя	77	0	6	2.5
1781	Роксатидин	13	0	3	0.0
1782	Рокситроміцин	26	0	4	1.0
1783	Рольфінг	30	0	4	1.0
1784	Романовський Дмитро Леонідович	12	0	3	1.0
1785	Ропінірол	14	0	3	0.0
1786	Ротавірусна інфекція	3160	59	135	100.0
1787	Ротиготин	8	0	2	0.0
1788	Рофекоксиб	74	0	8	2.0
1789	Рубець (медицина)	742	6	58	20.5
1790	Ручківський Сергій Никифорович	9	0	2	0.0
1791	С-клітина	39	0	4	1.0
1792	Савченко Іван Григорович	69	0	9	2.0
1793	Саквінавір	10	0	3	0.0
1794	Сальбутамол	558	5	29	15.5
1795	Сальгренська Університетська Лікарня	7	0	2	0.5
1796	Сальметерол	89	0	10	2.0
1797	Сальмонельоз	7742	79	437	249.5
1798	Санація (медицина)	609	5	31	20.0
1799	Сап	250	0	22	7.0
1800	Сапроноз	367	1	29	9.5
1801	Саркоїдоз	1039	10	79	29.0
1802	Саркома	1559	25	71	49.0
1803	Саркома Капоші	651	10	38	20.0
1804	Саркома Юїнга	633	6	44	16.5
1805	Саркоцистоз	24	0	3	1.0
1806	Свен Івар Сельдінгер	17	0	3	1.0
1807	Світлобоязнь	70	0	6	3.0
1808	Себастьяно Рівольта	12	0	3	0.0
1809	Севофлуран	179	1	14	4.5
1810	Сезонний афективний розлад	187	0	12	5.5
1811	Секнідазол	105	0	10	3.0
1812	Секретин	156	0	16	3.5
1813	Селегілін	24	0	4	1.0
1814	Сепсис	4705	61	412	135.0
1815	Септичний шок	994	13	52	30.0
1816	Середньомозкове ядро трійчастого нерва	13	0	3	1.0
1817	Середня мозкова артерія	184	0	12	6.0
1818	Середня щитоподібна вена	9	0	3	0.0
1819	Серозні мансонельози	15	0	3	1.0
1820	Серозні філяріїдози	15	0	2	1.0
1821	Серотонін	2850	59	159	84.5
1822	Сертаконазол	53	0	6	2.0
1823	Сертиндол	14	0	3	1.0
1824	Сертралін	355	4	22	10.0
1825	Серце людини	5708	78	283	181.0
1826	Серцева недостатність	4991	62	245	162.0
1827	Серцево-судинні захворювання	2451	34	133	75.5
1828	Сехіфенадин	16	0	4	0.5
1829	Сечокам'яна хвороба	2105	31	104	68.0
1830	Сибірка	3788	30	504	83.0
1831	Силікоз	532	4	29	16.5
1832	Силодозин	39	0	4	1.0
1833	Симпатикотонія	80	0	9	2.0
1834	Симптом	1005	14	54	29.5
1835	Симптом Аарона	32	0	5	1.0
1836	Симптом Абаді	6	0	2	0.0
1837	Симптом Бабінскі	569	6	44	16.0
1838	Симптом блідого носогубного трикутника	105	0	7	3.0
1839	Симптом випорожнень по типу «рисового відвару»	42	0	5	1.0
1840	Симптом Вінтерботтома	14	0	3	0.5
1841	Симптом Гієна	48	0	5	1.0
1842	Симптом Годельє	360	2	38	8.5
1843	Симптом двобічного збільшення потиличних лімфатичних вузлів	70	0	7	2.0
1844	Симптом Добровольської-Ніколадоні	4	0	3	0.0
1845	Симптом каптура	33	0	4	1.0
1846	Симптом каптура (психіатрія)	62	0	21	1.5
1847	Симптом Керніга	469	5	31	15.0
1848	Симптом Кіарі	24	0	3	1.0
1849	Симптом Копліка	521	7	26	16.0
1850	Симптом Курвуазьє	584	5	40	17.0
1851	Симптом Левіна	19	0	3	1.0
1852	Симптом Лессажа	52	0	5	2.0
1853	Симптом малинового желе	279	1	19	8.0
1854	Симптом малинового язика	354	5	19	10.5
1855	Симптом Мюссе	156	1	10	5.0
1856	Симптом Нікольського	559	6	37	16.5
1857	Симптом Падалки	155	1	13	5.0
1858	Симптом Пастернацького	177	0	16	6.5
1859	Симптом Пастіа	84	0	8	2.5
1860	Симптом Піка	22	0	3	1.0
1861	Симптом Романьї	14	0	2	1.0
1862	Симптом рукавичок і шкарпеток	125	0	13	4.0
1863	Симптом Стімсона	23	0	3	1.0
1864	Симптом Стокса	142	0	15	5.0
1865	Симптом триніжка	73	0	6	2.5
1866	Симптом Фаже	12	0	2	1.0
1867	Симптом Феррарі	19	0	3	1.0
1868	Симптом Флатау	56	0	8	1.5
1869	Симптом Форчгеймера	20	0	3	1.0
1870	Симптом Щоткіна-Блюмберга	726	3	38	24.5
1871	Симптоми Брудзинського	317	2	18	10.0
1872	Симптоми Тауссіга	7	0	2	1.0
1873	Синдактилія	374	6	23	11.0
1874	Синдром	905	10	48	28.0
1875	Синдром Аазе — Сміта	33	0	4	1.0
1876	Синдром Аарскога	52	0	5	1.0
1877	Синдром Абдалла — Девіса — Фарража	23	0	3	1.0
1878	Синдром Авелліса	39	0	11	1.0
1879	Синдром Адамса—Олівера	70	0	7	2.0
1880	Синдром Аді	63	0	7	2.0
1881	Синдром Аді—Крітчлі	18	0	2	1.0
1882	Синдром Аєрзи	48	0	6	2.0
1883	Синдром Акерманів	20	0	3	1.0
1884	Синдром Алажілля	74	0	7	2.5
1885	Синдром Аллана—Герндона—Дадлі	17	0	4	1.0
1886	Синдром Аллена—Гайнса	19	0	3	1.0
1887	Синдром Аллена—Мастерса	69	0	8	2.0
1888	Синдром Алстрема	40	0	3	1.0
1889	Синдром Альвареса	38	0	5	1.0
1890	Синдром Альпорта	151	1	10	4.5
1891	Синдром Андерманна	30	0	3	1.0
1892	Синдром Андерсен	30	0	3	1.0
1893	Синдром Антлі—Бікслера	40	0	8	1.0
1894	Синдром Аперта	68	0	6	2.0
1895	Синдром Аракава I	6	0	3	1.0
1896	Синдром Аракава II	4	0	1	0.0
1897	Синдром Аспергера	3657	68	215	99.5
1898	Синдром Ачора—Сміта	4	0	1	0.0
1899	Синдром Ашара	54	0	7	2.0
1900	Синдром Ашара — Тьєра	27	0	4	1.0
1901	Синдром Ашера	55	0	5	2.0
1902	Синдром Ашермана	336	2	39	8.5
1903	Синдром Бадда — Кіарі	494	6	35	13.0
1904	Синдром Бехчета	283	2	21	8.0
1905	Синдром Бруннера	48	0	7	2.0
1906	Синдром Вегенера	333	3	23	9.5
1907	Синдром відміни	1179	12	63	35.5
1908	Синдром Вільямса	443	2	25	14.5
1909	Синдром Вольфа-Паркінсона-Вайта	866	6	47	27.5
1910	Синдром Герстмана — Штройслера — Шейнкера	351	1	34	8.0
1911	Синдром Гієна — Барре	1042	8	58	31.5
1912	Синдром гіпоплазії лівих відділів серця	136	0	9	4.0
1913	Синдром Горнера	766	6	42	24.0
1914	Синдром Гудпасчера	107	0	14	3.0
1915	Синдром Дабіна — Джонсона	117	0	9	3.0
1916	Синдром де Тоні — Дебре — Фанконі	118	0	13	3.0
1917	Синдром Денді—Волкера	237	2	17	6.0
1918	Синдром Джанотті—Крості	166	1	18	7.5
1919	Синдром Доріана Грея	71	0	6	2.0
1920	Синдром Дресслера	326	2	20	10.0
1921	Синдром Едвардса	913	9	51	26.0
1922	Синдром Ейкарді	51	0	5	1.0
1923	Синдром Елліса — ван Кревельда	60	0	8	1.0
1924	Синдром Жильбера	1279	18	78	40.5
1925	Синдром зап'ястного каналу	1086	18	67	33.0
1926	Синдром Золлінгера — Еллісона	388	3	28	11.0
1927	Синдром Кавасакі	386	3	23	12.0
1928	Синдром Кейтеля	14	0	2	1.0
1929	Синдром китайського ресторану	38	0	3	1.0
1930	Синдром Корсакова	379	3	30	11.5
1931	Синдром космічної адаптації	49	0	8	1.0
1932	Синдром Котара	280	1	27	7.5
1933	Синдром котячого крику	715	7	42	23.0
1934	Синдром Криглера — Найяра	159	0	17	4.0
1935	Синдром Лаєлла	1219	13	66	37.5
1936	Синдром Лауна — Ґанонґа — Левайна	226	2	15	7.0
1937	Синдром Лея	33	0	3	1.0
1938	Синдром Маккюна—Олбрайта	449	2	103	10.0
1939	Синдром Марфана	1515	19	76	47.5
1940	Синдром Морганьї — Адамса — Стокса	434	3	26	12.5
1941	Синдром Морріса	245	0	21	7.0
1942	Синдром Неємія Ашерсона	13	0	2	1.0
1943	Синдром Неймеген	107	0	10	3.0
1944	Синдром Патау	982	12	51	29.0
1945	Синдром Пейтца — Єгерса	119	0	11	3.0
1946	Синдром передчасного збудження шлуночків	41	0	4	2.0
1947	Синдром подразненого кишечника	1489	27	73	44.5
1948	Синдром порушення активності та уваги	1455	24	113	37.0
1949	Синдром раптової дитячої смерті	185	1	15	4.0
1950	Синдром Ретта	292	4	18	8.0
1951	Синдром Рея	435	1	25	13.0
1952	Синдром Ротора	79	0	7	3.0
1953	Синдром Сваєра	52	0	5	2.0
1954	Синдром системної запальної відповіді	278	2	29	8.0
1955	Синдром слабкості синусового вузла	422	1	22	13.5
1956	Синдром Стендаля	300	1	30	8.0
1957	Синдром Стівенса — Джонсона	853	8	41	27.0
1958	Синдром струшеної дитини	452	5	24	14.0
1959	Синдром Такаясу	290	1	19	9.0
1960	Синдром Тернера	1080	16	51	36.0
1961	Синдром тривалої гарячки невідомого походження	210	1	18	7.0
1962	Синдром Ундіни	89	0	7	3.0
1963	Синдром хронічної втоми	974	15	63	30.0
1964	Синдром Шегрена	660	6	35	20.5
1965	Синостоз	331	2	19	10.0
1966	Синхондроз	364	2	20	11.5
1967	Сироваткова хвороба	338	2	32	10.0
1968	Сиролімус	50	0	6	1.0
1969	Система винагород	76	0	8	2.0
1970	Система груп крові AB0	439	5	26	13.0
1971	Системна склеродермія	1014	12	56	33.5
1972	Системний бартонельоз	38	0	4	1.0
1973	Системний червоний вовчак	2580	50	120	81.5
1974	Сифіліс	8631	155	387	274.0
1975	Сім'яний канатик	287	2	19	9.0
1976	Сім'яні залози	854	13	57	26.0
1977	Сінгамоз	67	0	6	3.0
1978	Сіра речовина	1476	10	96	48.0
1979	Сіріл Гарнем	2	0	1	0.0
1980	Сітківка	891	4	63	25.0
1981	Сказ	4871	71	316	143.0
1982	Скальпована рана	71	0	6	2.0
1983	Скарлатина	5642	80	273	169.0
1984	Сколіоз	2553	17	159	72.5
1985	Скронева кістка	1250	18	73	36.0
1986	Скронева частка	759	11	45	22.5
1987	Скроневий м'яз	244	1	18	7.0
1988	Слоновість	441	4	37	9.0
1989	Смугасте тіло	377	3	27	12.0
1990	СНІД	10003	127	476	298.5
1991	Содоку	80	0	8	2.0
1992	Сокол Олександра Семенівна	40	0	9	1.0
1993	Соліфенацин	31	0	5	1.0
1994	Соматосенсорна система	87	0	10	2.0
1995	Соматостатин	271	1	22	8.0
1996	Соматостатинома	7	0	2	0.0
1997	Соматотропний гормон	1129	16	68	34.0
1998	Сонна хвороба	1752	14	140	45.0
1999	Сорафеніб	34	0	4	1.0
2000	Соталол	54	0	5	2.0
2001	Софосбувір	1861	22	103	56.5
2002	Сочевицеподібне ядро	131	0	10	4.0
2003	Спадкові захворювання	1281	8	77	43.0
2004	Спалах інфекційної хвороби	119	1	13	3.0
2005	Спарганоз	32	0	4	1.0
2006	Спарфлоксацин	21	0	3	1.0
2007	Спектиноміцин	32	0	6	1.0
2008	Спинномозкова рідина	1636	13	79	56.0
2009	Спинномозкове ядро трійчастого нерва	27	0	3	1.0
2010	Список лауреатів Нобелівської премії з фізіології або медицини	1121	9	70	28.0
2011	Список спадкових хвороб	599	3	84	16.5
2012	Спінальна анестезія	886	10	43	30.5
2013	Спіраміцин	61	0	8	2.0
2014	Спіраприл	9	0	2	0.0
2015	Спленомегалія	257	1	19	7.0
2016	Справжня поліцитемія	941	8	51	30.5
2017	Стабілізатор мастоцитів	30	0	5	1.0
2018	Ставудин	5	0	1	0.0
2019	Станіслав фон Провасек	25	0	11	0.0
2020	Статини	770	5	60	24.0
2021	Стафілокок	5522	87	258	168.5
2022	Стафілокок золотистий	1815	22	120	54.5
2023	Стафілококова інфекція	3130	38	152	91.0
2024	Стеноз	611	2	31	19.5
2025	Стеноз мітрального клапана	463	3	27	14.5
2026	Стефанський В'ячеслав Карлович	40	0	15	1.0
2027	Стравохід	2583	20	140	77.5
2028	Стрептобацильоз	35	0	4	1.0
2029	Стрептококовий фарингіт	1381	17	65	44.5
2030	Стригучий лишай	337	3	31	9.0
2031	Стрічка Брозлоу для екстреної педіатричної допомоги	13	0	3	0.0
2032	Стронгілоїдоз	691	4	46	19.5
2033	Строфантин	392	3	27	11.5
2034	Стьожак	1178	6	97	32.0
2035	Субарахноїдальний крововилив	812	10	49	27.0
2036	Субдуральна гематома	688	5	32	21.0
2037	Субталамічне ядро	74	0	7	2.0
2038	Суглоб	5949	59	313	184.0
2039	Сулодексид	124	1	9	4.0
2040	Сульбактам	93	0	9	3.0
2041	Сульпірид	276	2	17	8.0
2042	Сульфадиметоксин	123	1	9	4.0
2043	Сульфадимідин	15	0	2	0.0
2044	Сульфадіазин	27	0	4	1.0
2045	Сульфадоксин	41	0	5	1.0
2046	Сульфаметоксазол	60	0	6	2.0
2047	Сульфаметоксазол/триметоприм	316	2	24	9.5
2048	Сульфаметрол	5	0	1	0.0
2049	Сульфаніламід	435	7	26	13.5
2050	Сульфацетамід	84	0	10	2.5
2051	Сунітиніб	48	0	7	1.0
2052	Суперечка щодо насичених жирів	11	0	2	0.5
2053	СХ614	3	0	1	0.0
2054	Східний енцефаломієліт коней	75	0	7	2.0
2055	Сьома холерна пандемія	76	1	7	2.0
2056	Т-клітинна терапія лейкозу	12	0	2	0.5
2057	Таблетки, що розпадаються в ротовій порожнині	52	0	4	2.0
2058	Таксани	23	0	3	1.0
2059	Таласемія	543	5	36	16.5
2060	Талінолол	30	0	7	1.0
2061	Тамоксифен	179	1	14	4.5
2062	Тамсулозин	157	1	14	5.0
2063	Тегасерод	30	0	4	1.0
2064	Тегафур	6	0	2	0.0
2065	Тедизолід	12	0	4	0.0
2066	Теїксобактин	35	0	5	1.0
2067	Тейкопланін	24	0	4	1.0
2068	Телапревір	5	0	1	0.0
2069	Телбівудин	2	0	1	0.0
2070	Телемедицина	432	2	33	11.0
2071	Телітроміцин	9	0	2	0.0
2072	Телмісартан	90	0	7	3.0
2073	Темозоломід	25	0	3	1.0
2074	Тендовагініт	641	7	42	18.0
2075	Теніази	56	0	5	2.0
2076	Теніаринхоз	530	5	42	15.5
2077	Теніоз	592	5	38	17.5
2078	Теноксикам	25	0	3	1.0
2079	Тенонітрозол	13	0	3	0.0
2080	Тенофовір	144	0	12	4.0
2081	Тенофовір/Емтрицитабін	34	0	5	1.0
2082	Теобальд Сміт	31	0	5	1.0
2083	Тепловий удар	1343	7	92	34.0
2084	Теразозин	69	0	9	2.0
2085	Тератома	551	2	37	17.5
2086	Тербінафін	186	1	22	5.0
2087	Тербуталін	42	0	4	1.0
2088	Теризидон	6	0	3	0.0
2089	Термінальний нерв	32	0	3	1.0
2090	Терфенадин	24	0	3	1.0
2091	Тестостерон	2114	40	99	66.0
2092	Тетраплегія	213	1	20	5.5
2093	Тизанідин	76	0	7	2.0
2094	Тикагрелор	90	1	11	2.5
2095	Тикарцилін	34	0	4	1.0
2096	Тиклопідин	39	0	4	1.0
2097	Тимолол	38	0	5	1.0
2098	Тинзапарин	13	0	4	0.0
2099	Тинідазол	72	0	7	2.0
2100	Типранавір	3	0	2	0.0
2101	Тиреоглобулін	724	4	35	22.5
2102	Тиреоїдектомія	381	3	31	10.5
2103	Тиреоїдит Хашимото	1511	22	96	46.5
2104	Тиреопероксидаза	253	0	21	7.0
2105	Тиреотропний гормон	2220	23	108	71.0
2106	Тироксин	1738	20	109	49.5
2107	Тиротрицин	345	2	24	11.0
2108	Тиф	1304	20	65	38.5
2109	Тіамазол	89	0	7	3.0
2110	Тіамфенікол	18	0	4	0.0
2111	Тіанептин	37	0	4	1.0
2112	Тіаприд	28	1	10	2.0
2113	Тігециклін	35	0	4	1.0
2114	Тім'яна частка	775	8	53	22.5
2115	Тіогуанін	9	0	1	0.0
2116	Тіопентал натрію	269	1	25	6.5
2117	Тіоридазин	36	0	5	2.0
2118	Тіотриазолін	601	10	32	18.0
2119	Тіотропію бромід	81	0	16	2.0
2120	Тітов Михайло Борисович	15	0	2	1.0
2121	Тобраміцин	105	0	9	3.5
2122	Токсичний багатовузловий зоб	270	1	17	7.0
2123	Токсокароз	1323	20	73	42.5
2124	Токсоплазмоз	2743	53	129	87.5
2125	Толперизон	54	0	5	2.0
2126	Толтеродин	27	0	8	1.0
2127	Томас Сиденгам	50	0	8	2.0
2128	Тонкоголкова аспіраційна пункційна біопсія	199	0	13	6.0
2129	Топотекан	37	0	4	1.0
2130	Тореміфен	30	0	3	1.0
2131	Тоцилізумаб	27	0	5	1.0
2132	Трандолаприл	12	0	3	0.0
2133	Трансмісивний механізм передачі інфекції	597	3	35	19.0
2134	Трансплантат	78	0	6	2.0
2135	Трансплантація	1258	13	74	36.5
2136	Трансплантація печінки	284	2	24	8.5
2137	Трансплантологія	286	1	22	8.0
2138	Трапецієподібний м'яз	807	4	50	23.0
2139	Трастузумаб	277	0	68	4.5
2140	Трахеїт	1332	16	90	40.0
2141	Трахома	299	2	23	9.0
2142	Трематодози	70	0	8	3.0
2143	Третиноїн	95	0	8	3.0
2144	Третій шлуночок	154	1	14	4.5
2145	Третя пандемія чуми	98	0	8	3.0
2146	Третя холерна пандемія	7	0	3	0.0
2147	Триамцинолон	136	1	10	4.0
2148	Тригексифенідил	121	0	11	3.0
2149	Трийодтиронін	342	4	22	9.5
2150	Трикутник Пирогова	287	1	21	8.5
2151	Тримебутин	99	1	7	3.0
2152	Тримеперидин	178	1	15	5.0
2153	Триметазидин	173	0	19	5.5
2154	Триметоприм	75	0	7	2.0
2155	Трипаносомози	160	0	10	5.0
2156	Трипторелін	32	0	4	1.0
2157	Трифлузал	46	0	6	1.0
2158	Трифлуоперазин	37	0	5	1.0
2159	Трихінельоз	945	10	58	28.0
2160	Трихомоноз	2897	44	141	93.5
2161	Трихоцефальоз	600	6	36	19.0
2162	Трициклічні антидепресанти	397	4	21	12.5
2163	Тріада Гатчінсона	155	1	14	4.0
2164	Трійчастий вузол	43	0	4	2.0
2165	Трійчастий нерв	2748	31	152	81.5
2166	Тровафлоксацин	21	0	2	1.0
2167	Тромбоемболія легеневої артерії	2533	36	141	79.5
2168	Тромбоз	1321	22	71	41.5
2169	Тромбоз глибоких вен	774	14	45	23.5
2170	Тромбофлебіт	975	18	44	30.0
2171	Тромбоцитопенія	883	6	52	29.0
2172	Тропічна медицина	38	0	6	1.0
2173	Тропічні хвороби	89	0	10	2.0
2174	Троподифен	15	0	4	1.0
2175	Тропонін	658	6	44	20.5
2176	Туберкульоз	14366	165	789	478.5
2177	Туберозний склероз	215	1	27	6.0
2178	Туляремія	1057	9	66	30.5
2179	Тулярин	25	0	3	1.0
2180	Тяжкий гострий респіраторний синдром	335	2	21	9.5
2181	Увеїт	752	8	58	21.0
2182	Ударний об'єм	141	0	11	4.0
2183	Українська військово-медична академія	238	1	17	8.0
2184	Українська спілка психотерапевтів	138	0	10	4.0
2185	Український лепрозорій	112	1	11	3.0
2186	Ундециленова кислота	26	0	3	1.0
2187	Урапідил	78	0	7	2.5
2188	Уремія	569	6	43	16.0
2189	Уропепсин	6	0	3	0.0
2190	Устекінумаб	24	0	4	1.0
2191	Фавіпіравір	8	0	2	0.0
2192	Фамотидин	98	0	8	3.0
2193	Фамцикловір	33	0	4	1.0
2194	Фарбування гематоксиліном-еозином	136	1	13	4.0
2195	Фарбування за ван Гізоном	45	0	6	2.0
2196	Фарбування за Романовським—Гімзою	223	1	25	6.0
2197	Фарбування за Цілем — Нільсеном	466	0	47	11.5
2198	Фарингіт	4039	91	175	126.0
2199	Фармацевтика	221	3	14	7.0
2200	Фармація	437	5	23	14.0
2201	Фасціолопсидоз	18	1	7	2.0
2202	Фасціольоз	637	4	54	19.0
2203	Фасція (анатомія)	1062	10	79	29.0
2204	Фатальне сімейне безсоння	1502	10	149	34.5
2205	Фекально-оральний механізм	846	8	48	25.5
2206	Фексофенадин	65	0	8	2.0
2207	Фелодипін	35	0	4	1.0
2208	Фенетилін	81	0	9	2.0
2209	Фенілбутазон	52	0	5	1.0
2210	Феніндіон	15	0	3	1.0
2211	Фенітоїн	131	1	16	3.0
2212	Феноксиметилпеніцилін	57	0	6	2.0
2213	Фенотерол	119	1	9	3.0
2214	Фенспірид	135	0	14	4.0
2215	Фентиконазол	21	0	3	1.0
2216	Фентоламін	231	1	15	7.0
2217	Феохромоцитома	655	5	38	21.0
2218	Фердинанд фон Гебра	4	0	1	0.0
2219	Фердинанд Штехер	3	0	1	0.0
2220	Фіброгастродуоденоскопія	263	1	15	8.0
2221	Фіброзне кільце	86	0	7	3.0
2222	Філатов Володимир Петрович	1619	9	142	41.0
2223	Філграстим	51	0	6	1.0
2224	Філіппо Пачіні	12	0	2	0.0
2225	Філяріїдози	182	1	14	5.0
2226	Фінастерид	150	1	11	5.0
2227	Фінголімод	24	0	4	1.0
2228	Флегмона	1094	10	67	33.0
2229	Флекаїнід	40	0	5	1.0
2230	Флувастатин	22	0	3	1.0
2231	Флувоксамін	60	0	11	2.0
2232	Флударабін	23	0	3	1.0
2233	Флуконазол	434	7	28	13.0
2234	Флуоксетин	740	12	45	23.0
2235	Флупіртин	11	0	4	0.0
2236	Флурбіпрофен	100	1	8	3.0
2237	Флутамід	86	0	5	3.0
2238	Флуфеназин	37	0	4	1.0
2239	Флуцитозин	13	0	2	0.0
2240	Флюоресцентна гібридизація in situ	109	0	13	3.0
2241	Флюпентиксол	40	0	7	1.0
2242	Фозиноприл	15	0	4	0.0
2243	Фолікулярна клітина	106	0	12	3.0
2244	Фолікулярний рак щитоподібної залози	131	0	11	4.0
2245	Фондапаринукс	24	0	4	1.0
2246	Формотерол	50	0	6	1.0
2247	Фосампренавір	6	0	1	0.0
2248	Фоскарнет	23	0	3	1.0
2249	Фосфазид	6	0	2	0.0
2250	Фосфоміцин	262	1	15	8.0
2251	Фотемустин	3	0	2	0.0
2252	Фрамбезія	133	1	10	4.0
2253	Фраміцетин	51	0	5	2.0
2254	Франц Бабель де Фронсберґ	8	0	2	0.0
2255	Франц де Пауля Нойгаузер	5	0	2	0.0
2256	Фрідріх Гаас	35	0	5	2.0
2257	Фрідріх Фюллеборн	16	0	5	1.0
2258	Фріц Шаудін	8	0	2	0.0
2259	Фталилсульфатіазол	46	0	4	2.0
2260	Фтивазид	34	0	5	1.0
2261	Фторлак	15	0	3	1.0
2262	Фторхінолони	749	7	39	26.0
2263	Фузафунгін	56	0	5	1.0
2264	Фузидова кислота	51	0	6	1.5
2265	Фульвестрант	13	0	3	0.0
2266	Фуразидин	95	0	8	3.0
2267	Фуразолідон	206	2	23	6.0
2268	Фурункульоз	3262	65	146	100.5
2269	Хантавірусний легеневий синдром	62	0	8	2.0
2270	Харчові отруєння	3853	28	229	131.5
2271	Хасімото Хакару	2	0	1	0.0
2272	Хвороба «рука-нога-рот»	688	8	50	20.5
2273	Хвороба Альцгеймера	6057	106	259	183.5
2274	Хвороба Андерсен	37	0	5	1.0
2275	Хвороба Боуена	429	1	26	13.0
2276	Хвороба Верльгофа	1294	8	87	39.5
2277	Хвороба Вільсона	854	12	50	25.0
2278	Хвороба Вільяма Александера	56	0	6	2.0
2279	Хвороба Гантінгтона	894	12	60	26.0
2280	Хвороба Гюнтера	122	0	10	3.0
2281	Хвороба Іценка — Кушинга	987	13	57	30.5
2282	Хвороба К'ясанурського лісу	30	0	4	1.0
2283	Хвороба котячих подряпин	876	11	45	26.0
2284	Хвороба Кройцфельда — Якоба	1318	10	104	38.0
2285	Хвороба Лайма	4374	83	191	135.5
2286	Хвороба Менкеса	38	0	4	1.0
2287	Хвороба Паркінсона	4990	105	271	154.5
2288	Хвороба Пейроні	204	2	11	7.0
2289	Хвороба Пертеса	587	4	31	17.5
2290	Хвороба Пламмера	1	0	1	0.0
2291	Хвороба Рандю — Ослера	315	2	29	9.0
2292	Хвороба Рейно	1493	17	70	47.0
2293	Хвороба Росаі — Дорфман	8	0	2	0.0
2294	Хвороба Тея — Сакса	390	2	30	10.0
2295	Хвороба Фарбера	38	0	5	1.0
2296	Хвороба Шагаса	387	4	31	11.0
2297	Хвороба Шамберга	107	0	12	3.0
2298	Хвороба, яку спричинює вірус Ебола	1379	12	105	37.0
2299	Хвороба, яку спричинює вірус Зіка	279	1	18	8.0
2300	Хвороба, яку спричинює вірус Марбург	264	1	22	8.0
2301	Хвороба, яку спричинює вірус Ніпах	53	0	4	2.0
2302	Хвороба, яку спричинює вірус Хендра	29	0	5	1.0
2303	Хвороби, що передаються статевим шляхом	3975	50	223	121.5
2304	Хвостате ядро	124	0	9	3.0
2305	Хидей Ногучі	26	0	4	1.0
2306	Хілоторакс	292	1	28	7.5
2307	Хілурія	49	0	7	2.0
2308	Хінідин	93	0	7	2.0
2309	Хінолони	130	0	9	4.0
2310	Хірургічна операція	1487	14	76	45.5
2311	Хірургія	816	10	42	26.0
2312	Хіфенадин	19	0	4	1.0
2313	Хламідійна лімфогранульома	296	3	20	9.0
2314	Хламідіоз	3483	61	176	111.0
2315	Хлорамбуцил	17	0	5	0.0
2316	Хлорамфенікол	468	5	27	14.5
2317	Хлордіазепоксид	60	0	9	2.0
2318	Хлоропірамін	136	0	14	4.0
2319	Хлорохін	50	0	5	2.0
2320	Хлорфенамін	135	1	12	4.0
2321	Хлорхінальдол	15	0	3	1.0
2322	Холангіт	377	4	33	10.0
2323	Холера	7157	79	398	207.0
2324	Холерний вібріон	1492	10	129	44.5
2325	Холестатичний синдром	784	6	44	25.0
2326	Холецистектомія	370	2	21	12.0
2327	Хоменко Григорій Гнатович	26	0	6	1.0
2328	Хондрит (хвороба)	22	0	3	1.0
2329	Хоріонічний гонадотропін	1385	16	64	44.5
2330	Хоріосклероз	61	0	6	2.0
2331	Хржонщевський Никанор Адамович	40	0	5	1.0
2332	Хромафінні клітини	34	0	4	1.0
2333	Хромомікоз	23	1	6	3.0
2334	Хронічна ниркова недостатність	1047	6	67	32.0
2335	Хронічний гастрит	947	6	84	29.5
2336	Хронічний гепатит	780	5	50	22.0
2337	Хронічний лімфолейкоз	242	2	14	7.0
2338	Хронічний мієлоцитарний лейкоз	114	0	13	4.0
2339	Хронічний панкреатит	894	11	47	27.5
2340	Цві Ларон	13	0	4	0.0
2341	Целекоксиб	176	2	15	4.5
2342	Центральний госпіталь Міністерства внутрішніх справ України	385	1	25	12.0
2343	Центральний госпіталь Служби безпеки України	350	3	21	10.5
2344	Центральний клінічний госпіталь Державної прикордонної служби України	338	2	23	10.0
2345	Ценуроз	40	0	5	1.0
2346	Церивастатин	22	0	4	1.0
2347	Цетиризин	257	2	17	7.0
2348	Цетуксимаб	25	0	5	1.0
2349	Цефадроксил	33	0	4	1.0
2350	Цефазолін	159	1	11	4.0
2351	Цефаклор	41	0	4	1.0
2352	Цефалексин	125	0	13	4.0
2353	Цефалоспорини	968	12	59	29.5
2354	Цефалотин	22	0	6	1.0
2355	Цефамандол	21	0	5	1.0
2356	Цефепім	83	0	9	2.0
2357	Цефіксим	273	1	31	8.0
2358	Цефоперазон	66	0	5	2.0
2359	Цефотаксим	155	1	10	5.0
2360	Цефпірамід	7	0	1	0.5
2361	Цефпіром	21	0	3	1.0
2362	Цефподоксим	301	1	22	8.0
2363	Цефпрозил	25	0	4	1.0
2364	Цефрадин	18	0	3	1.0
2365	Цефтазидим	79	0	7	2.0
2366	Цефтаролін	61	0	6	2.0
2367	Цефтібутен	14	0	5	0.5
2368	Цефтізоксим	14	0	2	1.0
2369	Цефтобіпрол	76	0	8	2.0
2370	Цефтріаксон	1078	18	54	34.0
2371	Цефуроксим	195	2	12	5.5
2372	Цеце	783	4	55	23.5
2373	Цидофовір	20	0	4	0.0
2374	Цизаприд	78	0	6	3.0
2375	Циклосерин	34	0	3	1.0
2376	Циклоспорин	135	0	9	4.0
2377	Циклофосфамід	81	0	9	2.0
2378	Цилазаприл	13	0	3	0.5
2379	Цилостазол	55	0	6	2.0
2380	Циметидин	75	0	7	2.0
2381	Цинаризин	339	6	17	10.5
2382	Ципрогептадин	69	0	7	2.0
2383	Ципротерон	87	0	8	2.0
2384	Ципрофлоксацин	623	11	27	20.0
2385	Цироз печінки	2506	32	125	81.0
2386	Цисплатин	133	1	12	3.0
2387	Цистит	3029	56	142	94.5
2388	Цистицеркоз	500	6	28	14.5
2389	Циталопрам	167	1	13	4.5
2390	Цитарабін	49	0	7	2.0
2391	Цитиколін	162	0	11	4.0
2392	Цитомегаловірус	1552	22	69	47.0
2393	Цитомегаловірусна інфекція	1440	20	70	46.0
2394	Ціп'як бичачий	3706	37	287	103.5
2395	Ціп'як свинячий	2786	15	264	71.0
2396	Ціп'як собачий	112	0	11	3.0
2397	Цукровий діабет	11087	144	584	356.0
2398	Цукровий діабет тип 1	616	6	30	20.0
2399	Цукровий діабет тип 2	2733	42	126	86.0
2400	Цуцугамуші	56	0	5	2.0
2401	Чарльз Донован	27	1	7	3.0
2402	Червоне ядро	280	1	20	7.0
2403	Черевний тиф	5162	48	262	158.5
2404	Черепні нерви	3764	39	212	120.5
2405	Черепно-мозкова травма	2408	28	147	81.0
2406	Чернов Василь Єгорович	12	0	4	0.0
2407	Четверта холерна пандемія	2	0	1	0.0
2408	Четвертий шлуночок	232	1	16	7.0
2409	Чікунгунья	98	0	7	3.0
2410	Чоловіча статева система	7153	169	297	223.0
2411	Чорна речовина	393	4	43	10.5
2412	Чорна смерть	2861	33	150	83.5
2413	Чорна Тамара Трохимівна	7	0	3	0.0
2414	Чума	7669	107	407	233.5
2415	Чума Юстиніана	351	3	26	10.5
2416	Чумна паличка	976	6	97	25.0
2417	Шагома	7	0	1	0.0
2418	Шарлотта Кліверлі-Бісман	38	0	5	1.0
2419	Шарль Манту	36	0	6	1.0
2420	Шевчук Віктор Григорович	20	0	3	1.0
2421	Шигелла Бойда	11	0	2	0.0
2422	Шигельоз	4033	23	241	127.0
2423	Шизофренія	9271	180	558	280.5
2424	Шийний відділ хребта	2223	15	142	63.0
2425	Шина (медицина)	495	3	41	14.5
2426	Шистосомози	234	0	12	7.0
2427	Шия	1063	10	58	32.5
2428	Шкала Франкеля	138	0	21	4.0
2429	Шкурба Андрій Вікторович	55	0	15	1.0
2430	Шлунково-кишкова кровотеча	1948	19	104	64.5
2431	Шлунок	6569	56	400	163.5
2432	Шок (медицина)	3285	26	161	100.5
2433	Шоста холерна пандемія	9	0	2	1.0
2434	Шпательний тест	23	0	4	1.0
2435	Шпиталь	221	0	15	6.0
2436	Щербак Юрій Миколайович	444	4	49	12.0
2437	Щитоподібна залоза	6900	80	330	227.5
2438	Щитоподібний хрящ	165	1	16	5.0
2439	Щитошийний стовбур	74	0	6	2.0
2440	Щока	134	0	15	3.0
2441	Юкстагломерулярний апарат	136	0	13	4.0
2442	Юстинус Кернер	12	0	3	0.0
2443	Яворовський Олександр Петрович	30	0	3	1.0
2444	Ядро Едінгера-Вестфаля	95	0	10	3.0
2445	Ядро лицевого нерва	59	0	6	2.0
2446	Ядро одинокого шляху	45	0	4	1.0
2447	Ядро окорухового нерва	61	0	8	2.0
2448	Язикова артерія	58	0	10	1.0
2449	Язикова вена	15	0	2	1.0
2450	Яйцеклітина	4146	55	230	125.0
2451	Ящур	1125	8	65	31.5
2452	Aedes albopictus	36	0	4	1.0
2453	Anoplura	106	1	10	3.0
2454	ATC код A	35	0	4	1.0
2455	ATC код B	18	0	3	1.0
2456	ATC код C	26	0	4	1.0
2457	ATC код G	21	0	3	1.0
2458	ATC код H	30	0	6	1.0
2459	ATC код J	18	0	3	0.5
2460	ATC код L	15	0	3	1.0
2461	ATC код N	30	0	6	1.0
2462	ATC код P	12	0	3	0.5
2463	ATC код S	12	0	2	1.0
2464	BMJ	42	0	5	1.0
2465	BRCA1	97	0	8	3.0
2466	Chlamydophila psittaci	55	0	9	2.0
2467	Clostridium botulinum	701	6	42	20.5
2468	D-димер	698	9	34	22.5
2469	Déviation conjuguée	21	0	3	1.0
2470	Francisella tularensis	70	0	6	2.0
2471	G-клітина	19	0	4	0.0
2472	H5N1	56	0	6	2.0
2473	Helicobacter pylori	2353	36	102	75.5
2474	HeRAMS	13	0	2	1.0
2475	International Trauma Life Support	12	0	2	1.0
2476	Medscape	33	0	5	1.0
2477	Mycobacterium ulcerans	16	0	2	1.0
2478	OMIM	86	0	8	2.0
2479	Plasmodium falciparum	122	0	10	4.0
2480	Plasmodium knowlesi	21	0	7	1.0
2481	Plasmodium malariae	449	2	39	10.5
2482	Plasmodium ovale	56	0	6	2.0
2483	Plasmodium vivax	159	0	16	3.0
2484	PubMed	287	3	20	8.0
2485	SAMPLE	135	0	14	3.0
2486	Tc-99m-MIBI	39	0	8	1.0
2487	Terminologia Anatomica	50	0	16	1.0
2488	The Lancet	42	0	7	1.0
2489	Torch-інфекції	3306	45	153	111.5
2490	UniProt	30	0	5	1.0
2491	Whonamedit?	6	0	1	0.0
2492	Yersinia enterocolitica	151	0	15	4.5
2493	Yersinia pseudotuberculosis	59	0	7	2.0
2494	ZMapp	43	0	7	1.0
