1	Абсолютна система відліку	54	0	4	1.0
2	Абсолютний нуль	682	5	38	18.0
3	Автоколивання	363	0	27	11.0
4	Автолізія	7	0	2	1.0
5	Агрегатний стан	7564	38	475	229.5
6	Адіабатичне наближення	20	0	5	0.0
7	Адіабатичне розмагнічування	34	0	5	1.0
8	Адіабатичний інваріант	13	0	2	1.0
9	Адрон	228	3	17	6.5
10	Аеродинаміка	496	7	29	15.0
11	Аеромеханіка	5	0	1	0.0
12	Азот	10744	108	644	316.0
13	Аксино	13	0	3	0.0
14	Аксіальний струм	5	0	2	0.0
15	Аксіон	31	0	6	1.0
16	Активна фазована антенна решітка	59	0	5	1.0
17	Актиній	285	1	34	7.0
18	Актиноїди	544	1	57	15.0
19	Акумулятор тепла	63	0	6	2.0
20	Акустика	752	6	50	22.5
21	Акустичні фонони	6	0	2	0.5
22	Акустоконцентраційний ефект	4	0	2	0.0
23	Акустооптика	21	0	3	1.0
24	Алніко	49	0	8	1.0
25	Альбедо	1101	13	54	34.0
26	Альфа-спектрометр	4	0	1	0.0
27	Алюміній	10883	77	740	307.0
28	Аматорський радіозв'язок	111	0	8	3.5
29	Амбіполярна дифузія	13	0	2	0.0
30	Американське фізичне товариство	18	0	3	1.0
31	Америцій	211	0	23	6.0
32	Аморфні речовини	4923	22	374	129.5
33	Амплітуда ймовірності	23	0	2	1.0
34	Амплітуда розсіяння	11	0	2	0.0
35	Амплітудна маніпуляція	40	0	6	2.0
36	Амплітудна модуляція	365	2	29	8.0
37	Аналітична механіка	29	0	8	0.5
38	Андреєвське відбиття	8	0	2	0.0
39	Анізотропний магнетоопір	11	0	2	0.0
40	Аніон	1793	13	125	55.5
41	Антиматерія	430	5	29	13.0
42	Антинейтрон	24	0	5	1.0
43	Антипротон	43	0	4	1.0
44	Антисвіт	15	0	4	0.5
45	Антисегнетоелектрики	10	0	3	0.0
46	Антиферомагнетики	133	0	12	4.0
47	Аргон	2485	31	164	75.0
48	Аромат (квантове число)	17	0	4	0.0
49	Арсен	2646	23	156	78.5
50	Арсенід алюмінію	11	0	2	0.0
51	Астат	523	2	37	16.0
52	Атмосфера (одиниця вимірювання)	412	3	22	12.5
53	Атмосферна акустика	3	0	1	0.0
54	Атом	14911	120	929	403.5
55	Атомна маса	2792	19	155	87.5
56	Атомна орбіталь	2684	11	181	80.5
57	Атомна рефракція	12	0	4	0.0
58	Атомна теорія Дальтона	33	0	4	1.0
59	Атомна фізика	201	0	15	6.0
60	Атомна, молекулярна і оптична фізика	49	0	8	1.0
61	Атомний номер	1615	7	107	49.0
62	Атомний остов	9	0	2	1.0
63	Атомний радіус	2147	10	153	67.5
64	Атрактивна взаємодія	16	0	2	1.0
65	Атрактор	271	1	19	8.0
66	Аутогезія	21	0	3	1.0
67	Балістика	759	8	47	22.0
68	Барій	1521	12	110	47.5
69	Баріони	135	0	23	3.0
70	Баріонний заряд	63	0	19	1.0
71	Басейн притягання	7	0	2	0.0
72	Батарея (електрика)	776	7	43	25.5
73	Безелектродна лампа	14	0	4	0.0
74	Безперервний сигнал	27	0	4	1.0
75	Бекерель	211	2	12	6.0
76	Бер	267	3	22	8.0
77	Берилій	2764	23	187	80.5
78	Берклій	94	0	9	2.0
79	Бета-випромінювання	756	4	53	18.0
80	Бета-розпад	530	1	37	16.5
81	Бетатрон	37	0	4	1.0
82	Біекситон	4	0	1	0.0
83	Бінодаль	9	0	2	0.5
84	Біотехнічна система	16	0	3	0.0
85	Біполярний транзистор	2124	13	134	68.0
86	Бісмут	769	8	43	23.0
87	Біфуркація Андронова — Хопфа	17	0	3	1.0
88	Біфуркація подвоєння періоду	12	0	2	1.0
89	Ближнє поле	17	0	2	1.0
90	Бозон	175	0	12	5.5
91	Бозон Ґолдстоуна	9	0	1	0.0
92	Бозон Хіггса	548	4	31	17.0
93	Болометр	41	0	3	1.0
94	Бор	3129	21	208	92.0
95	Борій	220	2	17	7.0
96	Борнове наближення	8	0	2	0.0
97	Брана	32	0	11	1.0
98	Бреггівська дифракція	79	0	8	2.0
99	Бреґґівський пік	8	0	1	1.0
100	Брижі (хвилі)	38	0	7	1.0
101	Бром	3926	28	264	113.5
102	Броунівський рух	1730	17	123	45.0
103	Будівельна механіка	133	0	11	4.0
104	Будівельна фізика	51	0	8	1.0
105	Бульбашка Алькуб'єрре	22	0	3	1.0
106	В'язкоеластичність	21	0	5	0.5
107	Вага	3617	31	252	112.5
108	Валентна зона	117	0	21	3.0
109	Ванадій	947	10	60	24.0
110	Варіаційний принцип	13	0	3	1.0
111	Вейлівський напівметал	15	0	7	1.0
112	Вектор Бюргерса	23	0	6	1.0
113	Вектор поляризації	122	1	20	3.0
114	Вектор стану	31	0	4	1.0
115	Векторний потенціал	57	0	4	2.0
116	Великий адронний колайдер	2664	32	263	79.0
117	Великий канонічний ансамбль	8	0	3	0.0
118	Великий термодинамічний потенціал	5	0	1	0.0
119	Верх валентної зони	8	0	2	1.0
120	Вибух	743	5	42	23.0
121	Вимушене випромінювання	69	0	8	2.0
122	Вимушені коливання	884	3	84	29.0
123	Випрямлення змінного струму	1151	9	69	35.0
124	Вироджений напівпровідник	53	0	9	1.0
125	Вихрові струми	546	1	45	15.0
126	Вібронна спектроскопія	15	0	3	1.0
127	Вігнерівський кристал	16	0	3	1.0
128	Від'ємна диференційна провідність	35	0	8	1.0
129	Відбій	63	0	5	2.0
130	Віддзеркалення	66	0	7	2.0
131	Відносна густина	1465	9	94	37.0
132	Відпрацьоване ядерне паливо	48	0	4	1.0
133	Відстань	2491	16	154	69.5
134	Вільна енергія Гельмгольца	246	1	19	7.0
135	Вільне падіння	7882	38	489	234.0
136	Вільний параметр	2	0	1	0.0
137	Віріальне рівняння стану	2	0	1	0.0
138	Віріальні коефіцієнти	5	0	1	0.0
139	Віртуальна частинка	38	0	4	1.0
140	Віртуальні переміщення	6	0	1	0.0
141	Віскер (металургія)	25	0	3	1.0
142	Вісь	427	4	37	12.0
143	Вісь обертання	144	0	13	4.0
144	Вісь часу	104	0	10	3.0
145	Вічний двигун	582	3	53	16.0
146	Власна інформація	32	0	6	1.0
147	Власний напівпровідник	593	1	50	16.5
148	Власний час	41	0	4	1.0
149	Внутрішній імпеданс	2	0	1	0.0
150	Водень	11053	102	724	317.5
151	Вологість	551	1	41	18.5
152	Вольт-ампер	173	1	12	5.0
153	Вольфрам	1152	11	62	36.0
154	Впливна величина	10	0	4	0.0
155	Всеросійський науково-дослідний інститут експериментальної фізики	12	0	1	1.0
156	Втомне руйнування	51	0	6	1.0
157	Вторинна електронна емісія	164	0	15	5.0
158	Вторинне квантування	10	0	3	0.0
159	Вуглецеві наноконуси	10	0	3	0.0
160	Вуглецеві нанотрубки	260	0	22	7.0
161	Вуглець	8675	93	626	262.5
162	Гадоліній	203	1	14	5.5
163	Газовий розряд	8500	13	792	200.0
164	Газоструменевий випромінювач	11	0	4	0.0
165	Гал (фізична одиниця)	21	0	4	1.0
166	Галій	1190	13	84	32.5
167	Гальванічний елемент	2512	18	194	67.0
168	Гальмівний шлях	1500	10	81	50.0
169	Гамільтоніан	155	0	20	3.0
170	Гамма-промені	1406	17	92	36.5
171	Гамма-спалахи	46	0	8	1.0
172	Гамма-спектроскопія	15	0	2	1.0
173	Гармата Гауса	234	1	18	7.0
174	Гармонічні коливання	3343	20	223	104.0
175	Гасій	168	0	14	4.5
176	Гафній	332	2	24	10.0
177	Гелій	3781	40	232	118.5
178	Гелій-3	107	0	7	3.0
179	Гелій-4	37	0	4	1.0
180	Генерація другої гармоніки	30	0	4	1.0
181	Генерація носіїв заряду	105	0	25	2.0
182	Геометрична оптика	264	2	31	7.0
183	Геофізика	193	1	15	5.0
184	Германій	992	8	65	26.5
185	Герц	1194	13	69	37.0
186	Гетеродин	83	0	10	2.0
187	Гетероструктури	19	0	4	1.0
188	Гідроаеродинаміка	29	0	4	1.0
189	Гідрофон	20	0	3	1.0
190	Гіперболічна траєкторія	24	0	3	1.0
191	Гіперзвукова швидкість	87	0	7	3.0
192	Гіперони	15	0	3	0.0
193	Гіпотеза Ампера	2102	2	205	51.0
194	Гіромагнітне співвідношення	32	0	5	1.0
195	Глісування	31	0	4	1.0
196	Глушник мобільних телефонів	67	0	7	1.0
197	Глюбол	31	0	3	1.0
198	Глюон	133	0	11	3.5
199	Головне квантове число	309	1	22	9.0
200	Голономний зв'язок	18	0	6	1.0
201	Гольмій	134	0	13	3.0
202	Гомопауза	8	0	2	0.0
203	Горизонт Коші	2	0	1	0.0
204	Горизонт подій	236	1	19	6.0
205	Гравітаційна сингулярність	206	1	13	6.0
206	Гравітаційне поле	1069	1	247	23.5
207	Гравітаційне реліктове випромінювання	8	0	3	0.5
208	Гравітаційний радіус	91	0	7	2.0
209	Гравітація	4460	54	251	135.5
210	Гравітино	34	0	9	0.0
211	Гравітон	130	0	15	4.0
212	Границя міцності	974	3	66	25.0
213	Гранична швидкість	45	0	5	1.0
214	Граничні умови Борна-Кармана	18	0	3	1.0
215	Графен	789	11	56	22.0
216	Групова швидкість	64	0	9	2.0
217	Густина енергії	282	1	20	8.0
218	Густина потоку частинок	78	0	15	1.0
219	Густина станів	54	0	6	1.0
220	Густина струму	1230	6	90	33.5
221	Ґратка Бете	9	0	3	0.0
222	Давидівське розщеплення	7	0	3	0.0
223	Дальній порядок	42	0	7	1.0
224	Дармштадтій	167	1	15	5.0
225	Дарсі (одиниця)	38	0	14	1.0
226	Двомірна ядерна магнітно-резонансна спектроскопія	5	0	1	0.0
227	Двофотонне збудження	4	0	1	0.0
228	Дебай	109	1	11	3.0
229	Дейтерій	531	7	31	16.5
230	Дейтрон	24	0	3	1.0
231	Декстерів перенос енергії	6	0	3	0.0
232	Делокалізований стан	51	0	6	1.5
233	Дельта-баріон	16	0	4	0.0
234	Детермінант Слейтера	28	0	4	1.0
235	Детермінований хаос	97	0	7	3.0
236	Дефект маси	209	0	22	5.0
237	Деформаційний потенціал	10	0	4	0.0
238	Деформація	3360	24	185	113.0
239	Деформація згину	532	1	42	14.0
240	Деформація зсуву	483	1	48	15.0
241	Деформація кручення	474	2	35	12.0
242	Децибел	898	9	61	26.5
243	Дециметрові хвилі	110	1	8	3.0
244	Дзеркало	1285	16	96	32.0
245	Дивність	26	0	4	1.0
246	Дилатон	33	0	5	1.0
247	Динамічна рівновага	305	0	29	8.0
248	Директор (рідкий кристал)	24	0	4	1.0
249	Дислокація (кристалографія)	91	0	10	2.0
250	Дисперсійні сили	45	0	6	1.0
251	Дисперсія світла	1442	11	100	44.0
252	Диспрозій	159	0	16	4.0
253	Диференціальний переріз розсіювання	33	0	4	1.0
254	Диференціатор	59	0	8	2.0
255	Дифракційна ґратка	927	1	81	26.0
256	Дифракція	2069	12	131	66.5
257	Дифузійний струм	99	0	13	2.0
258	Дифузія	15204	61	1223	344.0
259	Дифузія за законом Арреніуса	28	0	3	1.0
260	Дифузне відбиття світла	391	1	54	6.5
261	Діаграма станів (хімія)	7	0	4	0.5
262	Діаграма Фейнмана	59	0	6	2.0
263	Діамагнетики	1802	7	156	47.0
264	Діелектрична сприйнятливість	66	0	6	2.0
265	Діелектричне дзеркало	23	0	4	1.0
266	Дійсна густина	20	0	3	1.0
267	Дійсне зображення	133	1	10	4.0
268	Діод Зенера	568	2	41	17.0
269	Дірка (квазічастинка)	627	2	47	16.0
270	Дірка Фермі	3	0	1	0.0
271	Діркова телепортація	12	0	3	0.5
272	Дно зони провідності	8	0	2	0.0
273	Довгі хвилі	108	0	9	2.0
274	Довжина вільного пробігу	345	2	27	9.5
275	Довжина хвилі	3252	21	183	102.0
276	Доплерівське розширення	14	0	2	1.0
277	Дослід радіоактивності Антуаном Анрі Беккерелем	53	0	5	1.0
278	Дослід Штерна-Герлаха	167	0	14	4.0
279	Доцентрове прискорення	9053	42	661	234.0
280	Дробовий квантовий ефект Холла	23	0	4	1.0
281	Дроплетон	10	0	2	0.0
282	Друга в'язкість	14	0	2	1.0
283	Друга космічна швидкість	1689	7	158	46.0
284	Другий звук	12	0	2	1.0
285	Дуант	11	0	3	0.0
286	Дубній	215	2	16	7.0
287	Духи Фаддєєва — Попова	18	0	3	1.0
288	Еванесцентне поле	43	0	5	1.0
289	Евтектика	291	1	27	8.0
290	Ейнштейн (одиниця)	7	0	2	0.0
291	Ейнштейній	230	2	20	6.0
292	Ейрі кільця	13	0	3	1.0
293	Екзотичний атом	20	0	3	1.0
294	Екранування заряду	95	0	8	3.0
295	Ексимерна люмінесценція	6	0	2	0.0
296	Ексиплексна люмінесценція	5	0	2	0.5
297	Екситон	90	0	22	2.0
298	Екситон Ваньє-Мотта	18	0	3	1.0
299	Екситон Френкеля	6	0	1	0.0
300	Експеримент з олійними краплями	45	0	7	1.0
301	Експеримент Майкельсона — Морлі	177	1	18	5.0
302	Ексцентриситет орбіти	234	1	19	7.5
303	Електрети	63	0	8	2.0
304	Електрика	3005	32	162	93.5
305	Електрична енергія	1727	8	109	51.5
306	Електрична напруга	8518	53	584	247.5
307	Електричне коло	2982	12	175	95.0
308	Електричне поле	4387	22	255	126.0
309	Електричний дипольний момент	595	4	38	20.0
310	Електричний заряд	4800	27	324	127.5
311	Електричний імпеданс	447	2	30	12.0
312	Електричний потік	87	0	6	3.0
313	Електроадгезія	1	0	1	0.0
314	Електроізоляція	281	0	29	8.0
315	Електрокалоричний ефект	14	0	4	1.0
316	Електромагнітна індукція	7143	30	613	164.5
317	Електромагнітна хвиля	3759	19	227	132.0
318	Електромагнітне випромінювання	1968	14	142	58.5
319	Електромагнітне поле	1727	13	92	52.0
320	Електрон	3580	35	202	87.0
321	Електрон провідності	113	0	11	3.0
322	Електрон-діркова рідина	48	1	8	2.5
323	Електрон-фононна взаємодія	15	0	3	1.0
324	Електронна гармата	143	0	17	3.0
325	Електронна густина	112	0	9	4.0
326	Електронна енергія	5	0	1	1.0
327	Електронна лавина	73	0	13	2.0
328	Електронна оболонка	3207	18	198	99.0
329	Електронна пара	737	2	57	23.5
330	Електронна спектроскопія	36	0	6	1.0
331	Електронне нейтрино	50	0	5	2.0
332	Електронний генератор	229	0	20	6.0
333	Електронний мікроскоп	1696	13	97	52.5
334	Електронний парамагнітний резонанс	120	0	10	3.5
335	Електронний стан	10	0	2	1.0
336	Електронно-променева установка	4	0	1	0.0
337	Електрооптичний ефект	41	0	7	1.0
338	Електрорушійна сила	6544	36	440	202.0
339	Електростатика	612	2	39	18.5
340	Електростатична індукція	193	1	22	5.0
341	Електростатична лінза	23	0	5	1.0
342	Електростатичний генератор Ван де Граафа	168	0	15	3.0
343	Електростатичний потенціал	2319	16	168	71.0
344	Елементарна частинка	896	5	62	26.0
345	Емітанс пучка	2	0	1	0.0
346	Енергетичний рівень	1167	8	95	33.0
347	Енергетичний спектр	87	0	13	2.0
348	Енергія вакууму	71	0	8	2.0
349	Енергія зв'язку	523	0	65	12.0
350	Еніон	21	0	2	1.0
351	Ентропія змішування	13	0	3	0.0
352	Ербій	156	0	16	4.0
353	Ергодична гіпотеза	21	0	6	1.0
354	Ета-мезон	13	0	3	0.0
355	Ефект Вігнера	19	0	4	1.0
356	Ефект де Гааза-ван Альфена	11	0	2	1.0
357	Ефект Джоуля-Томсона	85	0	7	2.0
358	Ефект Доплера	1017	12	71	30.0
359	Ефект Зеемана	118	0	17	3.0
360	Ефект Зеєбека	278	2	18	8.5
361	Ефект Казимира	144	0	11	3.5
362	Ефект Керра	29	0	4	1.0
363	Ефект Кея	10	0	2	0.0
364	Ефект конденсатного диску	30	0	6	1.0
365	Ефект Кондо	7	0	3	0.0
366	Ефект Коттона — Мутона	8	0	2	0.0
367	Ефект Мейснера	123	0	14	3.0
368	Ефект Міхеєва — Смирнова — Вольфенштейна	5	0	2	0.0
369	Ефект Нернста	25	0	3	1.0
370	Ефект Овергаузера	9	0	3	1.0
371	Ефект Оже	53	0	5	1.5
372	Ефект Пельтьє	203	1	15	6.0
373	Ефект Перселла	10	0	3	1.0
374	Ефект Рамана	5	0	1	0.0
375	Ефект Рамзауера	29	0	7	1.0
376	Ефект Рашби	12	0	2	1.0
377	Ефект Реннера	3	0	1	0.0
378	Ефект Реннера — Теллера	3	0	1	0.0
379	Ефект Тіндаля	692	1	77	11.0
380	Ефект Томсона	125	1	17	3.0
381	Ефект Фарадея	91	0	8	2.5
382	Ефект Франца-Келдиша	2	0	1	0.0
383	Ефект Штарка	24	0	4	1.0
384	Ефективна густина станів	14	0	2	0.0
385	Ефективна маса	55	0	13	1.0
386	Ефективна площа розсіювання	72	0	13	2.0
387	Ефективна температура	74	0	7	2.0
388	Ефективний коефіцієнт розмноження нейтронів	36	0	4	1.0
389	Ехолокація	238	0	22	7.0
390	Європій	192	2	15	5.0
391	Жаропродуктивність	8	0	3	0.0
392	Загальна коваріантність	5	0	2	0.0
393	Задача трьох тіл	118	0	11	3.0
394	Закон Ампера	5744	19	480	182.0
395	Закон Архімеда	3821	40	218	112.0
396	Закон Беца	16	0	3	1.0
397	Закон Бугера — Ламберта — Бера	541	6	46	13.5
398	Закон всесвітнього тяжіння	5631	34	432	161.0
399	Закон Гука	4627	29	253	158.0
400	Закон Ґейґера — Неттола	14	0	2	1.0
401	Закон Дальтона	286	1	22	9.0
402	Закон Дебая	29	0	7	1.0
403	Закон Джоуля — Ленца	3199	6	214	103.5
404	Закон дисперсії	191	1	20	5.0
405	Закон Дюлонга — Пті	104	0	11	2.0
406	Закон збереження енергії	4985	31	344	154.5
407	Закон збереження імпульсу	2802	14	207	83.5
408	Закон збереження маси	947	7	57	28.5
409	Закон Мозлі	202	0	29	5.0
410	Закон рівнорозподілу	55	0	7	1.0
411	Закон Снеліуса	382	2	30	10.5
412	Закони термодинаміки	475	2	26	15.5
413	Закони Фіка	422	1	42	13.0
414	Залишкова намагніченість	56	0	8	2.0
415	Залізний пік	10	0	2	0.0
416	Залізо	9311	113	519	297.5
417	Заломлення	2066	10	188	50.0
418	Замерзання	145	1	11	4.0
419	Запізнення	34	0	4	1.0
420	Заряджена частинка	713	1	73	19.5
421	Заряджений струм	10	0	5	0.0
422	Зарядове спряження	66	0	8	2.0
423	Збіднений уран	54	0	6	1.0
424	Зброя спрямованої енергії	50	0	7	1.0
425	Збуджений стан квантовомеханічної системи	44	0	5	1.0
426	Зведена маса	65	0	11	2.0
427	Зворотність	67	0	9	2.0
428	Звукова енергія	29	0	5	1.0
429	Звуковий удар	93	0	11	2.0
430	Згасаюча хвиля	3	0	2	0.0
431	Зминання	17	0	3	1.0
432	Змінний конденсатор	100	0	9	2.5
433	Змінний струм	5263	42	297	181.5
434	Змінні дія — кут	11	0	2	0.0
435	Золото	5729	73	320	181.5
436	Зона провідності	103	0	23	2.0
437	Зонне плавлення	16	0	3	0.0
438	Зоряний нуклеосинтез	17	0	2	1.0
439	Ізобари (ядерна фізика)	107	0	10	3.0
440	Ізовалентна домішка	1	0	1	0.0
441	Ізоентропійний процес	56	0	7	2.0
442	Ізолятор Мотта	17	0	4	1.0
443	Ізотермічний процес	1852	12	115	50.5
444	Ізотопи	5559	45	339	163.0
445	Ізотопічний спін	69	0	6	2.0
446	Ізотопна поширеність	22	0	4	1.0
447	Імплозія (фізика)	34	0	6	1.0
448	Імпульсна модуляція	120	0	19	3.0
449	Імпульсно-кодова модуляція	143	1	14	4.0
450	Інваріант (фізика)	63	0	6	2.0
451	Інваріанти електромагнітного поля	19	0	4	1.0
452	Інверсна заселеність	46	0	4	1.5
453	Індій	599	6	39	18.5
454	Індуктивність	1875	14	116	63.0
455	Індукційний струм	6242	13	658	113.5
456	Інерційна система відліку	2740	10	195	81.5
457	Інерція	4222	26	291	113.0
458	Інжекція носіїв заряду	53	0	5	2.0
459	Інженерно-фізичний факультет НТУУ «КПІ»	28	0	4	1.0
460	Інкремент наростання	4	0	1	0.0
461	Інтеграл вздовж траєкторій	129	0	11	3.0
462	Інтеграл перекриття	14	0	2	0.5
463	Інтенсивна величина	47	0	5	2.0
464	Інтеркомбінаційна конверсія	16	0	4	0.5
465	Інтерференція хвиль	812	5	67	26.0
466	Інтерферометр Майкельсона	54	0	8	1.0
467	Інтерферометр Фабрі-Перо	41	0	4	1.0
468	Інформаційна ентропія	961	8	68	27.0
469	Інфразвук	1193	8	64	34.5
470	Інфразвукова зброя	113	0	9	3.0
471	Іон	4848	36	290	143.0
472	Іонізаційна рівновага	27	0	6	1.0
473	Іоністор	322	3	23	8.0
474	Іонна пастка	5	0	1	0.0
475	Іонний звук	7	0	2	0.0
476	Іпсилон-мезон	19	0	2	0.0
477	Іридій	479	8	30	13.0
478	Іскрова камера	8	0	2	0.0
479	Іскровий розряд	3088	5	271	68.0
480	Історія механіки	401	0	35	12.0
481	Історія телескопа	968	2	74	32.0
482	Історія фізики	1238	6	109	27.5
483	Ітербій	128	0	14	3.5
484	Ітрій	343	0	27	9.0
485	Йод	5909	55	343	196.0
486	Йод-131	200	0	15	7.0
487	Йодид калію	751	6	49	23.5
488	Йонний кристал	445	2	38	11.0
489	Кадмій	733	8	46	22.0
490	Калібрувальна інваріантність	75	0	5	2.0
491	Калібрувальний бозон	28	0	6	1.0
492	Калій	4823	42	339	138.0
493	Каліфорній	385	4	27	10.0
494	Калорія	865	14	46	23.5
495	Кальцій	5594	44	408	165.5
496	Камера Вільсона	356	0	31	8.0
497	Каналювання	5	0	2	0.0
498	Канонічне перетворення	39	0	4	1.0
499	Канонічний ансамбль (фізика)	4	0	1	0.0
500	Каони	29	0	3	1.0
501	Капілярний ефект	457	4	29	12.0
502	Каустика	54	0	5	1.0
503	Квадратурно-амплітудна модуляція	115	0	11	4.0
504	Квадратурно-фазова модуляція	17	0	5	0.0
505	Квадрупольний момент	55	0	6	2.0
506	Квазікласичне наближення	120	0	11	3.0
507	Квазікристал	37	0	8	1.0
508	Квазічастинка	86	0	6	2.5
509	Квант магнітного потоку	33	0	4	1.0
510	Квантова гравітація	119	1	9	4.0
511	Квантова декогеренція	35	0	5	1.0
512	Квантова дротина	22	0	4	1.0
513	Квантова інформація	28	0	4	1.0
514	Квантова криптографія	139	0	12	4.0
515	Квантова логіка	32	0	5	1.0
516	Квантова механіка	1232	15	65	39.5
517	Квантова телепортація	109	0	13	2.5
518	Квантова точка	118	0	15	3.0
519	Квантова тривіальність	2	0	1	0.0
520	Квантова хімія	132	0	10	4.0
521	Квантова хромодинаміка	72	0	10	2.0
522	Квантова яма	45	0	5	1.0
523	Квантовий байєсіанізм	19	0	3	1.0
524	Квантовий вихід	54	0	5	2.0
525	Квантовий ефект	5	0	1	0.0
526	Квантовий ефект Холла	52	0	5	2.0
527	Квантовий комп'ютер	1618	16	185	42.0
528	Квантовий перехід	22	0	2	1.0
529	Квантовий стан	103	0	8	3.0
530	Квантовий стрибок	76	0	6	3.0
531	Квантовий хаос	15	0	3	1.0
532	Квантування Дірака	7	0	3	0.0
533	Кварк	843	10	84	22.0
534	Кварконій	10	0	2	0.0
535	Кільця Ньютона	255	0	21	8.0
536	Кінематика	3756	23	280	119.5
537	Кінетична енергія	4815	36	295	148.5
538	Кінетична теорія	1127	7	82	29.5
539	Кінетичне рівняння	110	0	12	2.0
540	Кінцевий ефект	34	0	7	1.0
541	Класична електродинаміка	2602	10	309	45.5
542	Класична фізика	60	0	8	2.0
543	Кластер (фізика)	26	0	4	1.0
544	Клин (механіка)	117	0	12	3.0
545	Клістрон	89	0	6	3.0
546	Кліщі вимірювальні	41	0	4	1.5
547	КМОН	203	0	18	6.0
548	Кобальт	1278	13	75	43.0
549	Когезія	260	3	19	8.0
550	Когерентність	1272	8	67	41.5
551	Коефіцієнт дифузії	233	0	22	7.0
552	Коефіцієнт екстинкції	124	0	15	4.0
553	Коефіцієнт жорсткості	3494	30	233	102.5
554	Коефіцієнт корисної дії	2544	17	156	71.0
555	Коефіцієнт підсилення антени	97	0	15	3.0
556	Коефіцієнт рекомбінації	4	0	1	0.0
557	Коефіцієнт самодифузії	14	0	4	0.0
558	Коефіцієнт теплового розширення	370	1	26	11.0
559	Колайдер	420	1	60	10.0
560	Колапс хвильової функції	49	0	5	2.0
561	Коливальний контур	1449	5	141	45.5
562	Коливання	3738	8	238	130.0
563	Коліматор	122	0	9	3.0
564	Колірна температура	565	7	38	15.5
565	Кольоровий заряд	50	0	7	2.0
566	Комірка Вігнера — Зейтца	16	0	5	0.5
567	Компенсований напівпровідник	16	0	4	1.0
568	Комплекс з переносом заряду	12	0	2	0.5
569	Композити	877	4	69	23.5
570	Комптонівське розсіювання	326	1	26	11.0
571	Конденсація Бозе — Ейнштейна	152	0	25	4.0
572	Контактна різниця потенціалів	232	0	29	7.0
573	Конфайнмент	52	0	6	2.0
574	Копенгагенська інтерпретація	60	0	4	2.0
575	Коперницій	177	0	12	6.0
576	Кореляційна енергія	6	0	2	0.0
577	Коронний розряд	3124	6	275	77.0
578	Космологічна сингулярність	76	0	6	2.0
579	Космологічна стала	52	0	6	1.0
580	Космологічний масштабний фактор	9	0	2	0.0
581	Котушка Гельмгольца	37	0	7	1.0
582	Криптон	631	6	46	18.5
583	Кристалізація сплавів	218	0	24	5.0
584	Критерій Ліндеманна	8	0	2	0.0
585	Критична точка	200	0	17	5.0
586	Критичний тиск	47	0	7	2.0
587	Критичні індекси	6	0	1	0.0
588	Кріоелектронна мікроскопія	57	0	6	2.0
589	Кріолюмінесценція	14	0	2	0.0
590	Крутильні ваги	8	0	2	0.0
591	Ксенон	743	9	44	24.0
592	Ксі-баріон	9	0	2	0.0
593	Кубічний метр	2977	57	139	95.5
594	Кулон (одиниця)	1333	6	102	36.0
595	Куперівська пара	37	0	4	1.0
596	Кут Брюстера	182	0	19	4.0
597	Кут змочування	211	1	16	5.5
598	Кутова модуляція	25	0	4	1.0
599	Кутова швидкість	12881	42	1037	339.5
600	Кутове прискорення	2194	10	126	73.5
601	Кюрій	163	1	12	4.0
602	Лабораторна система	8	0	2	0.0
603	Лазер на вільних електронах	22	0	4	1.0
604	Лазерна абляція	15	0	3	0.5
605	Лазерний гіроскоп	28	0	4	1.0
606	Лазерний далекомір	78	0	7	2.0
607	Лампа біжної хвилі	28	0	3	1.0
608	Лантан	229	0	15	6.0
609	Лантаноїди	709	7	52	18.5
610	Ланцюгова реакція	321	1	27	9.0
611	Ларморова частота	25	0	4	1.0
612	Лембів зсув	19	0	2	1.0
613	Лептон	413	4	29	12.0
614	Лептонний заряд	55	0	7	1.0
615	Ліверморій	134	0	15	4.0
616	Ліквідус	123	0	14	4.0
617	Лінза	1497	10	118	45.5
618	Лінійне середовище	4	0	2	0.0
619	Лінійчастий спектр	371	0	33	10.5
620	Літій	4944	38	289	145.5
621	Лічильник Гейгера	367	0	26	12.0
622	Локалізація Андерсона	5	0	2	0.0
623	Локалізований плазмон	20	0	3	1.0
624	Локалізований стан	67	0	15	2.0
625	Лоренц-коваріантність	12	0	4	0.0
626	Лоуренсій	201	1	22	4.0
627	Лужна батарейка	426	3	28	13.0
628	Луна (акустичне явище)	198	1	15	6.0
629	Людвіг Валентин Лоренц	5	0	1	1.0
630	Люмінесценція	773	6	48	24.0
631	Лютецій	247	1	30	5.0
632	Лямбда-баріон	17	0	3	0.0
633	Лямбда-точка	7	0	2	0.0
634	М-теорія	101	0	11	3.0
635	Магічні числа	34	0	5	1.0
636	Магічні ядра	42	0	5	1.0
637	Магнетизм	5658	12	567	129.0
638	Магнетон Бора	112	1	13	3.0
639	Магнетоопір	101	0	12	2.0
640	Магнетрон	456	4	28	13.5
641	Магній	5942	44	398	181.0
642	Магнітна еквівалентність	1	0	1	0.0
643	Магнітна лінза	15	0	3	1.0
644	Магнітне динамо	52	0	4	1.0
645	Магнітне екранування ядра	4	0	1	0.0
646	Магнітне квантове число	267	1	18	8.0
647	Магнітне перез'єднання	11	0	2	0.5
648	Магнітний домен	61	0	6	2.0
649	Магнітний момент	1470	4	164	32.0
650	Магнітний момент протона	22	0	4	1.0
651	Магнітний монополь	103	0	9	3.0
652	Магнітний перехід	4	0	2	0.0
653	Магнітний потік	2007	10	132	68.0
654	Магнітний резонанс	231	1	20	5.5
655	Магнітогідродинаміка	34	0	4	1.0
656	Магніторушійна сила	124	0	24	2.5
657	Магнон	44	0	7	1.0
658	Майорон	11	0	3	0.0
659	Майстер-рівняння	2	0	1	0.0
660	Майтнерій	94	0	10	3.0
661	Манган	2891	26	167	85.5
662	Маса електрона	916	7	56	26.0
663	Масове число	2968	13	233	78.0
664	Матеріал	1124	5	69	32.0
665	Матеріальна точка	5047	20	355	148.5
666	Матриці Дірака	25	0	4	1.0
667	Матриця густини	20	0	3	1.0
668	Матриця жорсткості	26	0	3	1.0
669	Матриця розсіяння	29	0	4	1.0
670	Матрична механіка	24	0	4	1.0
671	Маятник	560	4	37	16.5
672	Межа Чандрасекара	48	0	5	1.0
673	Мезони	132	0	10	4.0
674	Мезоскопічна фізика	10	0	3	0.0
675	Менделевій	207	2	18	5.0
676	Металічний водень	41	0	7	1.0
677	Металічний зв'язок	5597	24	358	183.0
678	Метастабільний стан	59	0	7	1.5
679	Метод Гартрі — Фока	51	0	7	1.0
680	Метод матриць переходу	13	0	3	1.0
681	Метод Чохральського	142	0	12	4.0
682	Метрика простору-часу	52	0	10	1.0
683	Метрика Фрідмана-Леметра-Робертсона-Вокера	20	0	2	1.0
684	Метрика Шварцшильда	50	0	6	1.0
685	Механізм Хіггса	61	0	6	2.0
686	Механічна рівновага	788	3	53	23.5
687	Мідь	8896	71	567	288.0
688	Міжатомна взаємодія	82	0	7	2.0
689	Міжнародний експериментальний термоядерний реактор	345	6	23	9.0
690	Мікроскопічний масштаб	19	0	3	1.0
691	Міліметрові хвилі	62	0	17	1.0
692	Мільйонна частка	540	4	30	17.5
693	Модель Габбарда	6	0	1	0.0
694	Модель Гарячого Всесвіту	36	0	8	1.0
695	Модель желе	13	0	3	1.0
696	Модель Ізінга	47	0	6	1.0
697	Модифікована ньютонівська динаміка	14	0	4	0.0
698	Модулі пружності	215	1	16	6.0
699	Модулометр	4	0	1	0.0
700	Модуль зсуву	323	1	19	9.5
701	Модуль Юнга	2496	15	141	81.0
702	Модуляція (фізика)	519	5	45	14.0
703	Модуляція добротності	8	0	2	0.0
704	Молекула	9391	60	573	272.5
705	Молекулярна динаміка	56	0	8	1.0
706	Молекулярна орбіталь	183	0	15	5.0
707	Молекулярна рефракція	88	0	9	3.0
708	Молекулярні кристали	139	0	9	4.5
709	Молекулярно-променева епітаксія	23	0	6	1.0
710	Молібден	1057	12	59	31.0
711	Момент сили	4241	25	271	129.0
712	Монохроматична плоска хвиля	319	1	22	8.5
713	Монохроматор	69	0	10	1.0
714	Монохромія	193	1	13	6.0
715	Московій	205	1	15	6.0
716	Мультиплетність	32	0	5	1.0
717	Мультипольний момент	30	0	5	1.0
718	Мюон	137	0	9	4.0
719	Мюоній	22	0	3	1.0
720	Наближення ефективного середовища	10	0	2	1.0
721	Наближення сильного зв'язку	35	0	5	1.0
722	Нагніт лазера	15	0	6	1.0
723	Надвипромінювання Діке	1	0	1	0.0
724	Надґратка	29	0	6	1.0
725	Надзвукова швидкість	488	8	38	14.5
726	Надкритична рідина	20	0	2	1.0
727	Надплинність	135	1	15	3.5
728	Надпорогова іонізація	8	0	3	0.0
729	Надтверді матеріали	43	0	14	1.0
730	Нанодротини	16	0	3	0.0
731	Наноелектромеханічні системи	28	0	3	1.0
732	Наноіоніка	4	0	1	0.0
733	Нанооболонка	8	0	2	0.0
734	Наноскопічний масштаб	12	0	5	0.0
735	Нанотехнології	5285	46	342	146.5
736	Наночастинка	275	3	20	8.0
737	Напівметал (спінтроніка)	11	0	3	0.0
738	Напівпровідник	9373	53	694	225.5
739	Напівпровідник p-типу	1827	4	124	45.0
740	Напівтінь	374	0	40	7.0
741	Напруженість магнітного поля	747	6	50	22.5
742	Напруження	947	8	80	26.5
743	Народження пар	62	0	7	2.0
744	Насичена пара	586	0	42	19.5
745	Нат (одиниця вимірювання)	33	0	4	1.0
746	Натрій	6680	59	438	206.0
747	Наукова містифікація	15	0	3	0.5
748	Небо	716	7	52	19.0
749	Нейтраліно	28	0	3	1.0
750	Нейтральна частинка	70	0	7	2.0
751	Нейтрино	455	2	32	14.0
752	Нейтрон	1892	11	117	48.0
753	Нейтронно-адсорбційний аналіз	6	0	2	0.5
754	Нелінійна система	198	1	13	6.0
755	Нематик	119	0	9	4.0
756	Ненасичена пара	193	1	13	6.0
757	Неодим	222	1	15	7.0
758	Неон	2059	19	136	57.0
759	Непрямий екситон	1	0	1	0.0
760	Нептуній	284	0	25	7.5
761	Нерозв'язані проблеми фізики	280	2	21	9.0
762	Нікель	1514	14	80	46.0
763	Ніобій	375	0	25	10.0
764	Ніхоній	291	0	21	8.0
765	Нобелій	181	1	14	4.0
766	Нормальний порядок	3	0	1	0.0
767	Нормальні коливання	57	0	6	1.5
768	Нормальні умови	681	7	47	20.0
769	Носії заряду	4841	12	461	116.0
770	Нотація бра-кет	69	0	6	2.0
771	Нуклеація	47	0	6	1.0
772	Нуклеосинтез	153	0	21	5.0
773	Нуклід	1892	0	119	53.0
774	Нуклон	526	3	37	15.0
775	Нульовий звук	3	0	1	0.0
776	Нульовий стан квантової системи	9	0	2	0.0
777	Нульові коливання	153	0	13	4.0
778	Об'єднана теорія поля	67	0	12	2.0
779	Об'єднаний інститут ядерних досліджень	30	0	4	1.0
780	Обернений простір	13	0	4	0.5
781	Обернений сантиметр	32	0	3	1.0
782	Обертання	1591	8	91	48.5
783	Обійдені ядра	14	0	3	0.0
784	Область збіднення	22	0	4	1.0
785	Обмінна взаємодія	26	0	5	1.0
786	Оболонкова модель ядра	30	0	5	1.0
787	Обчислювальна гідродинаміка для зміни фази матеріалів	2	0	1	0.5
788	Обчислювальна механіка	9	0	2	1.0
789	Обчислювальна фізика	45	0	6	1.0
790	Оганесон	607	6	42	17.0
791	Одноатомний газ	32	0	4	1.0
792	Одноелектронне наближення	25	0	3	1.0
793	Оже-рекомбінація	13	0	6	0.0
794	Оже-спектроскопія	36	0	7	1.0
795	Оксиген	12864	102	809	376.5
796	Омега-баріон	7	0	1	0.0
797	Омега-мезон	13	0	3	0.0
798	Омічний контакт	30	0	4	1.0
799	Ондулятор	18	0	2	1.0
800	Оперативний запас реактивності	15	0	3	1.0
801	Оператор еволюції	21	0	6	0.5
802	Оператор числа частинок	9	0	2	0.0
803	Оператори народження та знищення	68	0	10	2.0
804	Операція молекулярної машини	6	0	1	0.5
805	Опорний сигнал	49	0	6	1.0
806	Опромінення	514	6	31	14.5
807	Оптика тонких плівок	16	0	4	1.0
808	Оптична активність	147	0	13	3.5
809	Оптична вісь	99	0	19	2.0
810	Оптична вісь кристалу	18	0	4	1.0
811	Оптична густина	664	5	53	17.5
812	Оптична сила	399	2	24	11.0
813	Оптична теорема	10	0	2	1.0
814	Оптичне випромінювання	207	0	19	5.0
815	Оптичний параметричний осцилятор	11	0	3	0.0
816	Оптичний стіл	12	0	2	1.0
817	Оптичний телескоп	167	0	16	4.5
818	Оптичний фонон	8	0	3	0.0
819	Оптично активні речовини	95	0	8	2.5
820	Оптоволокно	1205	6	71	39.0
821	Орбітальне квантове число	288	0	29	8.0
822	Орбітон	3	0	1	0.0
823	Органічний світлодіод	342	4	19	11.0
824	Органічні напівпровідники	81	0	12	2.0
825	Освітленість	1021	9	61	30.5
826	Осмій	451	5	27	12.0
827	Основна фізична величина	715	4	64	18.0
828	Осцилятор Лоренца	15	0	3	1.0
829	Осциляції нейтрино	20	0	6	0.5
830	Осциляції Рабі	5	0	1	0.0
831	Осциляції Шубнікова — де Гааза	9	0	3	0.0
832	П'єзоелектрики	184	0	17	5.0
833	П'єзоефект	471	3	35	14.5
834	Паладій	647	7	41	19.0
835	Пара	418	3	28	13.0
836	Парадокс близнят	122	2	9	4.0
837	Парадокс Еренфеста	41	0	9	1.0
838	Парадокс субмарини	29	0	3	1.0
839	Парамагнетики	1156	10	99	30.0
840	Пасивна радіолокація	106	0	15	3.0
841	Пентакварк	30	0	4	1.0
842	Перетворення Гільберта	27	0	3	1.0
843	Перехресна ентропія	73	0	7	2.0
844	Період напіврозпаду	910	11	54	27.5
845	Питомий імпульс	62	0	5	2.0
846	Питомий коефіцієнт поглинання електромагнітної енергії	59	0	5	2.0
847	Піони	97	0	13	2.0
848	Плазмон	55	0	7	1.0
849	Платина	1058	16	67	30.5
850	Плутоній	542	5	29	17.0
851	Плутоній-239	187	2	13	5.5
852	Повне внутрішнє відбиття	857	5	81	22.0
853	Поділ ядра	489	3	28	14.5
854	Позитрон	294	4	22	8.0
855	Позитроній	38	0	7	1.0
856	Полоній	732	4	49	19.0
857	Поляритон	32	0	5	1.0
858	Полярон	32	0	4	1.0
859	Померон	15	0	3	0.0
860	Попов Олександр Степанович	506	3	47	13.5
861	Посудина Дьюара	201	0	23	6.0
862	Поширення радіохвиль	390	2	30	11.0
863	Празеодим	138	0	14	3.5
864	Припустиме затухання	1	0	1	0.0
865	Проект Y	45	0	4	1.0
866	Прометій	261	2	16	8.0
867	Протактиній	109	0	11	3.0
868	Протій	138	0	12	4.0
869	Протон	3286	25	197	88.0
870	Радар	564	2	38	18.0
871	Радар із синтезованою апертурою	93	1	6	3.0
872	Радіаційна аварія	501	6	40	14.5
873	Радій	1074	12	76	31.5
874	Радіоелектронна протидія	55	0	6	1.0
875	Радіозв'язок	553	3	39	17.0
876	Радіолокаційні перешкоди	52	0	5	2.0
877	Радіофотонна РЛС	16	0	4	1.0
878	Радон	778	8	42	24.5
879	Реактивний рух	1291	4	101	35.0
880	Резерфордій	203	1	17	5.0
881	Рейкотрон	164	1	18	4.0
882	Реній	294	1	34	9.0
883	Рентгеній	136	0	10	4.5
884	Рівняння Греда — Шафранова	4	0	1	0.0
885	Рівняння дифузії	149	0	17	4.0
886	Рівняння Смолюховського	7	0	2	1.0
887	Рівняння Шредінгера	452	2	23	15.5
888	Рідкі кристали	12246	76	842	251.0
889	Ро-мезон	12	0	2	0.5
890	Родій	428	4	23	14.0
891	Розходження Кульбака — Лейблера	44	0	4	1.5
892	Ротон	16	0	3	0.0
893	Ртуть	3644	47	198	110.5
894	Рубідій	809	5	77	20.0
895	Рутеній	357	3	22	10.5
896	Самарій	162	1	13	4.5
897	Свинець	2789	39	162	77.5
898	Світлодіод	1244	13	88	38.5
899	Селен	1799	26	95	57.0
900	Сигма-баріон	12	0	4	0.0
901	Сигма-дельта-модуляція	48	0	6	1.0
902	Сила Лоренца	4461	24	265	127.0
903	Силіцій	6963	59	480	173.0
904	Сіборгій	152	1	12	4.0
905	Сірка	10904	95	634	305.0
906	Скандій	811	4	51	25.0
907	Спектральна ефективність	27	0	3	1.0
908	Спектрофотометр	168	1	12	5.0
909	Список позначень у фізиці	10428	58	579	278.0
910	Спільна ентропія	43	0	7	2.0
911	Сплутані квантові стани	267	2	20	7.5
912	Срібло	4205	43	237	118.0
913	Стандартний стан	289	3	18	9.0
914	Станум	1580	22	103	46.5
915	Статистичний шум	7	0	3	0.0
916	Стерильне нейтрино	13	0	2	0.0
917	Стибій	728	6	46	23.0
918	Стронцій	1235	11	81	37.5
919	Супергетеродинний радіоприймач	120	0	30	3.0
920	Суперсиметрія	94	0	7	3.0
921	Супутниковий зв'язок	344	2	26	10.0
922	Сферміон	12	0	2	1.0
923	Сцинтиляційні лічильники	46	0	5	1.0
924	Талій	612	5	60	14.5
925	Тантал (хімічний елемент)	545	5	36	16.5
926	Тау-лептон	64	0	7	2.0
927	Тахіони	258	2	24	7.0
928	Телур	778	3	62	20.5
929	Теннессин	179	1	13	4.0
930	Теорія де Бройля — Бома	69	0	10	2.0
931	Теплобачення	319	0	31	10.0
932	Тербій	179	0	17	5.0
933	Термоядерна енергія	334	3	24	10.0
934	Тета-мезон	6	0	1	0.0
935	Тетракварк	15	0	2	0.5
936	Технецій	333	1	27	9.0
937	Титан (хімічний елемент)	2060	30	145	57.0
938	Томаш Станецький	4	0	1	0.0
939	Торій	298	1	20	8.0
940	Траєкторія	3132	14	186	96.0
941	Трансфермієві війни	35	0	7	1.0
942	Тритій	413	2	31	12.0
943	Тріон	30	0	5	1.0
944	Тулій	105	0	11	3.0
945	Уран (хімічний елемент)	1359	16	85	42.5
946	Уран-235	715	9	41	22.5
947	Фазова модуляція	138	0	14	4.0
948	Фазована антенна решітка	119	0	17	2.5
949	Фермій	139	0	14	4.0
950	Ферміон	187	0	15	5.0
951	Фі-мезон	9	0	1	0.0
952	Фізика	6878	60	507	164.5
953	Фізика низьких температур (журнал)	30	0	12	1.0
954	Флеровій	144	0	11	3.5
955	Фонон	98	0	7	3.0
956	Формула Койде	5	0	3	0.0
957	Фосфор	7812	70	544	236.0
958	Фотон	1795	18	134	52.0
959	Францій	957	8	64	27.5
960	Фтор	3768	29	284	110.5
961	Фундаментальна частинка	75	0	10	2.0
962	Фундаментальні взаємодії	789	7	64	21.5
963	Функція розподілу (статистична фізика)	12	0	3	0.0
964	Халькогени	471	3	37	14.0
965	Хлор	8460	55	617	259.0
966	Хром	2359	18	155	72.5
967	Хронологія квантових обчислень	11	0	3	1.0
968	Цезій	937	7	58	29.0
969	Церій	254	1	15	8.0
970	Циклотронна маса	7	0	3	0.5
971	Цинк	4252	41	242	139.0
972	Цирконій	758	11	46	22.5
973	Частотна модуляція	348	1	22	10.0
974	Черенковське випромінювання	193	2	12	6.0
975	Число Авогадро	1698	9	92	50.5
976	Число Маха	546	6	27	16.5
977	Шипіння (ядерна зброя)	6	0	1	0.0
978	Шлях (фізика)	8294	36	592	227.0
979	Ядерна енергетика	759	4	55	22.5
980	Ядерне випробування	202	2	14	6.0
981	Ядерний вибух	752	8	45	23.5
982	Ядро атома	4422	24	268	121.5
983	B-кварк	40	0	4	1.0
984	B-мезон	13	0	2	0.0
985	BeamForming	42	0	5	1.0
986	C-кварк	27	0	7	1.0
987	CERN	404	4	32	11.5
988	D-кварк	61	0	7	2.0
989	D-мезон	13	0	2	0.0
990	J/ψ-мезон	26	0	8	1.0
991	Ku-діапазон	63	0	8	2.0
992	S-кварк	18	0	4	0.0
993	T-кварк	42	0	12	1.0
994	T-мезон	10	0	2	0.0
995	U-кварк	51	0	6	1.0
996	W- і Z-бозони	43	0	6	1.0
997	Wendelstein 7-X	21	0	2	1.0
998	X та Y бозони	12	0	2	0.0
