1	*-алгебра	9	0	2	0.0
2	0 (число)	1043	9	69	33.0
3	0,(9)	49	0	6	1.0
4	1 (число)	204	1	13	6.0
5	2 (число)	145	0	13	4.0
6	3-сфера	8	0	2	0.0
7	4-вектор	86	0	7	2.5
8	6 (число)	227	2	17	7.0
9	Абак (рахівниця)	316	2	24	9.0
10	Абелева група	322	0	31	10.0
11	Абсолютна похибка вимірювання	2258	4	139	76.0
12	Абстрактна алгебра	126	1	8	4.0
13	Абстракція	2775	13	155	85.0
14	Азартна гра (теорія ігор)	1	0	1	0.0
15	Аксіома	1946	23	111	65.0
16	Аксіома вибору	77	0	7	2.0
17	Аксіома паралельності Евкліда	171	0	19	4.0
18	Аксіоматика Гільберта	81	0	8	2.0
19	Аксіоми Пеано	116	1	10	3.0
20	Актуарій	199	0	18	5.5
21	Актуарна математика	192	0	15	6.0
22	Алан Тюрінг	1287	16	82	41.0
23	Алгебра	775	5	60	25.0
24	Алгебра Кліфорда	12	0	2	0.0
25	Алгебра Лі	57	0	6	1.0
26	Алгебра логіки	1456	2	90	44.0
27	Алгебраїчне числове поле	37	0	16	1.0
28	Алгебраїчні числа	108	0	8	3.0
29	Алгебрична геометрія	84	0	6	3.0
30	Алгебрична топологія	32	0	3	1.0
31	Алгебричний многовид	24	0	5	0.0
32	Алгебрично замкнуте поле	57	0	23	1.0
33	Алгоритм	5580	24	328	185.0
34	Алгоритм Джонсона	84	0	10	2.0
35	Алгоритм Евкліда	1198	3	71	40.0
36	Алгоритм імітації відпалу	185	0	17	5.0
37	Александр Гротендік	31	0	4	1.0
38	Аль-Хорезмі	295	1	31	8.0
39	Альберт Ейнштейн	5439	62	276	175.0
40	Альфред Грей	1	0	1	0.0
41	Альфред Тарський	105	0	17	3.0
42	Американське математичне товариство	24	0	3	1.0
43	Аналітична геометрія	520	2	38	16.0
44	Аналітична теорія чисел	31	0	6	1.0
45	Аналітична функція	424	0	37	13.0
46	Аналогова обчислювальна машина	211	1	21	5.0
47	Андре Вейль	13	0	2	0.5
48	Анрі Леон Лебег	22	0	3	1.0
49	Анрі Пуанкаре	253	2	18	8.0
50	Антіфонт	5	0	2	0.0
51	Аполлоній Перзький	55	0	5	1.5
52	Апостеріорна ймовірність	185	0	20	5.5
53	Арифметика	390	2	26	11.0
54	Арифметична функція	41	0	6	1.0
55	Арістотель	6275	23	334	213.0
56	Арність	50	0	7	1.0
57	Арнольд Володимир Ігорович	31	0	4	1.0
58	Артур Кейлі	6	0	1	0.0
59	Архімед	1869	7	112	64.0
60	Асимптота	703	3	41	24.0
61	Асоціативність	681	4	52	19.0
62	Атлас (математика)	12	0	2	0.5
63	Атле Сельберг	4	0	3	0.0
64	Атрактор	332	2	34	10.0
65	Аттична система числення	16	0	3	1.0
66	Афінна геометрія	52	0	8	1.0
67	Багатократний інтеграл	230	0	17	7.0
68	Багатокритеріальна оптимізація	361	0	38	10.0
69	Баєсів інформаційний критерій	20	0	3	1.0
70	Баєсова ймовірність	112	1	8	3.0
71	Баєсова лінійна регресія	52	0	5	1.0
72	Баєсова мережа	390	0	50	11.0
73	Баєсова оцінка	102	0	10	3.0
74	Баєсове виведення	87	0	12	2.0
75	Банахів простір	176	1	19	5.0
76	Банахова алгебра	16	0	3	0.0
77	Басейн притягання	5	0	2	0.0
78	Безвиграшна ситуація	22	0	4	1.0
79	Безкоаліційна гра	39	0	6	1.0
80	Безмасштабна мережа	33	0	5	1.0
81	Бенуа Мандельброт	88	0	7	3.0
82	Бернгард Ріман	103	0	11	2.0
83	Бертран Расселл	535	9	46	15.0
84	Бета-функція	106	0	11	3.0
85	Бієкція	519	2	45	16.0
86	Білінійне відображення	244	0	199	1.0
87	Бінарна класифікація	124	0	10	4.0
88	Бінарна операція	354	2	29	11.0
89	Біном Ньютона	987	10	53	34.0
90	Біноміальний коефіцієнт	383	1	32	12.0
91	Біноміальний розподіл	998	1	62	33.0
92	Блез Паскаль	1206	13	88	39.0
93	Броунівське дерево	12	0	2	0.5
94	Броунівський рух	1863	3	119	55.0
95	Булеан	369	3	34	11.0
96	Булева алгебра (структура)	359	2	26	10.0
97	Булева функція	1564	7	104	47.0
98	Буняковський Віктор Якович	82	0	12	2.0
99	Варіаційне числення	184	1	16	5.0
100	Вейвлет	175	0	15	4.0
101	Вектор (математика)	1411	9	90	47.0
102	Векторне поле	160	0	12	5.0
103	Векторне числення	58	0	7	1.0
104	Векторний простір	784	8	41	26.0
105	Велика теорема Ферма	953	9	83	29.0
106	Верхня і нижня границі	252	1	16	9.0
107	Взаємна інформація	150	0	24	3.0
108	Взаємно прості числа	779	8	48	25.0
109	Вибірка	3545	5	237	115.0
110	Визначник	2035	5	130	66.0
111	Виключна диз'юнкція	1242	7	70	39.0
112	Вимірна функція	81	0	8	3.0
113	Випадкова величина	1488	7	97	47.0
114	Випадкова подія	666	2	41	20.0
115	Випадкове блукання	66	0	6	2.0
116	Випадковий процес	634	0	50	17.0
117	Випадковий процес з довгою пам'яттю	0	0	0	0.0
118	Випадкові числа	78	0	6	2.0
119	Вироджений розподіл	35	0	5	1.0
120	Висковатов Василь Іванович	1	0	1	0.0
121	Висота (величина)	5	0	1	0.0
122	Від'ємне число	438	4	27	13.0
123	Відкрита множина	230	0	20	7.0
124	Відкриті математичні питання	177	1	14	5.0
125	Віднімання	851	2	51	26.0
126	Відношення	738	1	70	22.0
127	Відношення еквівалентності	874	2	69	26.0
128	Відношення порядку	558	0	44	16.0
129	Відособлений розподіл	46	0	5	2.0
130	Відсоток	1380	6	84	39.0
131	Відстань	2897	7	223	86.0
132	Вільна група	13	0	3	0.0
133	Вільний параметр	6	0	2	0.0
134	Вільні і зв'язані змінні	65	0	11	1.0
135	Вільям Ровен Гамільтон	95	0	12	3.0
136	Вільям Терстон	18	0	4	1.0
137	Вісімкова система числення	470	6	32	13.0
138	Вісь	553	2	41	19.0
139	Вкладення Сегре	4	0	2	0.0
140	Власні вектори та власні числа	1269	4	103	37.0
141	Внутрішня точка	68	0	7	2.0
142	Гамма-розподіл	181	0	18	5.0
143	Гамма-функція	412	1	31	12.0
144	Гармонічна функція	139	0	14	4.0
145	Гармонічний аналіз	50	0	5	1.0
146	Гаусові числа	147	0	15	4.5
147	Гельфанд Ізраїль Мойсейович	37	0	9	1.0
148	Генератор псевдовипадкових чисел	264	0	23	9.0
149	Генератриса	223	0	20	5.0
150	Генерація випадкових чисел	306	2	22	9.0
151	Геодезична лінія	185	0	17	5.0
152	Геометрична прогресія	1439	18	81	45.0
153	Геометричний броунівський рух	17	0	4	1.0
154	Геометрія	1192	4	80	40.0
155	Геометрія Лобачевського	432	3	41	13.0
156	Георг Кантор	84	0	7	3.0
157	Герман Вейль	27	0	4	1.0
158	Гідроаеромеханіка	75	0	9	2.0
159	Гідромеханіка	71	0	6	2.0
160	Гійом де Лопіталь	19	0	3	0.0
161	Гільбертів простір	231	1	20	7.0
162	Гіпербола (математика)	1965	11	125	64.0
163	Гіпергеометричний розподіл	154	0	12	5.0
164	Гіперграф	23	0	3	1.0
165	Гіперповерхня	24	0	5	1.0
166	Гіпотеза Гольдбаха	103	0	17	3.0
167	Гіпотеза Пуанкаре	466	7	24	15.0
168	Гіпотеза Рімана	292	2	20	9.0
169	Гістограма	950	5	56	31.0
170	Голоморфна функція	177	0	12	5.0
171	Гомеоморфізм	85	0	7	2.0
172	Гомологічна алгебра	12	0	2	0.0
173	Гомоморфізм	258	1	23	6.0
174	Гомоморфізм груп	105	0	17	3.0
175	Гомоморфне шифрування	43	0	5	1.0
176	Гомотопія	26	0	3	1.0
177	Готлоб Фреге	87	0	13	2.0
178	Готфрід Вільгельм Ляйбніц	997	3	59	35.0
179	Гра без побічних платежів	2	0	1	0.0
180	Градієнтний спуск	690	1	46	22.0
181	Градієнтні методи	246	0	18	8.0
182	Границя	949	6	55	32.0
183	Границя функції в точці	2151	6	134	70.0
184	Границя числової послідовності	1143	1	80	35.0
185	Граф (математика)	2283	13	158	68.0
186	Група (математика)	412	1	34	11.0
187	Група Галуа	15	0	3	0.5
188	Група Лі	24	0	4	1.0
189	Густина імовірності	1120	5	62	35.0
190	Ґратка (порядок)	276	0	22	8.0
191	Давид Гільберт	201	0	25	5.0
192	Дванадцяткова система числення	74	0	7	2.0
193	Девід Мамфорд	3	0	2	0.0
194	Декартів добуток множин	1215	7	76	36.0
195	Декартова система координат	1722	4	95	58.0
196	Дельта-метод	42	0	7	1.0
197	Дельта-функція Дірака	259	2	26	6.0
198	Дерево (теорія графів)	1049	5	93	28.0
199	Джеймс Клерк Максвелл	905	0	69	30.0
200	Джон Конвей	31	0	5	1.0
201	Джон Мілнор	11	0	3	0.0
202	Джон фон Нейман	465	3	37	14.0
203	Джон Форбс Неш	1016	20	68	30.0
204	Джордж Буль	177	0	14	5.0
205	Джуліо Асколі	6	0	2	0.0
206	Дзета-функція Рімана	133	0	13	3.0
207	Диз'юнкт Горна	11	0	2	0.0
208	Динамічна гра	20	0	2	1.0
209	Динамічна система	681	1	44	22.0
210	Дискретна група	8	0	2	0.0
211	Дискретна математика	1083	7	59	33.0
212	Дискретний логарифм	119	0	9	4.0
213	Дискримінант	839	4	45	27.0
214	Дисперсійний аналіз	1315	0	107	45.0
215	Дисперсія випадкової величини	4618	13	273	157.0
216	Дистрибутивність	290	3	23	8.0
217	Дифеоморфізм	17	0	4	1.0
218	Диференціальна геометрія	104	1	10	3.0
219	Диференціальне рівняння з частинними похідними	630	1	50	20.0
220	Диференціальне та інтегральне числення	279	1	21	10.0
221	Диференціальне числення	334	1	36	10.0
222	Диференціальні рівняння	2712	12	157	80.0
223	Диференційовний многовид	25	0	4	1.0
224	Дійсне число	3245	24	147	115.0
225	Дійснозначна функція	30	0	4	1.0
226	Ділення	1029	4	75	33.0
227	Діофантові рівняння	427	1	34	14.0
228	Дія (фізика)	60	0	6	2.0
229	Добуток	2424	10	177	64.0
230	Довга арифметика	55	0	5	2.0
231	Доведення	315	0	26	8.0
232	Доведення з нульовим розголошенням	29	0	4	1.0
233	Довжина	1942	9	115	51.0
234	Довжина кривої	145	0	24	3.5
235	Довірчий інтервал	1476	4	101	50.0
236	Додавання	765	4	52	27.0
237	Дональд Кнут	163	0	14	5.0
238	Допустимий розв'язок	29	0	4	1.0
239	Досконале число	245	0	20	7.0
240	Дослідження операцій	635	3	45	22.0
241	Дотична	394	2	41	11.0
242	Дотичний простір	15	0	3	1.0
243	Дріб	2520	18	137	92.0
244	Дрінфельд Володимир Гершонович	31	0	4	1.0
245	Друга похідна	322	1	26	10.0
246	Еварист Галуа	133	2	11	4.0
247	Евклід	1362	3	128	31.0
248	Евклідів простір	546	4	31	18.0
249	Евклідова геометрія	636	7	52	17.0
250	Едвард Віттен	22	0	2	1.0
251	Експоненційний розподіл	983	3	57	33.0
252	Ексцентриситет	1280	4	73	40.0
253	Елементарна математика	76	0	9	2.0
254	Елі Жозеф Картан	8	0	1	0.0
255	Еліпс	2761	7	151	90.0
256	Еліптична крива	314	1	23	10.0
257	Еліптична криптографія	250	0	19	8.0
258	Еліптична функція	9	0	2	0.0
259	Еммі Нетер	744	0	62	18.0
260	Емпірична функція розподілу	835	2	60	26.0
261	Ентропійна швидкість	21	0	5	1.0
262	Ентропія	5787	35	362	189.0
263	Ератосфен	378	3	28	11.0
264	Ергодичний розподіл	53	0	8	2.0
265	Ермітова форма	9	0	2	0.0
266	Ефект метелика (математика)	970	15	48	31.0
267	Жак Соломон Адамар	28	0	10	1.0
268	Жан-П'єр Серр	15	0	3	0.5
269	Житомирська Світлана Яківна	8	0	2	0.0
270	Життя (гра)	474	8	27	15.0
271	Жозеф-Луї Лагранж	137	0	12	4.0
272	Жорданова нормальна форма	92	0	15	3.0
273	Загальна лінійна група	20	0	5	0.5
274	Загальна теорія відносності	1176	14	64	37.0
275	Загальна топологія	14	0	3	0.0
276	Задання групи	11	0	3	0.0
277	Задача безумовної оптимізації	75	0	8	2.0
278	Задача дробово-лінійного програмування	48	0	9	1.0
279	Задача математичного програмування	50	0	7	1.0
280	Задача оптимізації	1108	2	88	26.0
281	Задача опуклого програмування	37	0	5	1.0
282	Задача про пакування в ємності	31	0	4	1.0
283	Задача розв'язності	38	0	5	1.0
284	Задача умовної оптимізації	69	0	9	2.0
285	Закон великих чисел	726	5	41	24.0
286	Закон виключеного третього	554	1	34	19.0
287	Закони Кеплера	8303	6	600	315.0
288	Закони Ланчестера	27	0	4	1.0
289	Закони Ньютона	15992	72	850	511.0
290	Замикання (математика)	97	0	9	2.0
291	Заперечення	577	4	32	20.0
292	Зв'язність (диференціальна геометрія)	6	0	2	0.0
293	Звичайні диференціальні рівняння	227	0	19	6.0
294	Згортка (математичний аналіз)	364	1	28	11.0
295	Зірочка Кліні	20	0	3	0.0
296	Зліченна множина	325	2	20	10.0
297	Знак рівності	537	7	33	19.0
298	Зовнішня алгебра	34	0	7	1.0
299	Зовнішня похідна	11	0	2	0.0
300	Золота спіраль	177	0	12	6.0
301	Золотий перетин	3347	27	193	115.0
302	Ізометрія (математика)	52	0	6	2.0
303	Ізоморфізм	470	4	35	13.0
304	Ізоморфізм груп	62	0	9	2.0
305	Імовірнісна логіка	13	0	3	1.0
306	Імовірність	1945	2	108	66.0
307	Імпульс (механіка)	5436	10	394	178.0
308	Індекс контура відносно точки	15	0	3	1.0
309	Індо-арабська система числення	612	6	35	19.0
310	Інтеграл	4064	24	227	126.0
311	Інтеграл Лебега	146	0	15	3.0
312	Інтегральна теорема Коші	321	1	27	9.0
313	Інтегральна формула Коші	314	2	44	8.0
314	Інтегральне правило Лейбніца	57	0	6	1.0
315	Інтегральне рівняння	86	0	9	3.0
316	Інтервал (математика)	240	2	18	7.0
317	Інтерполяція	2213	2	185	61.0
318	Інформаційна ентропія	1322	9	79	41.0
319	Інформаційний критерій Акаіке	91	1	10	3.0
320	Інформація	10282	21	633	340.0
321	Ірвінг Рід	0	0	0	0.0
322	Ірраціональні числа	1152	8	51	39.0
323	Ісаак Ньютон	3378	23	207	110.0
324	Історія геометрії	240	0	22	6.0
325	Історія математики	1403	6	88	48.0
326	Історія математичних позначень	194	1	22	5.0
327	Істотний многовид	2	0	1	0.0
328	Ймовірнісний простір	125	0	13	4.0
329	Йоганн Кеплер	938	2	61	29.0
330	Калібрувальна інваріантність	36	0	4	1.0
331	Канонічна кореляція	75	0	17	1.5
332	Карл Вейєрштрасс	55	0	8	1.5
333	Карл Фрідріх Гаусс	487	3	35	16.0
334	Категорійна змінна	200	0	15	6.0
335	Категорійний розподіл	35	0	5	1.0
336	Квадрат	1553	6	120	48.0
337	Квадратична форма	474	4	36	12.0
338	Квадратичний закон взаємності	22	0	5	1.0
339	Квадратне рівняння	2060	10	122	66.0
340	Квадратний корінь	1244	15	67	41.0
341	Квантова електродинаміка	135	0	16	3.0
342	Квантова криптографія	84	0	8	2.5
343	Квантова логіка	23	0	3	1.0
344	Квантова механіка	1373	17	69	46.0
345	Квантова хромодинаміка	74	0	10	2.0
346	Квартет Анскомбе	24	0	4	1.0
347	Китайська теорема про остачі	224	0	21	7.0
348	Кільце (алгебра)	630	4	49	18.0
349	Кільце многочленів	124	0	20	3.0
350	Кільцевий підпис	24	0	4	1.0
351	Кінематика	2360	5	154	76.0
352	Кінетична енергія	8969	9	580	328.0
353	Клавдій Птолемей	1716	3	135	47.0
354	Клас еквівалентності	337	1	21	10.0
355	Клас складності NP	258	1	34	6.0
356	Клас складності P	208	1	18	5.5
357	Клас складності PSPACE	20	0	6	0.5
358	Класична механіка	1587	4	103	48.0
359	Кластеризація методом к–середніх	861	6	57	29.0
360	Коваріація	865	5	54	26.0
361	Коефіцієнт Баєса	27	0	3	1.0
362	Коефіцієнт Жаккара	133	0	14	4.0
363	Колмогоров Андрій Миколайович	151	0	20	4.0
364	Коло	2763	8	188	81.0
365	Комбінаторика	1436	9	93	48.0
366	Комбінаторна оптимізація	71	0	10	2.0
367	Комбінація (комбінаторика)	822	2	49	25.0
368	Компактний простір	206	0	15	7.0
369	Комплексна площина	165	0	15	5.0
370	Комплексне число	2240	28	111	71.0
371	Комплексний аналіз	274	1	27	8.0
372	Композиція функцій	204	1	16	6.0
373	Компонента зв'язності графа	495	3	42	16.0
374	Комутативна алгебра	16	0	3	0.0
375	Комутативне кільце	83	0	8	3.0
376	Комутативність	652	4	63	19.0
377	Кон'юнкція	1182	6	88	38.0
378	Конкатенація	333	0	21	10.0
379	Континуум-гіпотеза	50	0	6	2.0
380	Контрапозиція	71	0	15	1.0
381	Кооперативна гра (теорія ігор)	124	0	16	3.0
382	Кореляція і залежність	3485	9	205	110.0
383	Кортеж (інформатика)	344	2	22	10.0
384	Крайова задача	215	0	17	7.0
385	Крива	212	0	20	6.0
386	Кривина (математика)	153	0	10	5.0
387	Криві другого порядку	1291	0	96	42.0
388	Криза основ математики	37	0	6	1.0
389	Криптоаналіз	510	3	40	14.0
390	Криптографічна геш-функція	313	1	18	10.0
391	Криптографічно стійкий генератор псевдовипадкових чисел	160	0	13	6.0
392	Криптографія	2995	20	186	103.0
393	Критерій Фішера	1455	1	84	50.0
394	Критична точка (математика)	253	0	21	7.0
395	Куб	2506	4	144	89.0
396	Куля (геометрія)	5	0	2	0.0
397	Курт Гедель	88	0	6	3.0
398	Кут	1968	8	131	62.0
399	Кутова швидкість	3563	10	230	121.0
400	Кутовий коефіцієнт	1090	6	77	34.0
401	Лагранжіан	141	0	11	4.0
402	Лазар Карно	35	0	4	1.0
403	Ланцюги Маркова	728	1	47	23.0
404	Ланцюги Маркова з неперервним часом	70	0	8	2.0
405	Ланцюговий дріб	207	0	25	6.0
406	Лейтзен Егберт Ян Брауер	23	0	4	1.0
407	Лексель Андрій Іванович	6	0	1	0.0
408	Лема Гронуолла — Беллмана	24	0	4	1.0
409	Лема Цорна	8	0	3	0.0
410	Леонард Ейлер	627	4	47	19.0
411	Лінійна алгебра	374	2	26	11.0
412	Лінійна комбінація	391	1	34	10.0
413	Лінійна регресія	2127	10	168	77.0
414	Лінійна функція	748	3	73	22.0
415	Лінійне відображення	473	1	39	15.0
416	Лінійне програмування	1490	1	90	48.0
417	Лінійне рівняння	645	3	37	21.0
418	Лінія	439	0	45	12.0
419	Логарифм	2896	30	162	93.0
420	Логарифмічно угнута функція	7	0	1	1.0
421	Логіка	3418	30	210	113.0
422	Логіка в інформатиці	328	1	26	10.0
423	Логіка другого порядку	22	0	3	1.0
424	Логіка першого порядку	295	2	24	7.0
425	Логічний сполучник	427	1	41	13.0
426	Любич Михайло Юрійович	1	0	1	0.0
427	Ляпунов Олександр Михайлович	101	0	17	3.0
428	Майже періодична функція	20	0	3	1.0
429	Майкл Атія	20	0	2	1.0
430	Максимальний ідеал	50	0	6	2.0
431	Маргуліс Григорій Олександрович	9	0	2	0.0
432	Марковська властивість	43	0	7	1.0
433	Марковська модель	108	0	10	3.0
434	Марковський момент часу	9	0	2	0.0
435	Марковський процес	265	2	25	7.0
436	Марковський процес вирішування	86	0	13	2.0
437	Мартингал	21	0	3	1.0
438	Математик	452	0	38	14.0
439	Математика	3120	22	193	97.0
440	Математична індукція	478	2	36	16.0
441	Математична константа	158	1	13	5.0
442	Математична логіка	620	3	41	18.0
443	Математична статистика	684	1	50	20.0
444	Математична фізика	246	1	14	8.0
445	Математичне моделювання	1200	4	80	35.0
446	Математичне сподівання	2932	14	161	102.0
447	Математичний аналіз	698	8	50	25.0
448	Матриця (математика)	3826	25	216	126.0
449	Матриця суміжності	1272	1	76	41.0
450	Машина Тюрінга	865	6	59	26.0
451	Медаль Філдса	353	2	28	9.0
452	Медіана (статистика)	2436	6	137	74.0
453	Мероморфна функція	31	0	4	1.0
454	Метаматематика	17	0	2	0.5
455	Метамова	205	0	17	7.0
456	Метод Гауса	1753	6	107	58.0
457	Метод Гауса — Жордана	410	0	32	11.0
458	Метод головних компонент	1410	1	85	45.0
459	Метод групового урахування аргументів	107	0	12	3.0
460	Метод максимальної правдоподібності	431	0	38	13.0
461	Метод матриць переходу	15	0	4	1.0
462	Метод Монте-Карло	888	1	52	31.0
463	Метод невизначених множників	158	0	18	5.0
464	Метод Ньютона	791	2	50	23.0
465	Метод скінченних різниць	357	1	33	10.5
466	Метричний простір	348	2	30	11.0
467	Метричний тензор	74	0	12	2.0
468	Механіка Гамільтона	108	0	11	3.0
469	Мимобіжні прямі	1302	3	79	48.0
470	Міжнародна математична олімпіада	114	0	9	3.0
471	Мінімальна довжина повідомлення	3	0	1	0.0
472	Мінімізація булевих функцій за допомоги дужкових форм	83	0	6	3.0
473	Міра множини	113	0	8	4.0
474	Міра Хаара	5	0	1	0.0
475	Мішаний добуток	614	4	43	19.5
476	Многовид	137	0	16	4.0
477	Многогранник	617	3	47	18.0
478	Многокутник	1495	5	163	41.0
479	Многочлен	1081	11	68	36.0
480	Множення	811	7	50	27.0
481	Множина	3262	8	179	98.0
482	Мода (статистика)	1883	6	116	59.0
483	Модель Барабаші — Альберт	50	0	13	1.0
484	Модель Блека — Шоулза	126	0	14	4.0
485	Модуль (математика)	818	6	48	27.0
486	Модуль над кільцем	49	0	4	1.0
487	Модульна арифметика	497	7	27	16.0
488	Модулярна форма	38	0	4	1.0
489	Мультиіндекс	8	0	2	0.0
490	Мультимножина	38	0	6	1.0
491	Найбільше відоме просте число	407	6	27	13.0
492	Найбільший спільний дільник	792	8	49	26.0
493	Найменше спільне кратне	746	5	40	23.0
494	Накриття (топологія)	5	0	2	0.0
495	Напівмартингал	4	0	2	0.0
496	Нат (одиниця вимірювання)	19	0	2	1.0
497	Натуральні числа	4432	20	318	136.0
498	Начала Евкліда	273	1	20	8.0
499	Нго Бао Чау	2	0	1	0.0
500	Невластивий інтеграл	5	0	1	0.0
501	Недетермінований скінченний автомат	141	0	12	3.0
502	Неевклідова геометрія	258	1	18	8.0
503	Незалежність (теорія ймовірностей)	309	0	22	9.0
504	Незвідний многочлен	281	0	35	6.0
505	Неімплікація	37	0	4	1.0
506	Нелінійні диференціальні рівняння	8	0	2	0.0
507	Неперервна справа функція з лівосторонніми границями	37	0	5	1.5
508	Неперервна функція	2025	11	126	67.0
509	Нерівність	1124	5	60	37.0
510	Нерівність Коші — Буняковського	489	5	35	15.0
511	Нерівність трикутника	228	1	15	7.0
512	Нерівність Чебишова	497	2	45	15.0
513	Нескінченність	707	9	40	23.0
514	Нечітка множина	721	2	76	17.0
515	Ніколя Бурбакі	43	0	4	1.0
516	Нільпотентна група	1	0	1	0.0
517	Нім (гра)	39	0	5	1.0
518	Норма (математика)	293	1	25	9.0
519	Норма (теорія полів)	1	0	1	0.0
520	Нормальна підгрупа	106	0	20	2.0
521	Нормальний розподіл	3416	14	175	122.0
522	Обернена функція	923	7	55	28.0
523	Обернені тригонометричні функції	1072	6	61	35.0
524	Область визначення	2809	10	192	85.0
525	Область значень	1047	0	67	32.0
526	Область цілісності	132	0	32	2.0
527	Обчислювальна математика	261	1	30	7.0
528	Обчислювана функція	71	0	6	2.0
529	Оґюстен-Луї Коші	134	0	11	4.0
530	Одностороння функція	92	0	11	3.0
531	Окіл	264	2	20	8.0
532	Омар Хаям	741	0	190	1.0
533	Оператор Лапласа	242	1	13	8.0
534	Оптимізація (математика)	1097	1	73	35.0
535	Оптимум Парето	598	3	44	20.0
536	Опукла комбінація	13	0	4	1.0
537	Опукла множина	170	0	18	6.0
538	Опукла функція	354	0	30	11.5
539	Ортогональна матриця	250	1	18	6.0
540	Ортогональність	437	5	33	13.0
541	Ортонормований базис	180	1	18	5.0
542	Оскар Зарицький	10	0	2	0.5
543	Основна теорема алгебри	280	1	26	7.0
544	Основна теорема арифметики	339	1	20	12.0
545	Оцінка апостеріорного максимуму	38	0	4	1.0
546	Оцінка густини	31	0	4	1.0
547	П'єр Рене Делінь	10	0	2	0.0
548	П'єр Ферма	207	0	24	6.0
549	П'єр-Симон Лаплас	184	0	14	5.0
550	П'ятикомірник	17	0	2	1.0
551	Пал Ердеш	50	0	7	1.5
552	Парабола	2140	7	123	70.0
553	Парадокс Банаха — Тарського	85	0	7	2.0
554	Парадокс Расселла	264	0	23	8.0
555	Паралельність	759	3	45	25.0
556	Параметр	379	2	36	11.0
557	Переважне приєднання	19	0	3	1.0
558	Перевірка відношенням правдоподібностей	70	0	9	2.0
559	Перевірка статистичних гіпотез	1008	2	59	34.0
560	Перельман Григорій Якович	406	2	29	12.0
561	Перестановка	464	4	33	14.0
562	Перетворення Гільберта	47	0	6	1.0
563	Перетворення Лапласа	681	2	45	23.0
564	Перетворення Фур'є	1454	6	84	47.0
565	Перетин множин	680	2	43	22.0
566	Перехресна ентропія	56	0	8	1.5
567	Перехресна перевірка	128	0	8	4.0
568	Периметр	767	1	58	18.0
569	Періодична функція	623	2	37	19.0
570	Періодичний стан	20	0	3	1.0
571	Підмножина	795	0	56	25.0
572	Піднесення до степеня	2804	10	166	94.0
573	Підстановка	41	0	5	1.0
574	Піфагор	2429	15	141	82.0
575	Планування експерименту	1404	5	82	44.0
576	Площа	2981	20	165	98.0
577	Площа поверхні	133	0	15	4.0
578	Площина	909	2	65	28.0
579	Поверхневий інтеграл	317	0	24	8.0
580	Поверхня	368	1	29	11.0
581	Повний метричний простір	115	1	13	3.5
582	Подвійні числа	7	0	2	0.0
583	Подільність	326	0	29	9.0
584	Позиційна система числення	900	4	70	30.0
585	Показникова функція	1447	1	121	46.0
586	Пол Джозеф Коен	10	0	1	0.0
587	Поле (алгебра)	480	4	42	13.0
588	Поле Галуа	248	0	36	7.0
589	Поліноми Ерміта	125	0	22	3.5
590	Поль Дірак	223	0	48	3.0
591	Полюс (комплексний аналіз)	127	0	15	3.0
592	Полярна система координат	1270	3	77	42.0
593	Помилки першого і другого роду	533	1	41	17.0
594	Порядкове число	36	0	4	1.0
595	Послідовність	763	3	43	25.0
596	Послідовність Фібоначчі	1237	10	92	39.0
597	Потужність множини	900	6	79	23.0
598	Похибки та залишки	337	2	21	11.0
599	Похідна	5256	21	322	168.0
600	Правило висновування	57	0	11	1.0
601	Правило Лопіталя	1591	5	98	53.0
602	Правильний многокутник	655	3	41	24.0
603	Правильний трикутник	2604	8	167	89.0
604	Представлення групи	47	0	12	1.0
605	Приблизне баєсове обчислення	111	0	14	3.0
606	Прикладна математика	467	3	33	15.0
607	Принцип детальної рівноваги	12	0	7	0.0
608	Принцип Діріхле	478	2	54	13.0
609	Принцип максиміну	59	0	8	1.0
610	Припущення	198	0	15	6.0
611	Прискорення	10183	25	616	385.0
612	Пристосованість (статистика)	46	0	6	1.0
613	Проблема зупинки	144	0	16	4.0
614	Проблема чотирьох фарб	148	2	10	4.0
615	Проблеми Гільберта	151	0	17	5.0
616	Проективна геометрія	107	0	15	3.0
617	Проективний простір	41	0	11	1.0
618	Проста група	23	0	5	1.0
619	Просте число	2490	20	306	59.0
620	Простий ідеал	70	0	9	2.0
621	Простір Мінковського	113	0	18	3.0
622	Простір Шварца	21	0	4	1.0
623	Простір Lp	93	0	8	3.0
624	Просторово-часовий інтервал	252	1	20	8.0
625	Протокол узгодження ключів	32	0	5	1.0
626	Процес Леві	16	0	7	0.0
627	Пряма	1120	6	76	36.0
628	Пряма секретність	61	0	12	2.0
629	Прямий кут	689	1	50	16.0
630	Прямокутний трикутник	7886	22	450	265.0
631	Псевдотріангуляція	7	0	2	0.0
632	Пучок (математика)	21	0	3	1.0
633	Радіальна базисна функція	100	0	9	2.0
634	Радіан	1069	6	61	35.0
635	Радіус	2273	4	159	72.0
636	Раціональна функція	86	0	8	2.0
637	Раціональні числа	1898	13	111	63.0
638	Регістр зсуву з лінійним зворотним зв'язком	85	0	9	2.5
639	Регресійний аналіз	2677	2	147	87.0
640	Регуляризація (математика)	75	0	8	2.0
641	Рене Декарт	4231	17	255	139.0
642	Рене Том	14	0	4	0.0
643	Рерайтинг (математика)	10	0	2	0.0
644	Римська система числення	5357	57	304	171.0
645	Рівність класів P і NP	209	1	14	7.0
646	Рівновага Неша	554	2	37	18.0
647	Рівномірна збіжність	119	0	26	3.0
648	Рівномірна обмеженість	37	0	5	1.0
649	Рівностепенева неперервність	21	0	3	1.0
650	Рівняння	1062	8	66	36.0
651	Рівняння Дірака	109	0	10	3.0
652	Рівняння конвекції-дифузії	80	0	7	3.0
653	Рівняння Лапласа	344	4	30	9.0
654	Рівняння Максвелла	1696	5	111	48.0
655	Рівняння Нав'є — Стокса	336	2	28	12.0
656	Рівняння Пелля	22	0	3	1.0
657	Рівняння Смолюховського	24	0	5	1.0
658	Рівняння теплопровідності	377	1	28	9.0
659	Рівняння Фоккера-Планка	86	0	14	2.0
660	Рівняння Чепмена — Колмогорова	92	0	10	2.0
661	Рівняння четвертого степеня	273	2	17	9.0
662	Рівняння Шредінгера	927	9	54	28.0
663	Ріманова поверхня	36	0	5	1.0
664	Ріхард Дедекінд	54	0	26	1.0
665	Річард Евен Борхердс	6	0	2	0.0
666	Роджер Пенроуз	61	0	9	1.0
667	Розбиття множини	397	1	37	14.0
668	Розв'язна група	7	0	2	0.0
669	Розвідувальний аналіз	69	0	11	2.0
670	Роздрібнена множина	13	0	2	1.0
671	Розмірність простору	148	1	10	4.0
672	Розподіл ймовірностей	1495	3	87	52.0
673	Розподіл Коші	154	0	19	5.0
674	Розподіл Пуассона	1048	2	61	33.0
675	Розподіл хі-квадрат	393	2	33	11.0
676	Розфарбовування ребер	28	0	4	1.0
677	Розходження Кульбака — Лейблера	78	0	7	2.0
678	Розширений фільтр Калмана	61	0	7	1.5
679	Розширення поля	90	0	20	2.0
680	Рональд Фішер	49	0	4	1.0
681	Ряд (математика)	477	3	37	14.0
682	Ряд Тейлора	1596	4	92	55.0
683	Ряд Фур'є	1277	3	76	39.0
684	Саймон Дональдсон	1	0	1	0.0
685	Середнє арифметичне	1635	5	101	53.0
686	Середнє значення	1453	0	95	51.0
687	Сигма-алгебра	154	0	17	4.0
688	Силогізм	1646	9	104	55.0
689	Символ Кронекера	96	0	8	2.0
690	Символ Похгаммера	9	0	2	0.0
691	Симетрична група	50	0	7	1.0
692	Симетрія	1847	6	120	60.0
693	Симетрія в математиці	203	0	14	6.0
694	Симплекс	195	2	13	6.0
695	Симплекс-метод	884	4	54	27.0
696	Сингулярний розклад матриці	231	0	21	7.0
697	Сингулярні гомології	8	0	2	1.0
698	Система координат	1932	9	130	65.0
699	Система лінійних алгебраїчних рівнянь	3735	19	222	108.0
700	Система числення	2141	6	138	66.0
701	Сімеон-Дені Пуассон	57	0	7	1.0
702	Скаляр	383	1	22	14.0
703	Скалярний добуток	1716	9	88	62.0
704	Скінченна множина	297	1	21	9.0
705	Скінченні різниці	154	0	22	4.0
706	Складано-ножева перевибірка	14	0	4	0.0
707	Складене число	539	1	41	17.0
708	Соломон Лефшец	6	0	2	0.0
709	Спектральна теорема	11	0	3	0.0
710	Спеціальна теорія відносності	2102	9	159	64.0
711	Список математичних категорій	98	0	7	3.0
712	Список тригонометричних тотожностей	1578	8	96	56.0
713	Спільна ентропія	66	0	12	1.0
714	Спінор	22	0	4	0.0
715	Спліт-кватерніони	11	0	3	0.0
716	Спрямований ациклічний граф	101	0	14	2.0
717	Срініваса Рамануджан	277	2	17	9.0
718	Стандартна модель	282	2	18	9.0
719	Стандартне відхилення	4794	14	273	158.0
720	Статистика	4375	14	251	143.0
721	Статистична дисперсія	918	1	62	29.0
722	Статистична значущість	1362	6	79	46.0
723	Статистична механіка	165	0	12	5.0
724	Статистичне висновування	226	0	22	6.0
725	Стаціонарна точка	324	2	21	10.0
726	Степеневий ряд	368	2	22	12.0
727	Степінь трансцендентності	14	0	6	0.0
728	Стефан Банах	232	2	15	8.0
729	Стівен Смейл	13	0	3	0.0
730	Стохастична гра	9	0	3	0.0
731	Стохастична матриця	65	0	9	2.0
732	Стохастична модель	300	1	32	9.0
733	Стохастичне числення Іто	16	0	4	1.0
734	Сума	1325	7	88	40.0
735	Сфера	1495	5	101	49.0
736	Сфера Рімана	41	0	8	1.0
737	Сферична система координат	568	1	39	17.0
738	Сюр'єкція	511	2	43	15.0
739	Таблиця множення	257	1	21	7.0
740	Теза Черча — Тюрінга	135	0	21	3.0
741	Тензорний добуток	45	0	6	2.0
742	Теорема	484	4	34	16.0
743	Теорема Асколі — Арцела	52	0	7	2.0
744	Теорема Баєса	1145	14	78	35.0
745	Теорема Банаха про нерухому точку	92	0	10	3.0
746	Теорема Гамільтона — Келі	41	0	4	1.0
747	Теорема Гана — Банаха	25	0	5	1.0
748	Теорема Кантора	167	0	16	5.0
749	Теорема косинусів	2740	13	156	92.0
750	Теорема Лагранжа	942	2	80	31.0
751	Теорема Лагранжа (теорія груп)	108	0	13	3.0
752	Теорема Льовенгейма — Сколема	5	0	2	0.0
753	Теорема Піфагора	4797	56	250	155.0
754	Теорема про планарне розбиття	115	0	18	3.0
755	Теорема про розподіл простих чисел	81	0	10	3.0
756	Теорема Рамсея	42	0	6	1.0
757	Теорема Рімана — Роха	9	0	2	0.5
758	Теорема синусів	1500	1	93	43.0
759	Теорема Скорохода про вкладення	4	0	1	0.0
760	Теорема Стокса	308	1	26	9.0
761	Теореми Веєрштраса у банахових просторах	13	0	4	0.0
762	Теореми Геделя про неповноту	310	3	27	9.0
763	Теореми про ізоморфізми	30	0	5	1.0
764	Теоретична інформатика	233	1	27	6.0
765	Теорія алгоритмів	745	4	43	23.0
766	Теорія Вапника — Червоненкіса	14	0	3	0.0
767	Теорія випадкових процесів	50	0	4	2.0
768	Теорія відносності	2196	21	110	78.0
769	Теорія Галуа	41	0	4	1.0
770	Теорія графів	1569	10	89	52.0
771	Теорія груп	186	1	13	6.0
772	Теорія ігор	1877	19	98	64.0
773	Теорія інваріантів	51	0	18	1.0
774	Теорія інформації	863	5	70	28.0
775	Теорія ймовірностей	2750	20	152	94.0
776	Теорія категорій	118	0	9	3.0
777	Теорія керування	344	1	29	10.0
778	Теорія кодування	419	1	30	13.0
779	Теорія масового обслуговування	325	0	36	9.0
780	Теорія мереж	100	0	10	3.0
781	Теорія множин	771	5	48	23.0
782	Теорія множин Цермело — Френкеля	71	0	7	2.0
783	Теорія наближень	10	0	3	0.0
784	Теорія обчислюваності	26	0	4	0.5
785	Теорія порядку	25	0	3	1.0
786	Теорія представлень	14	0	4	0.0
787	Теорія Серфа	0	0	0	0.0
788	Теорія складності обчислень	388	3	26	11.0
789	Теорія статистичного навчання	17	0	2	1.0
790	Теорія хаосу	595	5	40	19.0
791	Теорія чисел	345	0	22	10.0
792	Теплокарта	49	0	4	1.0
793	Теренс Тао	73	0	11	2.0
794	Тесеракт	388	4	31	11.0
795	Тімоті Гауерс	10	0	2	0.0
796	Тоді й лише тоді	70	0	6	2.0
797	Топологічна група	9	0	2	0.0
798	Топологічний векторний простір	28	0	3	1.0
799	Топологічний простір	218	0	18	6.0
800	Топологія	655	5	44	22.0
801	Топологія Зариського	8	0	2	0.0
802	Тотожне відображення	100	0	9	3.0
803	Тотожність	1042	7	70	32.0
804	Тотожність Ейлера	102	0	9	3.0
805	Точка	427	4	29	12.0
806	Точність до	157	0	37	3.5
807	Трансцендентне число	147	1	11	5.0
808	Трапеція	3492	13	197	113.0
809	Тривимірний опис об'єкта	308	2	27	10.0
810	Тригонометричні функції	5491	26	296	190.0
811	Тригонометрія	1046	6	60	33.0
812	Трикутник	4532	13	277	146.0
813	Трикутник Рело	226	0	17	7.0
814	Тріангуляція (геометрія)	82	0	10	3.0
815	Узагальнена функція	80	0	8	2.0
816	Умови Коші — Рімана	270	1	33	8.0
817	Умовна ентропія	257	1	32	6.0
818	Умовне математичне сподівання	185	0	14	6.0
819	Унарна операція	194	0	17	5.5
820	Уявна одиниця	313	1	18	10.0
821	Фазовий простір	205	0	17	6.0
822	Факторгрупа	135	0	20	3.0
823	Факторизація	162	0	13	5.0
824	Факторпростір	34	0	8	1.0
825	Фелікс Гаусдорф	15	0	3	0.5
826	Фелікс Кляйн	34	0	4	1.0
827	Фібоначчі	420	4	25	12.0
828	Фізика	3779	19	190	129.0
829	Філософія математики	60	0	6	1.0
830	Фільтр Калмана	391	1	47	13.0
831	Формальний степеневий ряд	16	0	4	0.0
832	Формула	758	3	55	21.0
833	Формула Гауса — Бонне	79	0	8	2.0
834	Формула Ейлера	732	6	45	23.0
835	Формула Муавра	446	3	31	14.0
836	Формула Ньютона — Лейбніца	1023	3	90	33.0
837	Формула Остроградського	387	0	31	12.0
838	Формула повної ймовірності	944	2	70	34.0
839	Формула Фейнмана — Каца	13	0	5	0.0
840	Фрактал	1820	16	154	54.0
841	Фрактальна розмірність	202	0	26	5.0
842	Франсуа Вієт	297	1	23	9.0
843	Фундаментальна група	4	0	2	0.0
844	Фундаментальна послідовність	310	1	24	10.0
845	Функтор	43	0	7	1.0
846	Функції Бесселя	152	0	13	5.0
847	Функціональна похідна	30	0	3	1.0
848	Функціональний аналіз	261	2	17	8.0
849	Функціональний ряд	344	1	23	11.0
850	Функція (математика)	3759	16	221	116.0
851	Функція внеску	17	0	4	1.0
852	Функція Ейлера	439	2	31	12.0
853	Функція Мебіуса	51	0	10	2.0
854	Функція правдоподібності	254	0	17	8.0
855	Функція розподілу (статистична фізика)	34	0	5	1.0
856	Функція розподілу ймовірностей	1329	3	81	43.0
857	Характер представлення групи	16	0	3	0.5
858	Характеристика Ейлера	18	0	2	1.0
859	Характеристична функція	164	0	15	5.0
860	Хвильове рівняння	497	2	50	14.0
861	Хеш-функція	1389	10	84	42.0
862	Хроматичне число	239	0	21	6.0
863	Центральна гранична теорема	535	2	49	18.0
864	Центральний момент	187	0	16	6.0
865	Циклічний підклас	2	0	1	0.0
866	Циліндрична система координат	287	0	25	8.0
867	Цифри	1735	30	89	54.0
868	Ціла функція	41	0	5	1.0
869	Цілі числа	2348	11	128	77.0
870	Цілком впорядкована множина	42	0	4	1.0
871	Цілком неперервний оператор	11	0	2	0.0
872	Чарлз Сандерс Пірс	182	1	18	5.0
873	Час	3868	25	221	125.0
874	Часова область	25	0	3	1.0
875	Часовий ряд	1012	3	75	32.0
876	Часткова похідна	937	0	50	31.0
877	Частково впорядкована множина	336	0	23	11.0
878	Частота події	138	0	17	3.0
879	Чезаре Арцела	5	0	2	0.0
880	Чисельне інтегрування	222	0	23	6.0
881	Чисельні методи	1135	4	75	34.0
882	Числа Бернуллі	61	0	5	2.0
883	Числення висловлень	353	0	26	11.0
884	Число	1272	14	67	43.0
885	Число пі	7020	92	401	219.0
886	Чиста математика	38	0	7	1.0
887	Чотири арифметичні дії	1339	6	80	43.0
888	Шарль Ерміт	12	0	3	0.0
889	Швидке перетворення Фур'є	657	3	50	20.0
890	Швидкість	11729	20	720	371.0
891	Шинтан Яу	11	0	2	0.0
892	Шифр	237	1	22	7.0
893	Шифрування	1579	4	93	51.0
894	Шіінг-Шен Черн	12	0	3	0.0
895	Шістнадцяткова система числення	1062	4	66	35.0
896	Шлях (теорія графів)	163	0	14	5.0
897	Щербина Марія Володимирівна	16	0	3	1.0
898	Якобіан	137	0	13	4.0
899	Co-NP	7	0	2	0.0
900	E (число)	1655	19	84	54.0
901	EXPTIME	11	0	2	0.5
902	Gnuplot	21	0	3	1.0
903	Hashcash	29	0	4	1.0
904	Maple	209	0	37	6.0
905	Mathematica	162	0	17	4.0
906	MathML	43	0	6	1.0
907	NP-повна задача	353	1	27	10.0
908	NP-складна задача	99	0	7	3.0
909	PCP-теорема	3	0	1	0.0
910	T-критерій Стьюдента	2108	3	112	73.0
911	T-розподіл Стьюдента	421	2	30	13.0
