1	Абія виблискуюча	35	0	4	1.0
2	Аврора біла	104	0	13	3.0
3	Аґапантіїні	2	0	1	0.0
4	Аґапантія	2	0	1	0.0
5	Акантоліда жовтоголова	4	0	2	0.0
6	Акантоліда сланцева	5	0	2	0.0
7	Акарапідоз	17	0	5	1.0
8	Акариформні кліщі	43	0	5	1.0
9	Акарициди	90	0	8	3.0
10	Акарологія	57	0	8	2.0
11	Американський білий метелик	68	0	7	2.0
12	Амофіла сарептська	25	0	5	1.0
13	Анадримадуза Ретовського	23	0	4	1.0
14	Анатомія комах	942	4	63	30.0
15	Андрена велика	19	0	5	0.5
16	Андрена золотонога	32	0	4	1.0
17	Андрена ошатна	10	0	2	0.0
18	Андрена степова	9	0	1	1.0
19	Андрена червоноплямиста	6	0	1	0.5
20	Андреніди	7	0	3	0.0
21	Аністиди	4	0	1	0.0
22	Аноплій самарський	54	0	4	2.0
23	Антени (біологія)	120	0	8	4.0
24	Антофора коренаста	11	0	1	1.0
25	Антофора чорновійчаста	3	0	1	0.0
26	Апростема Карпентера	4	0	1	0.0
27	Апростема Пелетьє	3	0	1	0.0
28	Аранеоморфні	12	0	4	0.0
29	Арахнологія	105	0	19	2.0
30	Аргасові кліщі	185	0	15	5.0
31	Арге Беккера	12	0	3	0.0
32	Арге Фрівальдського	4	0	2	0.0
33	Аргіопа тигрова	359	4	21	11.0
34	Аргірестіїди	22	0	20	0.0
35	Артроплевра	20	0	3	1.0
36	Архіметаболія	4	0	2	0.0
37	Архостемати	4	0	1	0.0
38	Аскалаф строкатий	18	0	2	0.0
39	Аскалафові	10	0	3	0.0
40	Афелінус	5	0	2	0.0
41	Африканізована бджола	47	0	6	1.0
42	Бабка перев'язана	115	0	15	2.5
43	Бабки	870	4	74	28.0
44	Багатозв'яз гірський український	31	0	4	1.0
45	Барвниця грушева	6	0	1	0.0
46	Бджола (геральдика)	25	0	3	1.0
47	Бджола (рід)	158	0	16	4.0
48	Бджола велика	14	0	3	0.0
49	Бджола східна	17	0	3	0.5
50	Бджола-муляр Лефебвра	11	0	1	1.0
51	Бджоли	2806	18	438	68.0
52	Бджолині	39	0	5	1.0
53	Бджоловидка	6	0	2	0.0
54	Бджоловидка звичайна	21	0	7	0.0
55	Бджоловидка лісова	7	0	3	0.0
56	Безвусикові	17	0	5	0.0
57	Бей-Бієнко Григорій Якович	13	0	3	1.0
58	Білан брукв'яний	15	0	3	1.0
59	Білан гірський	2	0	1	0.0
60	Білан жилкуватий	37	0	5	1.0
61	Білан капустяний	635	1	68	15.0
62	Білан ріпаковий	22	0	3	1.0
63	Біланові	30	0	3	1.0
64	Білокрилки	21	0	3	0.5
65	Білюх ріпаковий	11	0	3	0.0
66	Білюх степовий	3	0	1	0.0
67	Білюшок гірчичник	6	0	2	0.0
68	Білюшок Дюпоншеля	4	0	1	0.0
69	Білюшок Морзе	5	0	1	0.0
70	Бірміт	16	0	3	1.0
71	Бірроїдні	1	0	1	0.0
72	Бластобазиди	4	0	2	0.0
73	Блискітники	7	0	3	0.0
74	Блідий луговий метелик	2	0	1	0.0
75	Блідонога садова мурашка	10	0	2	0.5
76	Блішка бурякова звичайна	28	0	3	1.0
77	Блішка бурякова південна	8	0	3	0.0
78	Блішка льонова синя	29	0	3	1.0
79	Блішка смугаста хлібна	27	0	4	1.0
80	Блішки лляні	2	0	1	0.0
81	Блохи	1951	13	126	62.0
82	Богомол звичайний	387	4	27	11.0
83	Богомоли	389	2	31	12.0
84	Богомольчик Гельдрейха	7	0	1	0.0
85	Богомольчик кримський	20	0	3	1.0
86	Боліварія короткокрила	24	0	4	1.0
87	Больбелязм однорогий	20	0	3	1.0
88	Борошнистий червець	12	0	3	0.0
89	Борошнисті червеці	44	0	5	2.0
90	Борошняний кліщ	82	0	9	2.0
91	Бражник дубовий	63	0	7	2.0
92	Бражник карликовий	12	0	2	1.0
93	Бражник Комарова	6	0	3	0.0
94	Бражник Маака	1	0	1	0.0
95	Бражник мертва голова	178	0	18	5.0
96	Бражник олеандровий	29	0	6	1.0
97	Бражник очкастий	20	0	3	1.0
98	Бражник південний молочайний	26	0	4	1.0
99	Бражник підмаренниковий	1	0	1	0.0
100	Бражник прозерпіна	31	0	4	1.0
101	Бражник скабіозовий	23	0	3	1.0
102	Бражник тополевий	12	0	3	0.0
103	Бражник тютюновий	10	0	4	0.0
104	Бражник хорватський	11	0	2	0.0
105	Бражникові	135	0	12	4.0
106	Браконіди	20	0	3	0.0
107	Брахіцерус зморшкуватий	5	0	1	0.0
108	Бренівкові	5	0	1	0.0
109	Бронзівка волохата	43	0	6	1.0
110	Бронзівка гладка	21	0	7	0.0
111	Бронзівка мармурова	9	0	2	0.5
112	Бронзівка особлива	8	0	2	0.0
113	Бронзівки	25	0	3	1.0
114	Бронтоскорпіо	12	0	3	0.0
115	Букарка	22	0	6	1.0
116	Бупрестоїдні	2	0	1	0.0
117	Буравниця борщевична	10	0	3	0.0
118	Буряковий довгоносик-стеблоїд	8	0	2	0.0
119	Ванесса чорно-руда	12	0	2	1.0
120	Ведмедиці	30	0	5	1.0
121	Ведмедиця велика	120	0	17	2.0
122	Ведмедиця Геба	5	0	2	0.0
123	Ведмедиця Гера	12	0	5	0.0
124	Ведмедиця кайя	12	0	3	0.0
125	Ведмедиця-господиня	72	0	12	2.0
126	Велетенський мурашиний лев західний	20	0	3	1.0
127	Великий в'язовий заболонник	10	0	3	0.0
128	Великокрильці	8	0	2	0.0
129	Веслокрилі	10	0	2	0.0
130	Веснянка велика	32	0	8	1.0
131	Веснянки (комахи)	54	0	6	1.0
132	Віллі Хенніг	12	0	3	0.0
133	Вільгельм Фердинанд Еріхсон	2	0	1	0.0
134	Віялокрилі	15	0	3	0.0
135	Вовчок звичайний	1028	1	77	30.0
136	Вогнівка акацієва	8	0	4	0.0
137	Вогнівка інжирна	16	0	3	1.0
138	Вогнівка яблунева	20	0	13	0.0
139	Вогнівки	30	0	5	1.0
140	Вогнівки-трав'янки	5	0	3	0.0
141	Водомірки	209	0	17	7.0
142	Водяні скорпіони	86	1	14	3.0
143	Волохокрилець звичайний	26	0	9	1.0
144	Волохокрильці	169	0	31	4.0
145	Воші	2607	21	130	84.0
146	Всеїдні жуки	14	0	2	0.0
147	Вузьконадкрил	1	0	1	0.0
148	Вузьконадкрил рудий	1	0	1	0.0
149	Вусач дубовий	11	0	2	0.0
150	Вусач дубовий великий західний	47	0	10	1.0
151	Вусач дубовий малий	15	0	3	0.5
152	Вусач земляний Мокржецького	4	0	1	0.0
153	Вусач ліщиновий	20	0	2	1.0
154	Вусач пахучий	3	0	1	0.0
155	Вусач пахучий мускусний	25	0	4	1.0
156	Вусач сірий кленовий	15	0	2	1.0
157	Вусач-великозуб оленерогий	2	0	1	0.0
158	Вусач-коренеїд	7	0	1	0.0
159	Вусач-коренеїд елегантний	3	0	1	0.0
160	Вусач-коренеїд кримський	2	0	1	0.0
161	Вусач-коренеїд хрестоносець	14	0	2	0.0
162	Вусач-пурпуронадкрил Келера	8	0	2	0.0
163	Вусач-стенокор дубовий	1	0	1	0.0
164	Вусач-титан	5	0	2	0.0
165	Вусач-титан велетенський	75	0	11	2.0
166	Вусач-товстун	1	0	1	0.0
167	Вусач-товстун вербовий	10	0	2	0.0
168	Вусачик-акмеопс	1	0	1	0.0
169	Вусачик-акмеопс семикрапковий	1	0	1	0.0
170	Вусачі	206	1	23	6.0
171	Вусачі Українських Карпат	11	0	4	0.0
172	Вуховертка звичайна	97	0	10	3.0
173	Вуховертки	62	0	5	2.0
174	Гал (біологія)	124	0	15	3.0
175	Галеруцини	2	0	1	0.0
176	Галиці	23	0	4	1.0
177	Галиця виноградна	10	0	2	0.0
178	Галиця вічкова	9	0	2	0.5
179	Галиця пагонова смородинова	6	0	1	0.0
180	Галиця плодова грушева	3	0	1	0.0
181	Гармонія азійська	40	0	5	1.0
182	Гарячка паппатачі	122	0	12	3.0
183	Гемолімфа	226	0	15	7.0
184	Гемоціанін	208	1	19	6.0
185	Генрі Стентон	12	0	12	0.0
186	Гігантський азійський шершень	69	0	14	2.0
187	Гілл-топпінг	7	0	1	0.0
188	Гіляров Меркурій Сергійович	18	0	4	0.0
189	Гіперметаморфоз	9	0	2	0.0
190	Гірняк Евриала	3	0	1	0.0
191	Гірняк ефіоп	1	0	1	0.0
192	Гірняк полонинець	1	0	1	0.0
193	Гірняк Проноя	2	0	2	0.0
194	Гірняк темнорудий	5	0	2	0.0
195	Гниди	538	9	27	17.0
196	Гнойовик звичайний	56	0	9	1.0
197	Гнус	157	1	13	5.0
198	Голова комах	119	0	18	3.0
199	Головогруди	57	0	8	1.0
200	Головотрубка	13	0	3	0.0
201	Головчак Актеон	5	0	2	0.0
202	Головчак Андромеда	3	0	1	0.0
203	Головчак великий рожаний	5	0	3	0.0
204	Головчак ґратчастий	0	0	0	0.0
205	Головчак жилкуватий	5	0	2	0.0
206	Головчак карчоховий	2	0	1	0.0
207	Головчак кома	5	0	2	0.0
208	Головчак крокісовий	8	0	2	0.0
209	Головчак кружало	3	0	2	0.0
210	Головчак лісовий	7	0	3	0.0
211	Головчак мальвовий	3	0	1	0.0
212	Головчак мозаїчний	3	0	1	0.0
213	Головчак Морфей	6	0	1	0.0
214	Головчак Палемон	3	0	1	0.0
215	Головчак поцяткований	6	0	2	0.0
216	Головчак Прото	1	0	1	0.0
217	Головчак серпійний	7	0	4	0.0
218	Головчак сида	4	0	1	0.0
219	Головчак строкатий	2	0	1	0.0
220	Головчак східний	2	0	1	0.0
221	Головчак Таґес	3	0	1	0.0
222	Головчак тире	6	0	2	0.0
223	Головчак французький	7	0	2	0.0
224	Головчак чистецевий	3	0	1	0.0
225	Головчак-лісовик	3	0	1	0.0
226	Головчаки	30	0	11	1.0
227	Голометабола	16	0	2	0.0
228	Горіхотворка дубова	39	0	13	1.0
229	Горохова попелиця	29	0	4	1.0
230	Гребенников Віктор Степанович	20	0	3	1.0
231	Грибоподібні тіла	13	0	2	0.5
232	Грилоблатиди	2	0	1	0.0
233	Груди комах	95	0	11	2.0
234	Губоногі	127	0	10	4.0
235	Гусениця	335	2	24	11.0
236	Густав Майр	0	0	0	0.0
237	Ґедзеві	546	1	58	15.0
238	Ґедзь бичачий	55	0	7	2.0
239	Давньокрилі	20	0	3	0.0
240	Данаєць Хрисипп	20	0	3	1.0
241	Данилевський Олександр Сергійович	10	0	3	0.0
242	Двокрилі	493	1	37	14.0
243	Двопарноногі багатоніжки	41	0	7	1.0
244	Двопорі	4	0	2	0.0
245	Дендрометріни	1	0	1	0.0
246	Деревинник дубовий	10	0	2	0.5
247	Деревний богомол закавказький	9	0	2	0.0
248	Дерновинні молі	5	0	2	0.0
249	Джміль	587	4	36	17.0
250	Джміль альпійський	2	0	1	0.0
251	Джміль вересовищний	5	0	1	0.0
252	Джміль вірменський	21	0	3	1.0
253	Джміль Вурфлена	3	0	1	0.0
254	Джміль Герштеккера	10	0	3	0.0
255	Джміль гірський	7	0	2	0.0
256	Джміль глинистий	41	0	4	1.0
257	Джміль земляний	38	0	5	1.0
258	Джміль золотисто-підперезаний	6	0	1	0.0
259	Джміль кам'яний	14	0	5	0.0
260	Джміль кінський	8	0	2	0.0
261	Джміль лезус	11	0	3	0.0
262	Джміль луговий	5	0	2	0.0
263	Джміль мінливий	8	0	2	0.0
264	Джміль міський	8	0	2	0.0
265	Джміль моховий	91	0	15	2.0
266	Джміль незвичайний	15	0	2	1.0
267	Джміль норовий	10	0	2	0.0
268	Джміль оперезаний	10	0	3	0.0
269	Джміль пахучий	36	0	5	1.0
270	Джміль північний	2	0	1	0.0
271	Джміль підземний	21	0	3	1.0
272	Джміль піренейський	3	0	1	0.0
273	Джміль пластинчастозубий	6	0	2	0.0
274	Джміль польовий	8	0	3	0.0
275	Джміль полярний	2	0	1	0.0
276	Джміль садовий	14	0	3	0.0
277	Джміль Семенова-Тян-Шанського	3	0	1	0.0
278	Джміль угорський	2	0	1	0.0
279	Джміль червонуватий	18	0	3	0.0
280	Джміль яскравий	24	0	3	1.0
281	Джміль-зозуля білозадий	18	0	9	0.0
282	Джміль-зозуля бородатий	7	0	2	0.0
283	Джміль-чесальник	10	0	4	0.0
284	Джон Обадія Вествуд	1	0	1	0.0
285	Джордж Генрі Горн	3	0	3	0.0
286	Дзвінцеві	17	0	3	0.0
287	Дзюрчалки	80	0	12	2.0
288	Дибка степова	80	0	9	2.0
289	Династес	4	0	1	0.0
290	Династес Мая	2	0	1	0.0
291	Династес титис	2	0	1	0.0
292	Дихальце	40	0	9	1.0
293	Діапауза	94	0	12	3.0
294	Діаприїди	2	0	1	0.0
295	Діляри	1	0	1	0.0
296	Довговус	3	0	1	0.0
297	Довговусі	13	0	3	0.0
298	Довговусі прямокрилі	8	0	3	0.0
299	Довговуска білоплямиста	1	0	1	0.0
300	Довгоніжка шкідлива	19	0	3	1.0
301	Довгоносик бульбочковий сірий щетинистий	13	0	3	0.0
302	Довгоносик бульбочковий смугастий	45	0	7	1.0
303	Довгоносик буряковий звичайний	87	0	11	3.0
304	Довгоносик візерунковий	4	0	2	0.0
305	Довгоносик грушевий листковий	3	0	1	0.0
306	Довгоносик двокільовий	14	0	5	0.0
307	Довгоносик землистий	8	0	3	0.0
308	Довгоносик комірний	102	0	9	3.0
309	Довгоносик ліщиновий	20	0	3	1.0
310	Довгоносик малиново-суничний	17	0	2	1.0
311	Довгоносик рисовий	21	0	3	1.0
312	Довгоносик сірий бруньковий	5	0	2	0.0
313	Довгоносик сірий буряковий	14	0	6	0.0
314	Довгоносик стебловий	4	0	2	0.0
315	Довгоносики	219	0	28	5.0
316	Довгоносикоподібні	70	0	27	1.0
317	Дозорець-імператор	153	0	16	4.0
318	Домашній чорний павук	143	1	10	4.0
319	Дріофториди	6	0	1	1.0
320	Дрозофіла чорночерева	129	0	13	4.0
321	Дрозофіли	735	4	99	19.0
322	Дукачик блакитнуватий	4	0	2	0.0
323	Дукачик бурий	4	0	2	0.0
324	Дукачик ватрак	1	0	1	0.0
325	Дукачик грянець	13	0	8	0.0
326	Дукачик непарний	13	0	4	0.5
327	Дукачик обочень	6	0	2	0.0
328	Дукачик Терсамон	4	0	2	0.0
329	Дукачик фіялковий	1	0	1	0.0
330	Дядечко Микола Платонович	24	0	3	1.0
331	Евцера вірменська	2	0	1	0.0
332	Евцера далматська	1	0	1	0.0
333	Ейлія іржава	8	0	5	0.0
334	Екдізон	3	0	1	0.0
335	Екологія комах	266	0	21	9.0
336	Елія гостроголова	16	0	3	1.0
337	Ембії	11	0	7	0.0
338	Емпуза	11	0	3	0.0
339	Емпуза піщана	20	0	3	1.0
340	Емпуза смугаста	55	0	7	1.0
341	Емпузові	5	0	2	0.0
342	Ентомологічна зброя	43	0	8	1.0
343	Ентомологічний сачок	4	0	1	0.0
344	Ентомологія	444	4	31	14.0
345	Ентомохорія	27	0	4	1.0
346	Ентоцид (Метаризин)	27	0	5	1.0
347	Еребіди	14	0	3	0.5
348	Ернст Людвиг Ташенберг	1	0	1	0.0
349	Євген Йоганн Крістоф Еспер	1	0	1	0.0
350	Жалібниця	22	0	13	0.0
351	Жало (тварин)	80	0	10	2.0
352	Жан Анрі Фабр	38	0	12	1.0
353	Жан Гійом Авдінет-Сервіль	3	0	2	0.0
354	Жирове тіло	238	0	22	7.0
355	Життєвий цикл комах	1469	9	83	52.0
356	Жовтюх	7	0	2	0.0
357	Жовтюх альфакарець	3	0	1	0.0
358	Жовтюх Ерато	26	0	4	1.0
359	Жовтюх осьмак	6	0	2	0.0
360	Жовтюх помаранчик	5	0	1	0.0
361	Жовтюх торфовищний	15	0	3	0.0
362	Жовтюх шапранець	3	0	2	0.0
363	Жужелиця дама	14	0	4	1.0
364	Жужелиця Шеврола	5	0	1	0.0
365	Жук малиновий	29	0	7	1.0
366	Жук музейний	6	0	1	0.0
367	Жук хлібний	59	0	5	2.0
368	Жук-Геркулес	105	0	10	3.0
369	Жук-носоріг європейський	200	0	16	5.0
370	Жук-олень	1338	4	151	34.0
371	Жук-самітник	31	0	5	1.0
372	Жуки-бомбардири	70	0	7	2.5
373	Жуки-гнойовики	195	0	18	5.0
374	Жуки-точильники	204	0	50	4.0
375	Жуки-хижаки	43	0	7	1.0
376	Заболонник	11	0	2	0.0
377	Заболонник грабовий	18	0	3	1.0
378	Західна бурякова муха	13	0	2	0.0
379	Західний квітковий трипс	27	0	5	1.0
380	Зегрис Евфема	15	0	3	1.0
381	Зелена цитрусова попелиця	5	0	1	0.0
382	Зеленоочка	11	0	2	1.0
383	Земледухи	159	1	10	5.0
384	Зернова міль	25	0	4	1.0
385	Зерноїд бобовий	6	0	3	0.0
386	Зерноїд гороховий	24	0	3	1.0
387	Златка блискуча	22	0	4	1.0
388	Златка бронзова дубова	12	0	3	1.0
389	Златка смородинова вузькотіла	18	0	5	0.0
390	Златка чорна	12	0	2	0.0
391	Златки	74	0	9	2.0
392	Знойко Дмитро Васильович	8	0	5	0.0
393	Золотогуз	40	0	5	2.0
394	Золотоочки	106	0	9	3.0
395	Зораптери	9	0	4	0.0
396	Зоряниця Аврора	17	0	3	0.0
397	Зубарик стегнуватий	19	0	4	1.0
398	Зубарик чорнолапий	13	0	2	0.0
399	Іксодові кліщі	649	3	56	20.0
400	Імаго	379	1	23	12.0
401	Інсектициди	630	3	43	18.0
402	Ірис плямистий	42	0	4	2.0
403	Історія диптерології	8	0	2	0.0
404	Їздці	110	0	11	3.0
405	Їздці-іхневмоніди	26	0	3	1.0
406	Йоганн Гайнріх Гохгут	35	0	10	1.0
407	Йоганн Зігфрід Гуфнагель	6	0	4	0.0
408	Йоганн Ігнац Шіффермюллер	1	0	1	0.0
409	Йоганн Карл Вільгельм Іллігер	4	0	1	0.0
410	Йоганн Каспар Фюсслі	1	0	1	0.0
411	Йоганн Фрідріх Вільгельм Гербст	2	0	1	0.0
412	Казарка (комаха)	28	0	6	1.0
413	Каламеута жовта	4	0	1	0.0
414	Каліфориди	44	0	5	1.0
415	Каптурники	12	0	2	0.0
416	Карадрина	8	0	3	0.0
417	Каракурт	1136	14	68	37.0
418	Карл Пенеке	6	0	1	0.0
419	Касти комах	50	0	12	1.0
420	Катаптерикс кримський	2	0	1	0.0
421	Квіткоїд грушевий	7	0	3	0.0
422	Квіткоїд ріпаковий	17	0	3	1.0
423	Квіткоїд яблуневий	14	0	2	0.5
424	Кененії	18	0	3	1.0
425	Кератофаги	14	0	5	0.0
426	Кержнер Ізяслав Мойсейович	2	0	1	0.0
427	Кириченко Олександр Миколайович	20	0	5	1.0
428	Ківсяки	64	0	6	2.0
429	Кістянки	24	0	6	1.0
430	Клітра	1	0	1	0.0
431	Клітрини	2	0	1	0.0
432	Кліщ собачий	234	0	21	7.0
433	Кліщі	1377	9	100	40.0
434	Клоп грушевий	8	0	2	0.0
435	Клоп маврський	6	0	1	0.0
436	Клоп шкідлива черепашка	93	0	12	2.0
437	Клоп щавлевий	14	0	3	0.0
438	Клоп-арлекін	6	0	1	0.5
439	Клопи	887	7	50	27.0
440	Книжковий скорпіон	28	0	4	1.0
441	Кобилка (Прямокрилі)	15	0	3	0.5
442	Кобилка хрестова	5	0	1	0.0
443	Ковалик смугастий	38	0	10	1.0
444	Ковалики	156	0	12	4.0
445	Коконопряди	19	0	2	1.0
446	Коконопрядоподібні	0	0	0	0.0
447	Колемболи	66	0	6	2.0
448	Колорадський жук	624	8	40	17.0
449	Кольпа Клюге	5	0	2	0.0
450	Комар блискучий	9	0	4	0.0
451	Комар звичайний	284	0	19	8.0
452	Комарик черенковий	5	0	1	0.0
453	Комарі	1380	11	83	46.0
454	Комахи	6662	16	622	190.0
455	Комахи в культурі	161	0	16	4.0
456	Комахозапилення	518	0	37	17.0
457	Коник блакитнокрилий	13	0	2	0.0
458	Коник зелений	665	2	57	19.0
459	Кордулегастер кільчастий	8	0	2	0.0
460	Коренегриз звичайний	8	0	2	0.5
461	Коретра	6	0	2	0.0
462	Корнєєв Валерій Олексійович	54	0	7	1.0
463	Короїд	153	0	10	5.0
464	Короїд зморшкуватий	17	0	3	1.0
465	Короїд непарний багатоїдний	14	0	2	1.0
466	Короїд непарний західний	28	0	4	1.0
467	Короїди	160	1	15	5.0
468	Коромисла	23	0	4	1.0
469	Коромисло (рід)	14	0	3	0.0
470	Коротковусі двокрилі	13	0	2	0.0
471	Коротковусі прямокрилі	12	0	3	0.0
472	Кортодера волохата	1	0	1	0.0
473	Коршунов Юрій Петрович	3	0	1	0.0
474	Косарики (ентомологія)	224	0	19	7.0
475	Косатцеві	30	0	4	1.0
476	Косатці	8	0	2	0.0
477	Косатцюваті	16	0	4	0.0
478	Костянтин Гормузакі	6	0	1	0.0
479	Краброніди	8	0	1	0.0
480	Кравчик-головач	26	0	6	0.0
481	Красновуска Маккара	2	0	1	0.0
482	Красотіл пахучий	56	0	9	1.0
483	Красуня блискуча кримська	26	0	8	1.0
484	Красуня діва	79	0	9	2.0
485	Кривовусі крихітки-молі	8	0	2	0.0
486	Крила комах	687	1	53	20.5
487	Крилаті комахи	62	0	8	2.0
488	Криптохіл червонуватий	2	0	1	0.0
489	Кровососка оленяча	16	0	3	1.0
490	Круглошовні мухи	9	0	1	0.5
491	Круліковський Леонід Костянтинович	3	0	1	0.0
492	Крупноголови	1	0	1	0.0
493	Ксєнжопольський Антон Владиславович	4	0	1	0.0
494	Ксилокопа	20	0	3	0.0
495	Ксилокопа звичайна	39	0	5	1.0
496	Ксилокопа райдужна	3	0	1	0.0
497	Ксилокопа фіолетова	20	0	4	0.0
498	Ктир велетенський	21	0	6	0.0
499	Ктир шершенеподібний	21	0	4	0.0
500	Ктирі	60	0	6	2.0
501	Кубіталія чорна	6	0	2	0.0
502	Кукуїформні	4	0	2	0.0
503	Кукуйоїдні	2	0	1	0.0
504	Кутикула безхребетних	110	0	11	3.0
505	Левкоринія білолоба	9	0	2	0.0
506	Легіт березовий	2	0	1	0.0
507	Легіт дубовий	4	0	3	0.0
508	Лептура	1	0	1	0.0
509	Лептура етіопка	3	0	1	0.0
510	Лептура золотиста	2	0	1	0.0
511	Лептура кривонога	2	0	1	0.0
512	Лептура червоноспинкова	2	0	1	0.0
513	Лептура чотирисмуга	2	0	1	0.0
514	Лептурини	5	0	1	0.0
515	Листоблішка грушева	11	0	3	0.0
516	Листоблішка зонтична	6	0	1	0.0
517	Листоблішка яблунева	9	0	2	0.0
518	Листоблішки	9	0	2	0.0
519	Листоїд в'язовий	24	0	14	0.0
520	Листоїд рудий	1	0	1	0.0
521	Листоїд фіолетовий вільховий	15	0	5	0.0
522	Листоїди	52	0	7	1.0
523	Листокрутка брунькова	6	0	1	0.0
524	Листокрутка вербова кривовуса	4	0	2	0.0
525	Листокрутка виноградна	11	0	2	0.0
526	Листокрутка вишнева	4	0	1	0.0
527	Листокрутка кривовуса ліщинова	2	0	1	0.0
528	Листокрутка кривовуса смородинова	4	0	2	0.0
529	Листокрутка полохлива	5	0	1	0.0
530	Листокрутка різноколірна плодова	8	0	3	0.0
531	Листокрутка розанова	6	0	1	0.0
532	Листокрутка свинцевосмугаста	5	0	1	0.0
533	Листокрутка сітчаста	6	0	2	0.0
534	Листокрутка строкато-золотиста	5	0	2	0.0
535	Листокрутка сунична	2	0	1	0.0
536	Лівшиц Іссахар Зельманович	12	0	2	1.0
537	Ліксус катрановий	7	0	2	0.0
538	Лімнефіліди	7	0	2	0.0
539	Лук'янович Федір Костянтинович	5	0	1	0.0
540	Лунка срібляста	16	0	3	1.0
541	Луски	600	1	39	25.0
542	Лускокрилі	1572	12	94	52.0
543	Лускокрилі на поштових марках СРСР	23	0	5	0.0
544	Лусочниця звичайна	144	1	11	4.0
545	Людвіг Гангльбауер	0	0	0	0.0
546	Людовико ді Капоріакко	0	0	0	0.0
547	Лялечка	256	0	29	6.0
548	Ляміїні	2	0	1	0.0
549	Лярра анафемська	14	0	2	1.0
550	М'якотілки	13	0	2	0.0
551	Макрофія тевтонська	3	0	1	0.0
552	Максили	53	0	6	2.0
553	Мальпігієві судини	228	0	26	6.5
554	Малярійні комарі	284	1	25	7.0
555	Мандибули	68	0	6	2.0
556	Мантиспові	5	0	3	0.0
557	Мариковський Павло Іустинович	94	2	6	3.0
558	Маріо Бецці	2	0	1	0.0
559	Матка (бджільництво)	160	1	14	4.0
560	Махаон (комаха)	768	3	70	20.0
561	Мацумура Шенен	0	0	0	0.0
562	Мегалара гаруда	4	0	1	0.0
563	Мегахілиди	2	0	1	0.0
564	Мей Беренбаум	5	0	2	0.0
565	Мереживниця Галатея	3	0	1	0.0
566	Мереживниця російська	1	0	1	0.0
567	Мертвоїди	36	0	7	1.0
568	Метелівкові	13	0	2	1.0
569	Міксофаги	3	0	1	0.0
570	Міль бурякова мінуюча	11	0	2	1.0
571	Міль довговуса зелена	12	0	3	0.0
572	Міль довговуса фіолетова	1	0	1	0.0
573	Міль зонтична	4	0	1	0.0
574	Міль капустяна	10	0	2	0.0
575	Міль листкова	2	0	1	0.0
576	Міль плодова	13	0	2	0.0
577	Міль серпокрила персикова	6	0	3	0.0
578	Міль цибулева	10	0	2	0.0
579	Міль яблунева	33	0	5	1.0
580	Мінери	24	0	4	1.0
581	Мінливець великий	20	0	4	1.0
582	Мінливець малий	12	0	2	0.0
583	Мінливець Метис	3	0	1	0.0
584	Мокреці	51	0	8	1.0
585	Мокржецький Сигізмунд Олександрович	10	0	2	1.0
586	Молі довговусі	4	0	2	0.0
587	Молі-строкатки	13	0	2	1.0
588	Мольорх малий	11	0	8	0.0
589	Монарх (метелик)	268	0	21	8.0
590	Морімус	6	0	2	0.0
591	Морімус блакитний	6	0	2	0.0
592	Морімус справжній	4	0	1	0.0
593	Морфо	76	0	14	2.0
594	Москіт	81	0	9	2.0
595	Москіти	83	0	9	2.5
596	Мотиль	149	1	11	5.0
597	Мурахи	1842	20	140	61.0
598	Мурашиний лев звичайний	39	0	5	1.0
599	Мурашині леви	45	0	8	1.0
600	Муха вишнева	31	0	9	1.0
601	Муха гессенська	30	0	4	1.0
602	Муха капустяна весняна	11	0	4	0.0
603	Муха кімнатна	1389	6	85	39.0
604	Муха морквяна	10	0	2	0.0
605	Мухи	465	3	30	16.0
606	Мухи-стрічкокрилки	12	0	2	0.0
607	Мухоловка звичайна	371	5	25	10.0
608	Надкрила	98	0	10	2.0
609	Наличник (біологія)	3	0	2	0.0
610	Настінні павуки-краби	4	0	2	0.0
611	Непарний шовкопряд	67	0	8	2.0
612	Неуротома фауста	1	0	1	0.0
613	Нівелія кров'янистонадкрила	3	0	1	0.0
614	Німфа (біологія)	120	0	10	4.0
615	Новокрилі	42	0	5	1.0
616	Ноги комах	683	2	62	19.0
617	Ноліди	3	0	2	0.0
618	Носатки	4	0	3	0.0
619	Носачка-листовидка	30	0	7	1.0
620	Носачки	5	0	2	0.0
621	Нотум	4	0	1	0.0
622	Образцов Микола Сергійович	3	0	2	0.0
623	Оводи	453	3	64	12.0
624	Оглоблін Дмитро Олексійович	9	0	2	0.0
625	Оглоблін Олександр Олексійович	14	0	3	0.5
626	Одноденки	110	0	10	3.0
627	Однопорі	4	0	1	0.0
628	Оксамитниця аретуса	3	0	1	0.0
629	Оксамитниця Тарпея	2	0	1	0.0
630	Оксамитниця Ютта	2	0	1	0.0
631	Оліготоміди	1	0	1	0.0
632	Онтофаг	2	0	1	0.0
633	Опариш	145	2	12	4.0
634	Опістосома	9	0	2	1.0
635	Опостегіди	3	0	2	0.0
636	Орусус паразитичний	10	0	2	0.0
637	Орхідейний богомол	19	0	5	0.0
638	Оса	639	5	45	18.0
639	Осадець білозір	1	0	1	0.0
640	Осадець великий	3	0	1	0.0
641	Осадець Егерія	4	0	1	0.0
642	Осадець Мегера	4	0	2	0.0
643	Осмилоїди	19	0	10	0.0
644	Осмія руда	68	0	20	1.5
645	Очняк вовчок	6	0	3	0.0
646	Очняк волове око	8	0	2	0.0
647	Очняк жовтогарячий	3	0	1	0.0
648	Очняк квітковий	9	0	3	0.0
649	Очняк Лікаон	5	0	2	0.0
650	Очняк ферульний	2	0	1	0.0
651	П'явиця синя	16	0	2	0.0
652	П'ядун аґрусовий	23	0	4	1.0
653	П'ядун березовий	22	0	2	1.0
654	П'ядун зимовий	27	0	4	1.0
655	П'ядун обведений	2	0	1	0.0
656	П'ядун щавлевий	2	0	1	0.0
657	П'ядуни	60	0	10	1.0
658	Павук жовтий	131	0	11	4.0
659	Павук-краб	12	0	2	0.0
660	Павук-сріблянка	288	2	24	9.0
661	Павук-хрестовик	990	7	63	28.0
662	Павуки	2591	29	163	83.0
663	Павуки роду Argiope	5	0	2	0.0
664	Павуки-краби	22	0	4	0.0
665	Павуки-тенетники	79	0	31	1.0
666	Павуки-шовкопряди	7	0	2	0.0
667	Павукоподібні	3141	7	199	103.0
668	Павутинні кліщі	35	0	4	1.0
669	Панцирні кліщі	23	0	4	1.0
670	Паперові оси	33	0	3	1.0
671	Паразитоформні кліщі	23	0	4	1.0
672	Пасманець Сапфо	6	0	2	0.0
673	Пасманець струмковий	2	0	1	0.0
674	Пауроподи	25	0	4	1.0
675	Пахіта	2	0	1	0.0
676	Пахіта смугаста	4	0	1	0.0
677	Пахіта чотириплямиста	1	0	1	0.0
678	Пацюкова блоха	98	0	10	3.0
679	Педикульоз	2709	16	185	86.0
680	Пелекоцера широколоба	3	0	1	0.0
681	Первиннобезкрилі комахи	73	0	9	2.0
682	Передньоспинка	5	0	2	0.0
683	Перетинчастокрилі	457	1	36	14.0
684	Періодичні цикади	66	0	5	2.0
685	Перлівець Геката	1	0	1	0.0
686	Перлівець Дафна	2	0	1	0.0
687	Перлівець Евномія	2	0	1	0.0
688	Перлівець Єфросина	6	0	2	0.0
689	Перлівець Іно	5	0	2	0.0
690	Перлівець малий	1	0	1	0.0
691	Перлівець північний	4	0	2	0.0
692	Перлівець Селена	5	0	2	0.0
693	Перлівець Титанія	5	0	3	0.0
694	Петрункевич Олександр Іванович	8	0	1	0.0
695	Печерний коник кавказький	6	0	4	0.0
696	Пилкоротиця південна	2	0	1	0.0
697	Пилкохвіст	2	0	1	0.0
698	Пилкохвіст Болдирева	8	0	2	0.5
699	Пилкохвіст український	21	0	3	1.0
700	Пилові кліщі	276	2	14	9.0
701	Пильщик березовий	7	0	2	0.0
702	Пильщики	54	0	6	1.0
703	Північна бурякова муха	18	0	4	1.0
704	Піґулочники	1	0	1	0.0
705	Підглотковий ганглій	4	0	1	0.0
706	Підсрібник Адиппа	2	0	1	0.0
707	Підсрібник великий	10	0	2	0.0
708	Підсрібник габовий	4	0	2	0.0
709	Підсрібник Лаодіка	3	0	2	0.0
710	Підсрібник Латонія	2	0	1	0.0
711	Підсрібник Ніобея	2	0	1	0.0
712	Підсрібник Пандора	3	0	1	0.0
713	Плавунець облямований	125	0	14	4.0
714	Плавунець широкий	15	0	3	0.0
715	Плавунцеві	288	0	26	9.0
716	Плавунці	10	0	1	0.0
717	Пластинчастовусі	69	0	12	2.0
718	Платтяна воша	407	4	27	13.0
719	Плішивий шершень	18	0	3	1.0
720	Плодожерка яблунева	60	0	8	1.0
721	Плоский червоний кліщ	6	0	2	0.0
722	Плоскотілка червона	11	0	3	0.0
723	Плоскотілки	12	0	2	0.0
724	Політ комах	238	0	30	4.0
725	Пономаренко Олександр Георгійович	0	0	0	0.0
726	Попелиці	504	2	42	15.0
727	Попелиця баштанна	17	0	2	1.0
728	Порчинський Йосип Алоїзович	5	0	3	0.0
729	Постільний клоп	604	5	36	18.0
730	Примарові	119	0	23	2.5
731	Прихованохоботник стебловий капустяний	5	0	2	0.0
732	Прихованощелепні	17	0	2	1.0
733	Просте око у безхребетних	24	0	7	1.0
734	Прочанок	3	0	1	0.0
735	Прочанок Арканія	2	0	1	0.0
736	Прочанок болотяний	4	0	1	0.0
737	Прочанок Глікеріон	2	0	1	0.0
738	Прочанок Едип	3	0	1	0.0
739	Прочанок Леандр	1	0	1	0.0
740	Прочанок памфіл	11	0	2	0.0
741	Прус італійський	25	0	3	1.0
742	Прусак	101	0	7	3.0
743	Прусак рудий	256	1	17	8.0
744	Прямокрилі	437	2	33	15.0
745	Псарус черевастий	3	0	1	0.0
746	Псевдоскорпіони	103	0	11	2.0
747	Псевдофаенопс Якобсона	7	0	2	0.0
748	Псевдощитівки	6	0	2	0.0
749	Птахокрилка королеви Олександри	25	0	8	0.0
750	Птеростих	6	0	3	0.0
751	Пухоїди	50	0	4	2.0
752	Ранатра звичайна	19	0	3	1.0
753	Рафідофориди	9	0	2	0.0
754	Рицинулеї	4	0	1	0.0
755	Рівнокрилі	174	0	13	6.0
756	Рівнокрилі бабки	60	0	6	1.0
757	Різнокрилі	42	0	4	1.0
758	Ріодініди	10	0	6	0.0
759	Рогач малий	27	0	3	1.0
760	Рогачі	47	0	8	1.0
761	Рогохвіст-авгур	7	0	4	0.0
762	Рогохвости	23	0	6	1.0
763	Родендорф Борис Борисович	3	0	2	0.0
764	Ротовий апарат комах	1522	1	137	49.0
765	Руднєв Дмитро Федорович	3	0	1	0.0
766	Рябець Аврелія	7	0	2	0.0
767	Рябець Авринія	6	0	2	0.0
768	Рябець арденнський	3	0	1	0.0
769	Рябець Аталія	3	0	1	0.0
770	Рябець Бритомартида	4	0	1	0.0
771	Рябець великий	3	0	1	0.0
772	Рябець діаміна	5	0	2	0.0
773	Рябець звичайний	3	0	1	0.0
774	Рябець рудий	5	0	1	0.0
775	Рябець Феба	14	14	14	14.0
776	Рябець червоний	8	0	2	1.0
777	Сарана	388	4	22	12.0
778	Сарана марокська	14	0	2	1.0
779	Сарана перелітна	231	1	21	7.0
780	Саранові	70	0	10	2.0
781	Сатир боровий	3	0	2	0.0
782	Сатир боровий південний	2	0	1	0.0
783	Сатир Брісеїда	3	0	2	0.0
784	Сатир буковий	3	0	2	0.0
785	Сатир Герміона	4	0	1	0.0
786	Сатир Дріада	6	0	2	0.0
787	Сатир Персефона	3	0	1	0.0
788	Сатир Цирцея	10	0	4	0.0
789	Сатурнієві	12	0	4	0.0
790	Сатурнія (метелик)	2	0	1	0.0
791	Сатурнія велика	55	0	9	1.0
792	Світлякові	126	0	11	4.0
793	Сидячечеревні	12	0	3	0.0
794	Сизириди	26	0	10	0.0
795	Симфіли	25	0	3	1.0
796	Синдром руйнування колоній	31	0	5	1.0
797	Синявець Алькон	3	0	1	0.0
798	Синявець Альцет	1	0	1	0.0
799	Синявець Антерос	1	0	1	0.0
800	Синявець Аргирогномон	4	0	3	0.0
801	Синявець Аргіад	2	0	1	0.0
802	Синявець Аргус	2	0	1	0.0
803	Синявець Аріон	4	0	1	0.0
804	Синявець вицвілий	1	0	1	0.0
805	Синявець Вікрама	5	0	1	0.0
806	Синявець голуб'як	3	0	1	0.0
807	Синявець гороховий	12	0	2	1.0
808	Синявець Дамон	3	0	1	0.0
809	Синявець Дамоне	4	0	1	0.0
810	Синявець евмедон	1	0	1	0.0
811	Синявець Ідас	3	0	1	0.0
812	Синявець Ікар	13	0	2	0.0
813	Синявець карликовий	2	0	1	0.0
814	Синявець конюшиновий	3	0	1	0.0
815	Синявець Коридон	8	0	5	0.0
816	Синявець кримський	2	0	1	0.0
817	Синявець крушиновий	3	0	1	0.0
818	Синявець Мелеагр	3	0	1	0.0
819	Синявець Озиріс	1	0	1	0.0
820	Синявець Оріон	1	0	1	0.0
821	Синявець Піритой	1	0	1	0.0
822	Синявець приязний	2	0	1	0.0
823	Синявець Рипарта	2	0	1	0.0
824	Синявець Телей	3	0	1	0.0
825	Синявець темно-синій	1	0	1	0.0
826	Синявець Терсит	6	0	3	0.0
827	Синявець торфовищний	2	0	1	0.0
828	Синявець туркусовий	5	0	2	0.0
829	Синявець хазарський	2	0	1	0.0
830	Синявець чорнуватий	2	0	1	0.0
831	Синявцеві	37	0	5	1.0
832	Сирф перев'язаний	20	0	3	1.0
833	Система Комстока-Нідема	1	0	1	0.0
834	Систематичний перелік родин жуків світу	20	0	4	1.0
835	Сінниця Геро	10	0	2	0.0
836	Сіноїди	29	0	3	1.0
837	Сітчастокрилі	89	0	8	3.0
838	Скарабей	49	0	5	1.0
839	Скарабей священний	671	8	136	19.0
840	Сколія-гігант	60	0	8	2.0
841	Сколопендра	386	3	31	11.0
842	Сколопендра гігантська	64	0	7	2.0
843	Сколопендра кільчаста	17	0	3	0.0
844	Сколопендра товста	3	0	1	0.0
845	Скорпіон кримський	57	0	6	1.0
846	Скорпіони	1109	12	65	34.0
847	Скорпіонові мухи	19	0	3	1.0
848	Слимакоїд кримський	25	0	5	1.0
849	Сліпняк буряковий	11	0	3	1.0
850	Сліпняк люцерновий	14	0	2	0.5
851	Слоник люцерновий	1	0	1	0.0
852	Совинський Вадим Васильович	1	0	1	0.0
853	Совка Агриппіна	19	0	4	0.0
854	Совка капустяна	32	0	4	1.0
855	Совка озима	61	0	8	2.0
856	Совка пірамідальна	10	0	2	0.5
857	Совка соснова	40	0	6	1.0
858	Совка-гамма	22	0	4	0.0
859	Совки	74	0	8	2.0
860	Совки-п'ядуни	5	0	1	0.0
861	Сольпуга звичайна	74	0	8	2.0
862	Сольпуги	249	1	21	7.0
863	Соміти	116	0	13	3.0
864	Сонечка	1440	14	103	41.0
865	Сонечко двокрапкове	76	0	8	3.0
866	Сонечко семикрапкове	359	0	24	11.0
867	Сонцевик адмірал	65	0	7	2.0
868	Сонцевик будяковий	48	0	7	1.0
869	Сонцевик кропив'яний	41	0	4	1.0
870	Сонцевик павиче око	148	1	14	4.0
871	Сонцевик фау-біле	14	0	5	0.0
872	Сонцевики	67	0	12	1.0
873	Сонцевичок змінний	8	0	4	0.0
874	Список аністид України	6	0	1	0.5
875	Список бабок Польщі	1	0	1	0.0
876	Список бабок Росії	0	0	0	0.0
877	Список бабок України	98	0	11	3.0
878	Список богомолів Алжиру	8	0	1	0.0
879	Список богомолів В'єтнаму	2	0	1	0.0
880	Список богомолів Європи	13	0	2	1.0
881	Список богомолів Непалу	4	0	2	0.0
882	Список богомолів Північної Македонії	1	0	1	0.0
883	Список богомолів України	86	0	8	2.0
884	Список богомолів Шрі-Ланки	1	0	1	0.0
885	Список видів бджіл Ізраїлю	4	0	1	0.0
886	Список видів бджіл Швеції	6	0	3	0.0
887	Список видів джмелів України	26	0	6	0.5
888	Список видів мурах Грузії	6	0	2	0.0
889	Список видів мурах Данії	6	0	4	0.0
890	Список видів мурах Польщі	6	0	3	0.0
891	Список видів мурах роду Camponotus	3	0	1	0.0
892	Список видів мурах роду Crematogaster	1	0	1	0.0
893	Список видів мурах Росії	1	0	1	0.0
894	Список видів мурах України	136	1	11	4.0
895	Список видів мурах Швеції	0	0	0	0.0
896	Список видів мурах Шрі-Ланки	9	0	3	0.0
897	Список видів роду джміль	7	0	2	0.0
898	Список видів роду Aedes	0	0	0	0.0
899	Список видів роду Cicindela	1	0	1	0.0
900	Список вимерлих комах	5	0	2	1.0
901	Список вуховерток України	20	0	5	1.0
902	Список двокрилих Польщі	28	0	5	1.0
903	Список денних метеликів Азербайджану	1	0	1	0.0
904	Список денних метеликів Алжиру	0	0	0	0.0
905	Список денних метеликів Вірменії	0	0	0	0.0
906	Список денних метеликів Ірану	1	0	1	0.0
907	Список денних метеликів Намібії	0	0	0	0.0
908	Список денних метеликів Російської Федерації	1	0	1	0.0
909	Список денних метеликів Санкт-Петербурга і Ленінградської області	1	0	1	0.0
910	Список денних метеликів Туреччини	0	0	0	0.0
911	Список денних метеликів України	348	2	30	9.0
912	Список денних метеликів Швеції	0	0	0	0.0
913	Список комах, занесених до Червоної книги України	212	0	16	7.0
914	Список лускокрилих Австрії	0	0	0	0.0
915	Список лускокрилих Албанії	1	0	1	0.0
916	Список лускокрилих Андорри	0	0	0	0.0
917	Список лускокрилих Бельгії	0	0	0	0.0
918	Список лускокрилих Білорусі	0	0	0	0.0
919	Список лускокрилих Болгарії	2	0	2	0.0
920	Список лускокрилих Боснії і Герцеговини	2	0	1	0.0
921	Список лускокрилих Греції	0	0	0	0.0
922	Список лускокрилих Данії	0	0	0	0.0
923	Список лускокрилих Естонії	3	0	2	0.0
924	Список лускокрилих Ірану	8	0	3	0.0
925	Список лускокрилих Кенії	94	1	76	8.5
926	Список лускокрилих Кіпру	2	0	1	0.0
927	Список лускокрилих Латвії	1	0	1	0.0
928	Список лускокрилих Литви	1	0	1	0.0
929	Список лускокрилих Ліхтенштейну	0	0	0	0.0
930	Список лускокрилих Люксембургу	0	0	0	0.0
931	Список лускокрилих Молдови	1	0	1	0.0
932	Список лускокрилих Намібії	2	0	1	0.0
933	Список лускокрилих Норвегії	0	0	0	0.0
934	Список лускокрилих Острова Пасхи	0	0	0	0.0
935	Список лускокрилих Островів Святої Єлени, Вознесіння і Тристан-да-Кунья	3	0	1	0.0
936	Список лускокрилих Північної Македонії	5	0	1	0.5
937	Список лускокрилих Польщі	0	0	0	0.0
938	Список лускокрилих Російської Федерації	7	0	2	0.0
939	Список лускокрилих Румунії	7	0	4	0.0
940	Список лускокрилих Сербії, Чорногорії та Косова	0	0	0	0.0
941	Список лускокрилих Словаччини	4	0	2	0.0
942	Список лускокрилих Танзанії	39	0	32	0.0
943	Список лускокрилих Угорщини	0	0	0	0.0
944	Список лускокрилих України	48	0	5	2.0
945	Список лускокрилих Фінляндії	0	0	0	0.0
946	Список лускокрилих Хорватії	2	0	1	0.0
947	Список лускокрилих Чехії	1	0	1	0.0
948	Список лускокрилих Швеції	2	0	2	0.0
949	Список лускокрилих Шрі-Ланки	2	0	1	0.0
950	Список метеликів родини Coleophoridae Туреччини	0	0	0	0.0
951	Список молей Туреччини	4	0	1	0.0
952	Список павуків Польщі	29	0	5	1.0
953	Список павуків Шрі-Ланки	2	0	1	0.0
954	Список прямокрилих України	19	0	4	1.0
955	Список скорпіонів Шрі-Ланки	3	0	1	0.0
956	Список совок Туреччини	4	0	2	0.0
957	Список тарганів Польщі	3	0	2	0.0
958	Список турунів Білорусі	3	0	2	0.0
959	Список турунів Естонії	0	0	0	0.0
960	Список турунів Молдови	0	0	0	0.0
961	Справжні ківсяки	5	0	2	0.0
962	Справжні клопи	124	1	10	3.0
963	Справжні коники	514	0	52	14.0
964	Справжні оси	16	0	2	1.0
965	Справжні попелиці	80	0	9	2.0
966	Справжні цвіркуни	54	0	5	2.0
967	Стафілін волохатий	13	0	2	0.0
968	Стафілін пахучий	28	0	5	1.0
969	Стебельчасточеревні	10	0	2	0.0
970	Стенурелла	2	0	1	0.0
971	Стерніт	24	0	5	1.0
972	Странгалія	2	0	1	0.0
973	Странґаліна вузькотіла	2	0	1	0.0
974	Стрибуни	3	0	1	0.0
975	Стрілка (бабка)	10	0	2	0.0
976	Стрілка Ліндена	13	0	3	1.0
977	Стрілка Меркурія	11	0	2	1.0
978	Стрілки (родина)	29	0	5	1.0
979	Стрільчатка псі	4	0	1	0.0
980	Стрільчатка тризубець	5	0	2	0.0
981	Стрільчатка щавлева	6	0	2	0.0
982	Стрічкарка диз'юнктивна	4	0	1	0.0
983	Стрічкарка Камілла	4	0	1	0.0
984	Стрічкарка орденська малинова	20	0	3	1.0
985	Стрічкарка тополева	16	0	3	0.0
986	Стрічкарка червоно-жовта	3	0	1	0.0
987	Стрічкарки	3	0	1	0.0
988	Строкатки (метелики)	26	0	4	0.0
989	Строкатокрилки	13	0	3	0.0
990	Тагма	14	0	3	0.0
991	Тарантул	768	6	44	23.0
992	Тарантул південноруський	333	2	20	10.0
993	Тарган чорний	146	0	10	5.0
994	Таргани	1153	14	66	35.0
995	Тарганові перегони	15	0	3	1.0
996	Тарганоподібні	20	0	3	0.0
997	Твердокрилі	844	3	49	29.0
998	Теленга Микола Абрамович	12	0	2	1.0
999	Тельсон	12	0	2	0.0
1000	Тенебріоноїдні	5	0	3	0.0
1001	Теодор Генрі Фрісон	2	0	1	0.0
1002	Тер-Мінасян Маргарита Єрвандівна	4	0	2	0.0
1003	Тергіт	14	0	3	0.0
1004	Терміти	436	5	28	15.0
1005	Тетригіди	1	0	1	0.0
1006	Томарес Каллімах	5	0	2	0.0
1007	Томас Волластон	2	0	1	0.0
1008	Тонкі ківсяки	6	0	1	0.0
1009	Тонкопряди	4	0	2	0.0
1010	Тонкочеревець Фонсколомба	5	0	2	0.0
1011	Торакс (зоологія)	34	0	4	1.0
1012	Трахеї	212	0	14	9.0
1013	Трахейнодишні	38	0	5	1.0
1014	Триктенотоміди	1	0	1	0.0
1015	Трипси	81	0	7	2.0
1016	Тріскачка ширококрила	8	0	2	0.0
1017	Тромбідіформні кліщі	29	0	4	1.0
1018	Трубкокрут дубовий	14	0	3	0.5
1019	Трубкокрути	24	0	7	1.0
1020	Трубконосики	1	0	1	0.0
1021	Трутень	504	6	43	15.0
1022	Турун	73	0	6	2.0
1023	Турун бесарабський	3	0	1	0.0
1024	Турун Менетріє	10	0	2	0.0
1025	Турун печерний Дублянського	5	0	1	0.0
1026	Турун угорський	12	0	3	0.0
1027	Турун Фабра	3	0	2	0.0
1028	Турун Фабра український	29	0	4	1.0
1029	Турун хлібний	39	0	4	1.0
1030	Турун Щеглова	5	0	1	0.0
1031	Туруни	225	0	21	6.0
1032	Туруноїдні	6	0	1	0.0
1033	Уваров Борис Петрович	2	0	1	0.0
1034	Фасеткове око	184	0	22	3.0
1035	Філоксера виноградна	105	0	12	3.0
1036	Фредерік Мур	0	0	0	0.0
1037	Френсіс Песко	1	0	1	0.0
1038	Хвостюшки	2	0	1	0.0
1039	Хвостюшок акацієвий	2	0	1	0.0
1040	Хвостюшок в'язовий	1	0	1	0.0
1041	Хвостюшок падубник	1	0	1	0.0
1042	Хвостюшок підзелень	5	0	1	0.0
1043	Хвостюшок сливовий	1	0	1	0.0
1044	Хвостюшок терновий	2	0	1	0.0
1045	Хижі жуки	16	0	4	0.0
1046	Хітин	1941	3	140	63.0
1047	Хоботкові метелики	9	0	2	0.0
1048	Хореутиди	11	0	6	0.0
1049	Хребтоплав звичайний	17	0	3	0.5
1050	Хризоліна	2	0	1	0.0
1051	Хризомеліни	1	0	1	0.0
1052	Хрущ	237	2	15	8.0
1053	Хрущ волохатий	15	0	3	0.5
1054	Хрущ мармуровий	46	0	6	1.0
1055	Хрущ травневий	1157	4	75	40.0
1056	Хрущак борошняний	89	0	15	2.0
1057	Хрущі	30	0	4	1.5
1058	Царічкова Діана Борисівна	3	0	1	0.0
1059	Цвіркун польовий	251	0	37	5.0
1060	Цвіркуни	250	0	49	6.0
1061	Целонітес абревіатус кримський	2	0	1	0.0
1062	Церамбікоїдні	3	0	1	0.0
1063	Цератофій багаторогий	13	0	5	0.0
1064	Цеце	499	4	40	14.0
1065	Цикади	262	2	18	8.0
1066	Цикадки	27	0	4	1.0
1067	Чарльз Ротшильд	4	0	1	0.0
1068	Чекініола пластисцелідина	9	0	2	0.0
1069	Червеці	15	0	2	0.0
1070	Червець	161	1	20	5.0
1071	Червиця пахуча	17	0	2	1.0
1072	Червневий хрущ	22	0	5	0.0
1073	Червоноклоп червоний	214	2	14	7.0
1074	Червонолоб	3	0	1	0.0
1075	Червчик Комстока	6	0	1	0.0
1076	Черевце	58	0	5	2.0
1077	Черевце комах	114	0	12	4.0
1078	Чорнотілки	54	0	4	2.0
1079	Чохликові молі	36	0	23	0.0
1080	Чубатка пишновуса	5	0	3	0.0
1081	Шапіро Дора Самійлівна	2	0	1	0.0
1082	Шведські мухи	37	0	7	1.0
1083	Шелюжко Лев Андрійович	15	0	3	1.0
1084	Шершень	418	4	39	12.0
1085	Шершень звичайний	89	0	6	3.0
1086	Шершень східний	6	0	1	0.0
1087	Шизоміди	11	0	2	0.0
1088	Шкіроїди	40	0	7	1.0
1089	Шовкопряд шовковичний	353	1	27	10.0
1090	Шовкопряди	16	0	7	0.0
1091	Шовкопряди похідні	4	0	2	0.0
1092	Щербатка c-біле	5	0	2	0.0
1093	Щетинкохвості	24	0	3	1.0
1094	Щитівки	47	0	4	1.0
1095	Щитники	29	0	3	1.0
1096	Щупальця	81	0	8	2.0
1097	Явище флюоресценції у скорпіонів	133	0	22	2.5
1098	Яйцеклад	56	0	13	1.0
1099	Aaaba	5	0	2	0.0
1100	Aaata finchi	3	0	1	0.0
1101	Abax	4	0	2	0.0
1102	Abiromorphus anceyi	1	0	1	0.0
1103	Ableptina	2	0	1	0.0
1104	Acalyptratae	4	0	1	0.0
1105	Acanthaeschna victoria	3	0	1	0.0
1106	Acanthopsychops triaina	0	0	0	0.0
1107	Acanthopteroctetidae	6	0	4	0.0
1108	Aconurella	2	0	1	0.0
1109	Acorius	3	0	1	0.0
1110	Acostemminae	1	0	1	0.0
1111	Acraea horta	7	0	2	0.0
1112	Acromyrmex	2	0	1	0.0
1113	Acronicta	1	0	1	0.0
1114	Actenicerus	4	0	1	0.0
1115	Actenicerus alternatus	1	0	1	0.0
1116	Adela croesella	1	0	1	0.0
1117	Adela cuprella	1	0	1	0.0
1118	Adelomyrmex	2	0	1	0.0
1119	Adelowalkeria	1	0	1	0.0
1120	Adelpholeon lithophorus	1	0	1	0.0
1121	Adosomus	6	0	2	0.0
1122	Adosomus roridus	4	0	2	0.0
1123	Adrapsa	1	0	1	0.0
1124	Adrapsoides	1	0	1	0.0
1125	Aedes	30	0	4	1.0
1126	Aedes aegypti	23	0	3	1.0
1127	Aedes albopictus	19	0	3	0.0
1128	Aedes dorsalis	2	0	1	0.0
1129	Aedes nigromaculis	1	0	1	0.0
1130	Aenictus	1	0	1	0.0
1131	Aethiocarenus burmanicus	2	0	1	0.0
1132	Afghanocleonus	1	0	1	0.0
1133	Afrolarinus	6	0	4	0.0
1134	Agabinae	0	0	0	0.0
1135	Agapanthia amicula	3	0	1	0.0
1136	Agapanthia angelicae	1	0	1	0.0
1137	Agapanthia annularis	1	0	1	0.0
1138	Agapanthia asphodeli	1	0	1	0.0
1139	Agapanthia detrita	1	0	1	0.0
1140	Agapanthia pesarinii	1	0	1	0.0
1141	Agelenidae	15	0	3	0.0
1142	Agelenoidea	3	0	1	0.0
1143	Ageleradix	2	0	1	0.0
1144	Ageleradix cymbiforma	1	0	1	0.0
1145	Ageleradix otiforma	1	0	1	0.0
1146	Agonum	3	0	2	0.0
1147	Agonum dolens	1	0	1	0.0
1148	Agonum ericeti	3	0	1	0.0
1149	Agonum gracilipes	4	0	2	0.0
1150	Agonum lugens	1	0	1	0.0
1151	Agonum sexpunctatum	4	0	1	0.0
1152	Agonum versutum	1	0	1	0.0
1153	Agraeciini	2	0	1	0.0
1154	Agraulis vanillae	2	0	1	0.0
1155	Agrilus	1	0	1	0.0
1156	Aguriahana	2	0	1	0.0
1157	Albicostella	1	0	1	0.0
1158	Alcidion	0	0	0	0.0
1159	Alebra	1	0	1	0.0
1160	Alelimma	1	0	1	0.0
1161	Aleocharinae	2	0	1	0.0
1162	Allantinae	1	0	1	0.0
1163	Allolarinus	2	0	1	0.0
1164	Alobaldia	1	0	1	0.0
1165	Alpigenobombus	2	0	1	0.0
1166	Alucita bulgaria	1	0	1	0.0
1167	Alucita desmodactyla	1	0	1	0.0
1168	Alucita karadagica	1	0	1	0.0
1169	Alucita pliginskii	1	0	1	0.0
1170	Alysiinae	3	0	1	0.0
1171	Amarixys	0	0	0	0.0
1172	Amarixys gracilis	0	0	0	0.0
1173	Ameles	2	0	2	0.0
1174	Ameles decolor	1	0	1	0.0
1175	Ameles fasciipennis	6	0	2	0.0
1176	Ameles spallanzania	2	0	1	0.0
1177	Amelinae	2	0	1	0.0
1178	Amelini	3	0	1	0.0
1179	Amimenus	1	0	1	0.0
1180	Ammocleonus	3	0	2	0.0
1181	Amselina cedestiella	2	0	1	0.0
1182	Analgoidea	2	0	1	0.0
1183	Anaplectoides	1	0	1	0.0
1184	Anapoma	2	0	1	0.0
1185	Anareolatae	1	0	1	0.0
1186	Aneuretus simoni	2	0	1	0.0
1187	Anomala binotata	1	0	1	0.0
1188	Anomaloninae	3	0	1	0.0
1189	Anopheles	140	0	11	3.0
1190	Anopheles (підрід)	3	0	1	0.0
1191	Anopheles freeborni	2	0	1	0.0
1192	Anopheles minor	3	0	1	0.0
1193	Anoplognathini	1	0	1	0.0
1194	Anoplura	83	0	7	3.0
1195	Anthobiodes	1	0	1	0.0
1196	Anthophila abhasica	0	0	0	0.0
1197	Anthrenus	4	0	1	0.0
1198	Apamea	1	0	1	0.0
1199	Apamea barbara	2	0	1	0.0
1200	Apamea glenura	1	0	1	0.0
1201	Apameini	1	0	1	0.0
1202	Aparotopus	2	0	1	0.0
1203	Aphelinidae	5	0	2	0.0
1204	Aphidiinae	11	0	3	0.0
1205	Aphidoletes	4	0	1	0.0
1206	Aphis	6	0	1	0.0
1207	Aphis baccharicola	1	0	1	0.0
1208	Aphthartopsychops scutatus	0	0	0	0.0
1209	Aphthona herbigrada	1	0	1	0.0
1210	Aphthona melancholica	1	0	1	0.0
1211	Aplesilus	4	0	2	1.0
1212	Apleurus	1	0	1	0.0
1213	Apoditrysia	3	0	1	0.0
1214	Apoidea	13	0	2	0.0
1215	Aprosthema	5	0	2	0.0
1216	Aptenoperissus	2	0	1	0.0
1217	Aptenoperissus etius	0	0	0	0.0
1218	Aptenoperissus magnifemoris	1	0	1	0.0
1219	Aptenoperissus pusillus	1	0	1	0.0
1220	Apteromantis aptera	4	0	1	0.0
1221	Apteropeda	2	0	1	0.0
1222	Araneoidea	4	0	1	0.0
1223	Arbelana	1	0	1	0.0
1224	Arboridia	1	0	1	0.0
1225	Archaeocercus schuvachinae	0	0	0	0.0
1226	Archaeolepis mane	2	0	1	0.0
1227	Archiearinae	1	0	1	0.0
1228	Archiinocellia oligoneura	1	0	1	0.0
1229	Architendipedidae	2	0	1	0.0
1230	Archizelmiridae	3	0	1	0.0
1231	Archocyrtus	1	0	1	0.0
1232	Archocyrtus kovalevi	0	0	0	0.0
1233	Arctiinae	4	0	1	0.0
1234	Arctoperlaria	2	0	1	0.0
1235	Arge pallidinervis	1	0	1	0.0
1236	Argema	1	0	1	0.0
1237	Argema mittrei	8	0	2	0.0
1238	Argiope	27	0	3	1.0
1239	Argiope aemula	6	0	3	0.0
1240	Argiope aetheroides	1	0	1	0.0
1241	Argiope amoena	3	0	1	0.0
1242	Argiope anasuja	8	0	2	0.0
1243	Argiope argentata	6	0	3	0.0
1244	Argiope aurantia	5	0	1	0.0
1245	Argiope boesenbergi	4	0	2	0.0
1246	Argiope catenulata	5	0	2	0.0
1247	Argiope chloreis	3	0	2	0.0
1248	Argiope dang	1	0	1	0.0
1249	Argiope doleschalli	1	0	1	0.0
1250	Argiope hoiseni	4	0	2	0.0
1251	Argiope lobata	90	1	9	3.0
1252	Argiope mangal	2	0	1	0.0
1253	Argiope minuta	3	0	1	0.0
1254	Argiope modesta	4	0	2	0.0
1255	Argiope ocula	2	0	1	0.0
1256	Argiope perforata	4	0	2	0.0
1257	Argiope picta	4	0	2	0.0
1258	Argiope pulchella	7	0	3	0.0
1259	Argiope reinwardti	5	0	2	0.0
1260	Argiope trifasciata	6	0	2	0.0
1261	Argynnini	4	0	1	0.0
1262	Argyresthia albistria	3	0	2	0.0
1263	Argyresthia bergiella	5	0	2	0.0
1264	Argyresthia bonnetella	3	0	2	0.0
1265	Argyresthia conjugella	4	0	2	0.0
1266	Argyresthia fundella	23	0	20	1.0
1267	Argyresthia glabratella	17	0	14	0.0
1268	Argyresthia goedartella	15	0	14	1.0
1269	Argyresthia illuminatella	3	0	2	0.0
1270	Argyresthia ivella	3	0	2	0.0
1271	Argyresthia laevigatella	3	0	2	0.0
1272	Argyresthia praecocella	3	0	2	0.0
1273	Argyresthia pruniella	4	0	2	0.0
1274	Argyresthia pygmaeella	3	0	2	0.0
1275	Argyresthia retinella	3	0	2	0.0
1276	Argyresthia semifusca	3	0	2	0.0
1277	Argyresthia sorbiella	3	0	2	0.0
1278	Argyrotaenia brimuncus	1	0	1	0.0
1279	Aricia artaxerxes	1	0	1	0.0
1280	Arractocetus	1	0	1	0.0
1281	Aruena apicimaculata	1	0	1	0.0
1282	Ascouracaridae	1	0	1	0.0
1283	Asiarge	1	0	1	0.0
1284	Asiarge centralis	2	0	1	0.0
1285	Asiarge regeli	1	0	1	0.0
1286	Asinocleonus	1	0	1	0.0
1287	Asiochaoboridae	1	0	1	0.0
1288	Aspidiotinae	2	0	1	0.0
1289	Asproparthenis	3	0	1	0.0
1290	Atactogaster	1	0	1	0.0
1291	Atherigoninae	1	0	1	0.0
1292	Athysanella	1	0	1	0.0
1293	Athysanopsis	1	0	1	0.0
1294	Athysanus	1	0	1	0.0
1295	Atolmis rubricollis	1	0	1	0.0
1296	Atrax sutherlandi	1	0	1	0.0
1297	Atta	6	0	2	0.0
1298	Atta cephalotes	2	0	1	0.0
1299	Atta colombica	2	0	1	0.0
1300	Atta texana	1	0	1	0.0
1301	Atta vollenweideri	1	0	1	0.0
1302	Attacus atlas	20	0	3	0.0
1303	Attercopus fimbriunguis	4	0	1	0.0
1304	Austroasca	1	0	1	0.0
1305	Autostichidae	3	0	2	0.0
1306	Azteca alfari	26	0	25	0.0
1307	Aztecarpalus	1	0	1	0.0
1308	Balclutha	2	0	1	0.0
1309	Balinskycercella	5	0	2	0.0
1310	Bambusana	1	0	1	0.0
1311	Bangasternus	6	0	2	0.0
1312	Baranowskiella ehnstromi	26	0	23	0.5
1313	Barbitistes constrictus	8	0	3	0.0
1314	Barbitistini	1	0	1	0.0
1315	Bathyphlebia	2	0	1	0.0
1316	Batrachedra pinicolella	2	0	1	0.0
1317	Batrachedra praeangusta	2	0	1	0.0
1318	Batrachedridae	3	0	2	0.0
1319	Batrisini	1	0	1	0.0
1320	Bellinympha	0	0	0	0.0
1321	Besuchetiella	2	0	1	0.0
1322	Blaberidae	7	0	1	0.0
1323	Blastobasis phycidella	1	0	1	0.0
1324	Blastobasis ponticella	1	0	1	0.0
1325	Blattellidae	11	0	2	0.0
1326	Blattuloidea	1	0	1	0.0
1327	Blepharodinae	3	0	1	0.0
1328	Blepharopsis mendica	2	0	1	0.0
1329	Bobacella	1	0	1	0.0
1330	Bocana	1	0	1	0.0
1331	Bodemeyeria	2	0	2	0.0
1332	Boganiidae	1	0	1	0.0
1333	Boletobiinae	1	0	1	0.0
1334	Bolivaria	7	0	2	0.0
1335	Bombus melanopygus	25	0	22	0.0
1336	Bombus sylvarum	3	0	1	0.0
1337	Bombus transversalis	1	0	1	0.0
1338	Bombus tricornis	1	0	1	0.0
1339	Bombus trinominatus	2	0	1	0.0
1340	Bombus unicus	4	0	1	0.0
1341	Bothriurus olaen	2	0	1	0.0
1342	Bothrogonia	1	0	1	0.0
1343	Bothynoderes	1	0	1	0.0
1344	Brachodes pumila	1	0	1	0.0
1345	Brachyceridae	3	0	1	0.0
1346	Brachycerinae	7	0	5	0.0
1347	Brachycerini	6	0	4	0.0
1348	Brachycerus	7	0	2	0.0
1349	Brachycleonus	1	0	1	0.0
1350	Brachysternus	1	0	1	0.0
1351	Brachysternus angustus	1	0	1	0.0
1352	Brachysternus germaini	1	0	1	0.0
1353	Brachysternus marginatus	3	0	1	0.0
1354	Brachysternus patagoniensis	2	0	1	0.0
1355	Brachysternus prasinus	1	0	1	0.0
1356	Brachysternus solier	1	0	1	0.0
1357	Brachysternus spectabilis	2	0	2	0.0
1358	Bracon hebetor	6	0	2	0.0
1359	Broconius	2	0	1	0.0
1360	Bryodemella	3	0	1	0.0
1361	Bubas bubalus	2	0	1	0.0
1362	Bubopsis agrionoides	1	0	1	0.0
1363	Buccinatormyia	8	0	4	0.0
1364	Bucculatrix albedinella	1	0	1	0.0
1365	Bucculatrix anthemidella	1	0	1	0.0
1366	Bucculatrix artemisiella	2	0	1	0.0
1367	Bucculatrix bechsteinella	17	0	16	0.0
1368	Bucculatrix frangutella	1	0	1	0.0
1369	Bucculatrix gnaphaliella	1	0	1	0.0
1370	Bucculatrix infans	1	0	1	0.0
1371	Bucculatrix maritima	2	0	1	0.0
1372	Bucculatrix nigricomella	11	0	10	0.0
1373	Bucculatrix noltei	1	0	1	0.0
1374	Bucculatrix paliuricola	1	0	1	0.0
1375	Bucculatrix thoracella	2	0	1	0.0
1376	Bucculatrix ulmella	1	0	1	0.0
1377	Bucculatrix ulmifoliae	1	0	1	0.0
1378	Bulbitermes	1	0	1	0.0
1379	Buprestinae	3	0	2	0.0
1380	Buprestis	3	0	1	0.0
1381	Buratina truncata	25	0	15	1.0
1382	Burmanopetalum inexpectatum	1	0	1	0.0
1383	Burmocorynus jarzembowski	0	0	0	0.0
1384	Burmogramma liui	0	0	0	0.0
1385	Burmomacer kirejtshuki	0	0	0	0.0
1386	Burmopsychops	1	0	1	0.0
1387	Cacopsylla	2	0	2	0.0
1388	Cacopsylla costalis	1	0	1	0.0
1389	Cacopsylla crataegi	1	0	1	0.0
1390	Cacopsylla cretica	2	0	1	0.0
1391	Cacopsylla curta	1	0	1	0.0
1392	Cacopsylla difficilis	1	0	1	0.0
1393	Cacopsylla dilonchi	2	0	1	0.0
1394	Cacopsylla elegantula	1	0	1	0.0
1395	Cacopsylla exima	1	0	1	0.0
1396	Calamoceratidae	2	0	1	0.0
1397	Caligula	6	0	2	0.0
1398	Callistolixus	2	0	1	0.0
1399	Calodemas	2	0	1	0.0
1400	Calopterygoidea	2	0	1	0.0
1401	Calyptratae	2	0	2	0.0
1402	Camponotus	11	0	2	0.0
1403	Camponotus rufoglaucus	3	0	2	0.0
1404	Camponotus vagus	14	0	2	1.0
1405	Camptopterohelea odora	0	0	0	0.0
1406	Carabinae	3	0	1	0.0
1407	Carparachne aureoflava	5	0	2	0.0
1408	Catocalini	1	0	1	0.0
1409	Cauchas fibulella	1	0	1	0.0
1410	Cecidomyiinae	1	0	1	0.0
1411	Centrocleonus	2	0	1	0.0
1412	Cerambyx welensii	1	0	1	0.0
1413	Ceratocampinae	3	0	1	0.0
1414	Chalcophora mariana	10	0	3	0.0
1415	Charaxes candiope	2	0	1	0.0
1416	Chauliognathus pensylvanicus	2	0	1	0.0
1417	Cheiracanthium inclusum	7	0	3	0.0
1418	Chilocorus bipustulatus	2	0	1	0.0
1419	Chilognatha	6	0	1	0.0
1420	Chimerarachne yingi	3	0	1	0.0
1421	Chironomoidea	5	0	1	0.0
1422	Chlidanotinae	19	0	18	0.0
1423	Chorthippus dorsatus	2	0	1	0.0
1424	Chromonotus	1	0	1	0.0
1425	Chromosomus	5	0	2	1.0
1426	Chrysididae	9	0	2	0.0
1427	Chrysidoidea	3	0	1	0.0
1428	Chrysis comparata	3	0	1	0.0
1429	Chrysis fulgida	2	0	1	0.0
1430	Chrysis pulchella	2	0	1	0.0
1431	Chrysis zetterstedti	1	0	1	0.0
1432	Chrysolina (підрід)	1	0	1	0.0
1433	Chrysops	23	0	3	1.0
1434	Chthonioidea	2	0	1	0.0
1435	Cicadula	1	0	1	0.0
1436	Cicindela	2	0	1	0.0
1437	Cicindela hybrida	4	0	2	0.0
1438	Cicindelina	1	0	1	0.0
1439	Cicindelinae	6	0	3	0.0
1440	Cicindelini	1	0	1	0.0
1441	Cimicoidea	3	0	1	0.0
1442	Cimicomorpha	2	0	1	0.0
1443	Citheronia	1	0	1	0.0
1444	Citioica	1	0	1	0.0
1445	Cladofer huangi	0	0	0	0.0
1446	Cleonini	8	0	3	0.0
1447	Cleonis	3	0	1	0.0
1448	Cleonolithus	1	0	1	0.0
1449	Cleridae	4	0	1	0.0
1450	Clistopyga crassicaudata	1	0	1	0.0
1451	Clitumninae	2	0	1	0.0
1452	Clytra appendicina	1	0	1	0.0
1453	Clytra atraphaxidis	1	0	1	0.0
1454	Cnemodontus	3	0	2	0.5
1455	Coccidulinae	5	0	1	0.0
1456	Coccinellinae	3	0	1	0.0
1457	Coccophagus	2	0	1	0.0
1458	Coccophagus lycimnia	1	0	1	0.0
1459	Coccophagus maculipennis	2	0	1	0.0
1460	Coccophagus malthusi	1	0	1	0.0
1461	Coccophagus margaritatus	1	0	1	0.0
1462	Coelidiinae	1	0	1	0.0
1463	Coenagrionoidea	4	0	1	0.0
1464	Coleophora adjunctella	4	0	3	0.0
1465	Coleophora adspersella	5	0	2	0.0
1466	Coleophora albicans	1	0	1	0.0
1467	Coleophora alcyonipennella	2	0	1	0.0
1468	Coleophora alticolella	2	0	1	0.0
1469	Coleophora argentula	4	0	2	0.0
1470	Coleophora armeniae	1	0	1	0.0
1471	Coleophora atriplicis	1	0	1	0.0
1472	Coleophora bagorella	5	0	2	0.5
1473	Coleophora berdjanski	5	0	1	1.0
1474	Coleophora binotapennella	1	0	1	0.0
1475	Coleophora cracella	14	0	11	0.0
1476	Coleophora granulatella	14	0	12	1.0
1477	Coleophora halophilella	2	0	1	0.0
1478	Coleophora nomgona	7	0	6	0.0
1479	Coleophora occatella	2	0	1	0.0
1480	Coleophora parenthella	1	0	1	0.0
1481	Coleophora potentillae	3	0	3	0.0
1482	Coleophora saxicolella	15	0	14	1.0
1483	Colladonus	1	0	1	0.0
1484	Compsolixus	6	0	2	0.0
1485	Coniocleonus	1	0	1	0.0
1486	Conocephalinae	2	0	1	0.0
1487	Conorhynchus	3	0	2	0.0
1488	Coptera anka	2	0	1	0.0
1489	Coreana raphaelis	3	0	1	0.0
1490	Coreoidea	2	0	1	0.0
1491	Cornupalpatum burmanicum	3	0	2	0.0
1492	Cosmogaster	2	0	1	0.0
1493	Cosmophasis bitaeniata	5	0	3	0.0
1494	Cotesia glomerata	1	0	1	0.0
1495	Coulinus	1	0	1	0.0
1496	Creatonotos gangis	489	0	71	8.5
1497	Crematogaster	5	0	1	0.0
1498	Crematogaster schmidti	7	0	2	0.5
1499	Creobroter	1	0	1	0.0
1500	Creoleon lugdunensis	1	0	1	0.0
1501	Cretanallachius magnificus	2	0	2	0.0
1502	Cretogramma engeli	0	0	0	0.0
1503	Cretoparacucujus cycadophilus	4	0	2	0.0
1504	Cryphopus	4	0	2	0.0
1505	Ctenurella	0	0	0	0.0
1506	Cuculliinae	2	0	1	0.0
1507	Culicomorpha	7	0	2	0.0
1508	Cupiennius	7	0	4	0.0
1509	Cupiennius salei	4	0	1	0.0
1510	Curculioididae	2	0	1	0.0
1511	Curculioninae	3	0	1	0.0
1512	Curculionites	3	0	1	0.0
1513	Cybister lateralimarginalis	6	0	2	0.0
1514	Cylindera	1	0	1	0.0
1515	Cylindera germanica	3	0	1	0.0
1516	Cylindera glabra	1	0	1	0.0
1517	Cymothoe sangaris	1	0	1	0.0
1518	Cynthia	6	0	2	0.0
1519	Cyphocleonus	6	0	2	0.0
1520	Danainae	10	0	2	0.0
1521	Daphnusa	1	0	1	0.0
1522	Daphnusa ailanti	1	0	1	0.0
1523	Daphnusa sinocontinentalis	1	0	1	0.0
1524	Darwinylus marcosi	0	0	0	0.0
1525	Dasineura	2	0	1	0.0
1526	Dasystoma salicella	1	0	1	0.0
1527	Deinocroton draculi	1	0	1	0.0
1528	Deltocephalus	1	0	1	0.0
1529	Demodex cyonis	3	0	1	0.0
1530	Dermationidae	1	0	1	0.0
1531	Desis	3	0	1	0.0
1532	Desis bobmarleyi	1	0	1	0.0
1533	Diaea	1	0	1	0.0
1534	Diaea dorsata	2	0	1	0.0
1535	Diaea ergandros	2	0	1	0.0
1536	Diaea evanida	1	0	1	0.0
1537	Diaea giltayi	1	0	1	0.0
1538	Diaeini	1	0	1	0.0
1539	Dicopomorpha echmepterygis	21	0	19	0.0
1540	Dikraneura	1	0	1	0.0
1541	Dilixellus	3	0	1	0.0
1542	Diodontognathus papillatus	0	0	0	0.0
1543	Dipteromantispidae	3	0	3	0.0
1544	Dolichopoda	2	0	1	0.0
1545	Dolichopoda geniculata	1	0	1	0.0
1546	Dolichopoda graeca	1	0	1	0.0
1547	Dolichopoda hussoni	1	0	1	0.0
1548	Dolichopoda makrykapa	3	0	2	0.0
1549	Dolomedes	11	0	4	0.0
1550	Donacia semicuprea	2	0	1	0.0
1551	Doratura	1	0	1	0.0
1552	Dorcadion cinerarium	3	0	1	0.0
1553	Dorcadion fuliginator	1	0	1	0.0
1554	Dorcadion mokrzeckii	4	0	1	0.0
1555	Dorcadion pedestre	2	0	1	0.0
1556	Dorcadion sareptanum	2	0	1	0.0
1557	Dryocampa	2	0	1	0.0
1558	Dryops	1	0	1	0.0
1559	Dysaphis	1	0	1	0.0
1560	Eacles	1	0	1	0.0
1561	Eacles barnesi	2	0	1	0.0
1562	Eacles oslari	1	0	1	0.0
1563	Echmepteryx hageni	13	0	13	0.0
1564	Eciton	4	0	1	0.0
1565	Ecitophya	1	0	1	0.0
1566	Ectinogonia buqueti	1	0	1	0.0
1567	Ederranus	2	0	1	0.5
1568	Edessena	1	0	1	0.0
1569	Eduardoxenus unicus	8	0	6	0.0
1570	Edwardsiana	1	0	1	0.0
1571	Elaea	2	0	1	0.0
1572	Elaterinae	2	0	1	0.0
1573	Electrocaptivus xui	1	0	1	0.0
1574	Elymana	1	0	1	0.0
1575	Emblemasoma erro	2	0	1	0.0
1576	Empoa	1	0	1	0.0
1577	Empoasca	2	0	1	0.0
1578	Empusa guttula	3	0	1	0.0
1579	Empusa hedenborgii	2	0	1	0.0
1580	Empusa longicollis	2	0	1	0.0
1581	Empusa pennata	6	0	1	0.0
1582	Empusa uvarovi	2	0	1	0.0
1583	Endoxyla cinereus	4	0	1	0.0
1584	Entiminae	2	0	1	0.0
1585	Entymetopus	1	0	1	0.0
1586	Eocleonus	0	0	0	0.0
1587	Eophyllium messelensis	0	0	0	0.0
1588	Epaphroditidae	1	0	1	0.0
1589	Epexochus	1	0	1	0.0
1590	Ephimeronotus	2	0	1	0.0
1591	Epiacanthus	3	0	1	0.0
1592	Epidermoptidae	1	0	1	0.0
1593	Epimeces	4	0	1	0.0
1594	Epiocheirata	1	0	1	0.0
1595	Episyrphus balteatus	3	0	1	0.0
1596	Eremiaphila	1	0	1	0.0
1597	Eremiaphilidae	5	0	1	0.0
1598	Eremoplana	3	0	1	0.0
1599	Eriovixia gryffindori	4	0	1	0.0
1600	Eristalis bardus	1	0	1	0.0
1601	Erythracarinae	1	0	1	0.0
1602	Erythromma	3	0	1	0.0
1603	Euacanthellinae	2	0	1	0.0
1604	Eugeniodecus	2	0	1	0.0
1605	Euhypnorna grata	1	0	1	0.0
1606	Eukoenenia	1	0	1	0.0
1607	Eukoenenia christiani	1	0	1	0.0
1608	Eukoenenia strinatii	1	0	1	0.0
1609	Eukoeneniidae	1	0	1	0.0
1610	Eulixus	3	0	1	0.0
1611	Eumecops	1	0	1	0.0
1612	Eumesocampa	1	0	1	0.0
1613	Euophrys omnisuperstes	2	0	1	0.0
1614	Eupelix	1	0	1	0.0
1615	Euphydryas iduna	22	0	21	1.0
1616	Eupithecia basurmanca	1	0	1	0.0
1617	Eupteryx	1	0	1	0.0
1618	Eurhadina	1	0	1	0.0
1619	Eurycleonus	1	0	1	0.0
1620	Eurythyrea	2	0	1	0.0
1621	Euscelis	2	0	1	0.0
1622	Euscorpius beroni	2	0	1	0.0
1623	Eusparassus dufouri	1	0	1	0.0
1624	Eustenopus	2	0	1	0.0
1625	Eutulomatus	1	0	1	0.0
1626	Evacanthus	1	0	1	0.0
1627	Extatosoma tiaratum	4	0	1	0.0
1628	Fagina silvatica	2	0	1	0.0
1629	Fallomyrma	1	0	1	0.0
1630	Fallomyrma anodonta	0	0	0	0.0
1631	Fallomyrma marginata	0	0	0	0.0
1632	Fallomyrma robusta	0	0	0	0.0
1633	Fideliinae	2	0	1	0.0
1634	Filistata maguirei	1	0	1	0.0
1635	Forcipata	1	0	1	0.0
1636	Formiciinae	5	0	3	0.0
1637	Formicini	2	0	1	0.0
1638	Furcantenna yangi	1	0	1	0.0
1639	Gasteroclisus	1	0	1	0.0
1640	Gastrophysa	1	0	1	0.0
1641	Geomantis	1	0	1	0.0
1642	Geomantis larvoides	3	0	1	0.0
1643	Georginus	4	0	1	0.0
1644	Girtesma	1	0	1	0.0
1645	Glebius	1	0	1	0.0
1646	Gluphisia	0	0	0	0.0
1647	Gluphisia crenata	1	0	1	0.0
1648	Gluphisia lintneri	1	0	1	0.0
1649	Gluphisia oxiana	2	0	1	0.0
1650	Goliathus regius	5	0	2	0.0
1651	Gondwanascorpio emzantsiensis	21	0	4	0.0
1652	Gonioctena	1	0	1	0.0
1653	Gonocleonus	2	0	1	0.0
1654	Gonometa postica	2	0	1	0.0
1655	Grant viridifluvius	0	0	0	0.0
1656	Gromphadorhina portentosa	97	0	8	3.0
1657	Gyranusoidea iranica	1	0	1	0.0
1658	Habralictus	4	0	3	0.0
1659	Hadeninae	2	0	1	0.0
1660	Halter halteratus	2	0	1	0.0
1661	Halteriomantispa grimaldii	0	0	0	0.0
1662	Haplocampa wagnelli	0	0	0	0.0
1663	Haplopelma schmidti	4	0	2	0.0
1664	Harmonia (комаха)	10	0	3	0.0
1665	Harpalinae	1	0	1	0.0
1666	Hedychrum nobile	1	0	1	0.0
1667	Helaeomyia petrolei	2	0	1	0.0
1668	Helichus ussuriensis	1	0	1	0.0
1669	Heliconiinae	6	0	1	0.0
1670	Heliconius erato	3	0	1	0.0
1671	Helicoverpa zea	5	0	1	0.0
1672	Heliozona	1	0	1	0.0
1673	Helminthomorpha	3	0	1	0.0
1674	Hemerobiiformia	18	0	16	0.0
1675	Hepsidera	1	0	1	0.0
1676	Hermetia illucens	39	0	6	1.0
1677	Heterocleonus	1	0	1	0.0
1678	Heterogramma	1	0	1	0.0
1679	Heteropterinae	1	0	1	0.0
1680	Hexarthrius	4	0	2	0.0
1681	Hierodula	7	0	2	0.0
1682	Holaptilon	1	0	1	0.0
1683	Holaptilon pusillulum	3	0	1	0.0
1684	Hololixus	1	0	1	0.0
1685	Homalictus	20	0	20	0.0
1686	Homalictus achrostus	12	0	11	0.5
1687	Homalictus terminalis	23	0	23	11.5
1688	Hormisa	1	0	1	0.0
1689	Hovalarinus	1	0	1	0.0
1690	Hybomitra	9	0	2	0.0
1691	Hybomitra altaica	2	0	1	0.0
1692	Hybomitra alticola	2	0	1	0.0
1693	Hydrillodes	1	0	1	0.0
1694	Hyles	2	0	1	0.0
1695	Hylobius abietis	18	0	4	0.5
1696	Hymenopodidae	3	0	1	0.0
1697	Hypatopa binotella	2	0	1	0.0
1698	Hypatopa inunctella	1	0	1	0.0
1699	Hypatopa segnella	2	0	1	0.0
1700	Hypenula	1	0	1	0.0
1701	Hypoechana fuliginosa	1	0	1	0.0
1702	Hypogastruroidea	2	0	1	0.0
1703	Hypolixus	1	0	1	0.0
1704	Hyponeuma	1	0	1	0.0
1705	Hypsicorypha gracilis	3	0	1	0.0
1706	Idia	2	0	1	0.0
1707	Idolomantis diabolica	20	0	3	1.0
1708	Ileomus	1	0	1	0.0
1709	Ilybius	2	0	1	0.0
1710	Insolentipalpus	2	0	1	0.0
1711	Integripalpia	9	0	1	0.0
1712	Iolana iolas	2	0	1	0.0
1713	Iris	13	0	2	1.0
1714	Iris oratoria	3	0	1	0.0
1715	Isomerops	3	0	2	0.0
1716	Isotogastrura	1	0	1	0.0
1717	Isotomidae	2	0	1	0.0
1718	Ixodida	54	0	7	1.0
1719	Julodinae	7	0	3	0.0
1720	Junonia coenia	2	0	1	0.0
1721	Junonia lemonias	2	0	1	0.0
1722	Kalligramma	0	0	0	0.0
1723	Kalligramma paradoxum	0	0	0	0.0
1724	Kalligrammatidae	2	0	1	0.0
1725	Kallima inachus	3	0	1	0.0
1726	Katarinia	1	0	1	0.0
1727	Katha	3	0	1	0.0
1728	Katha depressa	4	0	2	0.0
1729	Katha laevis	1	0	1	0.0
1730	Katha magnata	1	0	1	0.0
1731	Katha moorei	1	0	1	0.0
1732	Katha nankunshanica	1	0	1	0.0
1733	Katha nigropoda	1	0	1	0.0
1734	Katha prabana	1	0	1	0.0
1735	Katha suffusa	1	0	1	0.0
1736	Kekveus jason	1	0	1	0.0
1737	Khobotun elephantinus	13	0	9	0.0
1738	Klassius	0	0	0	0.0
1739	Knemidokoptes	5	0	2	0.0
1740	Koenigius	2	0	1	0.0
1741	Kyneria	1	0	1	0.0
1742	Labidura riparia	3	0	1	0.0
1743	Lachnaeus	2	0	1	0.0
1744	Lachnaia	1	0	1	0.0
1745	Lagonomegopidae	1	0	1	0.0
1746	Lambula	1	0	1	0.0
1747	Lambula aethalocis	3	0	1	0.0
1748	Lambula agraphia	1	0	1	0.0
1749	Lambula aroa	2	0	1	0.0
1750	Lambula bilineata	1	0	1	0.0
1751	Lambula bivittata	1	0	1	0.0
1752	Lambula buergersi	1	0	1	0.0
1753	Laothoe	1	0	1	0.0
1754	Larentiinae	1	0	1	0.0
1755	Larinodontes	1	0	1	0.0
1756	Larinomesius	2	0	1	0.0
1757	Larinus	6	0	2	0.0
1758	Larinus (підрід)	3	0	1	0.0
1759	Larinus turbinatus	3	0	2	0.0
1760	Larinus vulpes	0	0	0	0.0
1761	Lascoria	2	0	1	0.0
1762	Lasiocampinae	1	0	1	0.0
1763	Lasiommata	3	0	1	0.0
1764	Lasiommata maerula	0	0	0	0.0
1765	Latrodectinae	1	0	1	0.0
1766	Lepismachilis eocaenica	0	0	0	0.0
1767	Leptopodomorpha	1	0	1	0.0
1768	Lestremiinae	4	0	1	0.0
1769	Lestremiini	1	0	1	0.0
1770	Lethocerus deyrollei	5	0	2	0.0
1771	Lethocerus grandis	1	0	1	0.0
1772	Lethocerus indicus	17	0	5	0.0
1773	Leucatomis	1	0	1	0.0
1774	Leucochromus	9	0	3	1.0
1775	Leucomigus	4	0	1	0.0
1776	Leucophyes	1	0	1	0.0
1777	Libelloides italicus	2	0	1	0.0
1778	Libelluloidea	1	0	1	0.0
1779	Limnephilus antiquastepposus	0	0	0	0.0
1780	Limnephilus kaspievi	2	0	1	0.0
1781	Limnephilus metakaspievi	0	0	0	0.0
1782	Limnephilus parakaspievi	0	0	0	0.0
1783	Limnephilus valliculacerasinus	0	0	0	0.0
1784	Limnichidae	1	0	1	0.0
1785	Linguatormyia teletacta	0	0	0	0.0
1786	Liocleonus	2	0	1	0.0
1787	Lipoptena mazamae	2	0	1	0.0
1788	Lithosiina	1	0	1	0.0
1789	Lithosiinae	0	0	0	0.0
1790	Lithosiini	2	0	1	0.0
1791	Lixinae	128	2	9	4.0
1792	Lixini	6	0	2	0.0
1793	Lixocleonus	1	0	1	0.0
1794	Lixoglyptus	4	0	2	0.5
1795	Lixomorphus	1	0	1	0.0
1796	Lixopachys	1	0	1	0.0
1797	Lixus	6	0	2	0.0
1798	Lixus (підрід)	4	0	2	0.0
1799	Lophocorona	1	0	1	0.0
1800	Lucaninae	2	0	1	0.0
1801	Lucanus	15	0	3	0.5
1802	Lucanus placidus	3	0	1	0.0
1803	Luciliinae	2	0	1	0.0
1804	Lycorma delicatula	14	0	3	1.0
1805	Lycosa aragogi	13	0	2	0.5
1806	Lysibia nana	1	0	1	0.0
1807	Machaerotypus sibiricus	2	0	1	0.0
1808	Macleodiella electrina	0	0	0	0.0
1809	Macrochilo	1	0	1	0.0
1810	Macroglossinae	1	0	1	0.0
1811	Macrolepidoptera	6	0	3	0.0
1812	Macroplea	0	0	0	0.0
1813	Macrosiphini	3	0	2	0.0
1814	Macrotermes	4	0	1	0.0
1815	Macrotermes gilvus	1	0	1	0.0
1816	Macroxiphus	2	0	1	0.0
1817	Macroxiphus nasicornis	2	0	1	0.0
1818	Macroxiphus sumatranus	1	0	1	0.0
1819	Manica	3	0	1	0.0
1820	Mantidae	12	0	2	0.0
1821	Mantis	4	0	1	0.0
1822	Maratus personatus	1	0	1	0.0
1823	Marumba spectabilis	2	0	1	0.0
1824	Marumba tigrina	1	0	1	0.0
1825	Maximus	13	0	7	0.0
1826	MCD-пептид	5	0	1	0.0
1827	Mecaspis	4	0	2	0.0
1828	Medaurini	2	0	1	0.0
1829	Medauroidea	1	0	1	0.0
1830	Megachilinae	1	0	1	0.0
1831	Megaphragma	13	0	13	0.0
1832	Megaphragma caribea	23	0	23	0.0
1833	Megaphragma mymaripenne	34	0	31	1.0
1834	Megatominae	1	0	1	0.0
1835	Melitaea acentria	1	0	1	0.0
1836	Melitaea ornata	1	0	1	0.0
1837	Menecleonus	3	0	2	0.0
1838	Menthastriella	1	0	1	0.0
1839	Mesocleonus	2	0	1	0.0
1840	Mesostigmata	10	0	2	0.0
1841	Mesothelae	12	0	3	0.0
1842	Metacucujus	1	0	1	0.0
1843	Metacucujus encephalarti	2	0	1	0.0
1844	Metallyticus	2	0	1	0.0
1845	Metopininae	3	0	1	0.0
1846	Metriocampa	1	0	1	0.0
1847	Microcleonus	3	0	2	0.0
1848	Microlarinus	4	0	2	0.0
1849	Microlixus	3	0	1	0.0
1850	Microplitis croceipes	1	0	1	0.0
1851	Micropterix calthella	1	0	1	0.0
1852	Microthespis	3	0	1	0.0
1853	Miomantinae	13	13	13	13.0
1854	Miomantis paykullii	24	0	12	12.0
1855	Mionycha	1	0	1	0.0
1856	Misumena vatia	98	0	11	3.0
1857	Misumenoides formosipes	4	0	2	0.0
1858	Molytinae	4	0	1	0.0
1859	Mongolocleonus	1	0	1	0.0
1860	Monolophus	1	0	1	0.0
1861	Morphini	4	0	2	0.0
1862	Morpho rhetenor	4	0	1	0.0
1863	Muschampia	2	0	1	0.0
1864	Muscoidea	3	0	1	0.0
1865	Mycotrichus	2	0	1	0.0
1866	Myrmarachne	7	0	1	0.0
1867	Myrmarachne assimilis	1	0	1	0.0
1868	Myrmarachne caliraya	2	0	1	0.0
1869	Myrmarachne plataleoides	4	0	2	0.0
1870	Myrmekiaphila neilyoungi	3	0	1	0.0
1871	Myrmeleon fasciatus	1	0	1	0.0
1872	Myrmeleon quinquemaculatus	1	0	1	0.0
1873	Myrmeleontiformia	0	0	0	0.0
1874	Myrmica angulata	1	0	1	0.0
1875	Myrmicini	4	0	1	0.0
1876	Myrmozercon cyrusi	2	0	1	0.0
1877	Mystrium camillae	5	0	2	0.0
1878	Myzocallis	1	0	1	0.0
1879	Nanosella fungi	24	0	15	9.0
1880	Nastus (жуки)	1	0	1	0.0
1881	Nauphoeta cinerea	6	0	1	0.0
1882	Naxa seriaria	1	0	1	0.0
1883	Nefis	0	0	0	0.0
1884	Negastriinae	1	0	1	0.0
1885	Neivamyrmex	1	0	1	0.0
1886	Nemaspela ladae	3	0	1	0.0
1887	Nematopogon metaxella	4	0	2	0.0
1888	Nematopogon pilella	15	0	15	0.0
1889	Nemophora degeerella	6	0	3	0.0
1890	Nemophora dumerilella	1	0	1	0.0
1891	Nemophora fasciella	1	0	1	0.0
1892	Nemopteridae	1	0	1	0.0
1893	Nemopteroidea	1	0	1	0.0
1894	Neocleonus	3	0	1	0.0
1895	Neodermaptera	3	0	1	0.0
1896	Neolipoptena ferrisi	1	0	1	0.0
1897	Nepa cinerea	14	0	3	1.0
1898	Nicrophorinae	2	0	1	0.0
1899	Nicrophorus	15	0	4	0.5
1900	Nicrophorus interruptus	3	0	1	0.0
1901	Nicrophorus investigator	0	0	0	0.0
1902	Nicrophorus japonicus	1	0	1	0.0
1903	Nipponaphis monzeni	2	0	1	0.0
1904	Nomimonyx	3	0	1	0.0
1905	Notiothauma reedi	2	0	1	0.0
1906	Nudobius lentus	6	0	2	0.0
1907	Nuttalliella namaqua	3	0	2	0.0
1908	Nymphavus progenitor	0	0	0	0.0
1909	Nymphidae	2	0	1	0.0
1910	Obtectomera	2	0	1	0.0
1911	Ochyrocera aragogue	0	0	0	0.0
1912	Oecophylla	12	0	3	0.0
1913	Oecophylla taurica	1	0	1	0.0
1914	Oestroidea	2	0	1	0.0
1915	Oligochlora semirugosa	5	0	4	0.0
1916	Oligopsychopsis	0	0	0	0.0
1917	Oligotrophini	2	0	1	0.0
1918	Oniticellini	1	0	1	0.0
1919	Onthophagini	1	0	1	0.0
1920	Onthophagus vacca	1	0	1	0.0
1921	Opostega	1	0	1	0.0
1922	Opostegoides	1	0	1	0.0
1923	Oramiella wisei	2	0	1	0.0
1924	Orsunius electronefelus	0	0	0	0.0
1925	Orthodera novaezealandiae	5	0	3	0.0
1926	Ortholixus	2	0	1	0.0
1927	Oryctes	1	0	1	0.0
1928	Oryctes agamemnon	2	0	1	0.0
1929	Oryctes rhinoceros	2	0	1	0.0
1930	Osmia cornuta	5	0	1	0.0
1931	Osmylops	1	0	1	0.0
1932	Othorene	1	0	1	0.0
1933	Pachycerus	1	0	1	0.0
1934	Pachyiulus humicola	1	0	1	0.0
1935	Pachymerium tabacarui	2	0	1	0.0
1936	Paederinae	4	0	1	0.0
1937	Pajnisoodes	2	0	1	0.0
1938	Palaeortona quercyensis	0	0	0	0.0
1939	Palaeotendipes alexii	0	0	0	0.0
1940	Palomena prasina	25	0	5	1.0
1941	Paracucujus rostratus	2	0	1	0.0
1942	Paradoxosisyra groehni	9	0	6	0.0
1943	Paradoxosisyrinae	34	0	22	1.0
1944	Paraponera	1	0	1	0.0
1945	Parastrachiidae	2	0	1	0.0
1946	Paratarsotomus	1	0	1	0.0
1947	Paratarsotomus sabulosus	2	0	1	0.0
1948	Parileomus	1	0	1	0.0
1949	Parnopes grandior	2	0	1	0.0
1950	Pedanoptera arachnophila	0	0	0	0.0
1951	Peltosyne triassica	0	0	0	0.0
1952	Pemphigidae	5	0	1	0.0
1953	Pentatominae	4	0	1	0.0
1954	Pentatomoidea	4	0	1	0.0
1955	Pentatomomorpha	3	0	1	0.0
1956	Pentatropis	1	0	1	0.0
1957	Perlamantis allibertii	3	0	1	0.0
1958	Permarachne novokshonovi	4	0	3	0.0
1959	Phaneropterinae	3	0	2	0.0
1960	Phasmatidae	3	0	1	0.0
1961	Phaulosomus	3	0	2	0.0
1962	Philidris nagasau	2	0	1	0.0
1963	Phillixus	1	0	1	0.0
1964	Phlebotomus papatasi	17	0	3	0.0
1965	Phlebotomus papuensis	2	0	1	0.0
1966	Phlebotomus pedifer	2	0	1	0.0
1967	Phlebotomus perfiliewi	3	0	1	0.0
1968	Phlebotomus perniciosus	4	0	2	0.0
1969	Phlebotomus pexopharynx	3	0	1	0.0
1970	Phlebotomus sergenti	2	0	1	0.0
1971	Phobaeticus chani	3	0	1	0.0
1972	Phobaeticus kirbyi	1	0	1	0.0
1973	Phyllochrysa huangi	0	0	0	0.0
1974	Phyllodromica	3	0	1	0.0
1975	Phyllodromica merrakescha	2	0	1	0.0
1976	Phyllonomeus	3	0	1	0.0
1977	Phyllonorycter ivani	0	0	0	0.0
1978	Phytotelmatrichis osopaddington	2	0	1	0.0
1979	Pisaura mirabilis	87	0	7	3.0
1980	Pison	1	0	1	0.0
1981	Planodiscus	2	0	1	0.0
1982	Planodiscus foreli	2	0	1	0.0
1983	Planodiscus furcatus	1	0	1	0.0
1984	Platyscelidini	1	0	1	0.0
1985	Pleurocleonus	2	0	1	0.0
1986	Pliocleonus	1	0	1	0.0
1987	Poduromorpha	2	0	1	0.0
1988	Poecilimon ampliatus	1	0	1	0.0
1989	Poecilimon elegans	1	0	1	0.0
1990	Poecilimon gracilis	1	0	1	0.0
1991	Poliochera	0	0	0	0.0
1992	Poliochera cretacea	0	0	0	0.0
1993	Poliochera gibbsi	0	0	0	0.0
1994	Poliochera glabra	0	0	0	0.0
1995	Poliochera punctulata	0	0	0	0.0
1996	Poliochera pustulatus	1	0	1	0.0
1997	Poliocheridae	1	0	1	0.0
1998	Polyneoptera	8	0	3	0.0
1999	Polyommatus eros	2	0	1	0.0
2000	Polyommatus pljushtchi	9	0	3	0.0
2001	Ponomarenkia belmonthensis	0	0	0	0.0
2002	Porocleonus	4	0	2	0.0
2003	Prionolixus	1	0	1	0.0
2004	Prionorhinus	1	0	1	0.0
2005	Pristomyrmex elmesi	2	0	1	0.0
2006	Pritha garfieldi	1	0	1	0.0
2007	Prochoreutis pseudostellaris	4	0	2	1.0
2008	Prochoreutis sehestediana	4	0	3	0.0
2009	Prochoreutis stellaris	13	0	10	0.5
2010	Proctophyllodes huitzilopochtlii	2	0	1	0.0
2011	Prodryas persephone	2	0	1	0.0
2012	Prohamitermes	1	0	1	0.0
2013	Prokoenenia	1	0	1	0.0
2014	Prokoeneniidae	1	0	1	0.0
2015	Proleptothorax primitivus	1	0	1	0.0
2016	Prostigmata	9	0	2	0.0
2017	Protosiphoniella anthophila	11	0	10	0.0
2018	Psectra diptera	1	0	1	0.0
2019	Psephenidae	2	0	1	0.0
2020	Pseudeumecops	2	0	1	0.0
2021	Pseudisomerus	4	0	2	0.0
2022	Pseudochazara cingovskii	2	0	1	0.0
2023	Pseudocleonus	1	0	1	0.0
2024	Pseudopostega	2	0	1	0.0
2025	Pseudopulex	0	0	0	0.0
2026	Pseudoyersinia	4	0	1	0.0
2027	Pseudoyersinia betancuriae	2	0	1	0.0
2028	Pseudoyersinia brevipennis	2	0	1	0.0
2029	Pseudoyersinia canariensis	3	0	1	0.0
2030	Pseudoyersinia lagrecai	1	0	1	0.0
2031	Pseudoyersinia paui	3	0	2	0.0
2032	Pseudoyersinia pilipes	1	0	1	0.0
2033	Pseudoyersinia subaptera	4	0	2	0.0
2034	Pseudoyersinia teydeana	1	0	1	0.0
2035	Psoroptidia	4	0	1	0.0
2036	Psychodomorpha	3	0	1	0.0
2037	Psychopsidae	3	0	1	0.0
2038	Psyllobora	3	0	1	0.0
2039	Pterocroce capillaris	2	0	1	0.0
2040	Pterodectes rutilus	2	0	1	0.0
2041	Pterolichoidea	1	0	1	0.0
2042	Pteromalidae	3	0	1	0.0
2043	Pterostichinae	2	0	1	0.0
2044	Pterostichus alexeji	1	0	1	0.0
2045	Pterostichus burkhan	1	0	1	0.0
2046	Pterostichus rodionovi	1	0	1	0.0
2047	Ptilodon	1	0	1	0.0
2048	Ptilodoninae	2	0	1	0.0
2049	Ptilophora	2	0	1	0.0
2050	Ptiloscola	1	0	1	0.0
2051	Puer maculatus	1	0	1	0.0
2052	Pycnodactylopsis	2	0	1	0.0
2053	Pygaerinae	1	0	1	0.0
2054	Rachesa	1	0	1	0.0
2055	Reclinervellus nielseni	1	0	1	0.0
2056	Rhabdorrhynchus	3	0	2	0.0
2057	Rhinocyllus	3	0	1	0.0
2058	Rhinocyllus conicus	4	0	2	0.0
2059	Rhizoglyphus robini	2	0	1	0.0
2060	Rhopalocera	39	0	6	1.0
2061	Rhopalosomatidae	2	0	1	0.0
2062	Rhynchophorus	5	0	2	0.0
2063	Rhynchophorus ferrugineus	19	0	4	0.0
2064	Ricinoides	1	0	1	0.0
2065	Ricinoides feae	1	0	1	0.0
2066	Ricinoides hanseni	1	0	1	0.0
2067	Ricinoides karschii	1	0	1	0.0
2068	Ricinoides leonensis	1	0	1	0.0
2069	Ricinoides megahanseni	1	0	1	0.0
2070	Ricinoides olounoua	1	0	1	0.0
2071	Ricinoides sjostedtii	1	0	1	0.0
2072	Ricinoididae	1	0	1	0.0
2073	Rivetina	7	0	3	0.0
2074	Rivetinini	6	0	4	0.0
2075	Rophalis relicta	0	0	0	0.0
2076	Rovnoholoneurus	0	0	0	0.0
2077	Sabatinca	1	0	1	0.0
2078	Sahastata sinuspersica	2	0	1	0.0
2079	Samia	2	0	1	0.0
2080	Saturnia pinratanai	1	0	1	0.0
2081	Saturniini	1	0	1	0.0
2082	Satyrus virbius	2	0	1	0.0
2083	Saurophthirus	1	0	1	0.0
2084	Saurophthirus longipes	0	0	0	0.0
2085	Scaphomorphus	2	0	1	0.0
2086	Scarabaeinae	3	0	1	0.0
2087	Scarabaeus fraterculus	6	0	3	0.0
2088	Schausiella	2	0	1	0.0
2089	Schizophora	3	0	1	0.0
2090	Sciaroidea	3	0	1	0.0
2091	Scymninae	4	0	1	0.0
2092	Selandriinae	1	0	1	0.0
2093	Sepsidae	2	0	1	0.0
2094	Sericomyrmex	1	0	1	0.0
2095	Sericomyrmex radioheadi	8	0	5	0.0
2096	Sicarius hahni	12	0	3	0.0
2097	Sidorchukatia gracilis	17	0	14	0.0
2098	Sipalinus gigas	3	0	1	0.0
2099	Sitophilus	3	0	1	0.0
2100	Smerinthini	2	0	1	0.0
2101	Speyeria	1	0	1	0.0
2102	Speyeria clara	1	0	1	0.0
2103	Sphaerites	1	0	1	0.0
2104	Sphecomyrminae	3	0	1	0.0
2105	Sphingonotini	1	0	1	0.0
2106	Sphingulini	1	0	1	0.5
2107	Sphodromantis	2	0	1	0.0
2108	Sphodromantis viridis	4	0	1	0.0
2109	Stalagtia skadarensis	1	0	1	0.0
2110	Steatoda grossa	11	0	2	1.0
2111	Stenurella sennii	1	0	1	0.0
2112	Stephanocleonus	7	0	2	0.0
2113	Stephanoidea	0	0	0	0.0
2114	Sterrhinae	1	0	1	0.0
2115	Stethophyma grossum	18	0	5	1.0
2116	Stilbum cyanurum	3	0	1	0.0
2117	Streblote	1	0	1	0.0
2118	Streblote fainae	2	0	1	0.0
2119	Streblote finitorum	1	0	1	0.0
2120	Stromboscerinae	1	0	1	0.0
2121	Stromboscerus	1	0	1	0.0
2122	Sublarinus	1	0	1	0.0
2123	Supraserphites draculi	0	0	0	0.0
2124	Surchania	6	0	2	1.0
2125	Symphypleona	2	0	1	0.0
2126	Syndesinae	2	0	1	0.0
2127	Syntomini	1	0	1	0.0
2128	Syssphinx	2	0	1	0.0
2129	Tabaninae	2	0	1	0.0
2130	Taeniopterygidae	2	0	1	0.0
2131	Taeniopteryx	1	0	1	0.0
2132	Taeniopteryx lita	1	0	1	0.0
2133	Taeniopteryx lonicera	1	0	1	0.0
2134	Taeniopteryx maura	1	0	1	0.0
2135	Taeniopteryx mercuryi	2	0	1	0.0
2136	Taeniopteryx metequi	1	0	1	0.0
2137	Taeniopteryx nebulosa	2	0	1	0.0
2138	Tanymecus	1	0	1	0.0
2139	Taurodemus	1	0	1	0.0
2140	Temnorhinus	1	0	1	0.0
2141	Temnothorax nylanderi	2	0	1	0.0
2142	Tenthredininae	2	0	1	0.0
2143	Tenthredinoidea	2	0	1	0.0
2144	Terminasiania	2	0	1	0.0
2145	Terpsicroton alticeps	0	0	0	0.0
2146	Tetragnatha	8	0	1	1.0
2147	Tetragonothorax	1	0	1	0.0
2148	Teyia branislav	0	0	0	0.0
2149	Thermesiini	1	0	1	0.0
2150	Thomisinae	7	0	2	0.0
2151	Thomisoidea	1	0	1	0.0
2152	Thysania	2	0	1	0.0
2153	Tibiceninae	2	0	1	0.0
2154	Tilloidea	1	0	1	0.0
2155	Timarcha lugens	1	0	1	0.0
2156	Timema cristinae	3	0	2	0.0
2157	Timogenes elegans	2	0	1	0.0
2158	Tineoidea	1	0	1	0.0
2159	Tortricinae	6	0	5	0.0
2160	Trachydemus	3	0	2	0.0
2161	Triatoma sanguisuga	5	0	1	0.0
2162	Trichocleonus	2	0	1	0.0
2163	Trichopria	2	0	1	0.0
2164	Trichotocleonus	2	0	1	0.0
2165	Trigonopterus yoda	1	0	1	0.0
2166	Trigonotarbida	17	0	3	1.0
2167	Trjapitzion cylindrocerus	0	0	0	0.0
2168	Trychopeplus laciniatus	1	0	1	0.0
2169	Turbinoptidae	1	0	1	0.0
2170	Tylogonus (павуки)	2	0	1	0.0
2171	Ulomoides dermestoides	7	0	1	0.0
2172	Umma gumma	3	0	1	0.0
2173	Uraraneida	10	0	2	0.0
2174	Uroballus carlei	6	0	3	0.0
2175	Verophasmatodea	3	0	2	0.0
2176	Vespa basalis	9	0	2	0.0
2177	Vestalis amethystina	1	0	1	0.0
2178	Wasmanniella	0	0	0	0.0
2179	Whiteheadia	1	0	1	0.0
2180	Xanthochelus	4	0	2	0.0
2181	Xanthopan morganii	5	0	3	0.0
2182	Xanthorhoe	1	0	1	0.0
2183	Xanthorhoe fluctuata	1	0	1	0.0
2184	Xanthorhoe heliopharia	2	0	1	0.0
2185	Xanthorhoini	5	0	2	0.0
2186	Xenomacrus	6	0	2	0.0
2187	Xenomorphia	2	0	1	0.0
2188	Xenomorphia handschini	1	0	1	0.0
2189	Xenomorphia resurrecta	0	0	0	0.0
2190	Xyleborini	3	0	1	0.0
2191	Xylodromus affinis	4	0	1	0.0
2192	Yponomeutoidea	9	0	2	0.0
2193	Zerynthia	1	0	1	0.0
2194	Zhangsolvidae	2	0	1	0.0
2195	Zygaena carniolica	9	0	2	0.0
