1	Абсолютна система відліку	76	0	9	2.0
2	Абсолютний нуль	958	13	54	30.0
3	Автоколивання	1349	0	105	41.0
4	Автолізія	4	0	1	0.0
5	Агрегатний стан	5669	14	444	167.0
6	Адіабатичне наближення	56	0	9	1.5
7	Адіабатичне розмагнічування	33	0	5	1.0
8	Адіабатичний інваріант	7	0	2	0.0
9	Адрон	187	2	14	5.0
10	Аеродинаміка	824	4	50	25.0
11	Аеромеханіка	9	0	2	0.0
12	Азот	10457	24	676	338.0
13	Аксино	4	0	1	0.0
14	Аксіальний струм	4	0	1	0.0
15	Аксіон	42	0	6	1.0
16	Активна фазована антенна решітка	92	0	10	2.0
17	Актиній	93	0	10	2.0
18	Актиноїди	169	0	13	6.0
19	Акумулятор тепла	62	0	7	2.0
20	Акустика	1455	4	100	50.0
21	Акустичні фонони	10	0	2	0.5
22	Акустоконцентраційний ефект	1	0	1	0.0
23	Акустооптика	42	0	6	1.0
24	Алніко	17	0	3	0.5
25	Альбедо	2958	6	235	87.0
26	Альфа-спектрометр	7	0	2	0.0
27	Алюміній	7232	16	445	249.0
28	Аматорський радіозв'язок	167	1	13	5.0
29	Амбіполярна дифузія	11	0	4	1.0
30	Американське фізичне товариство	21	0	3	0.0
31	Америцій	98	0	8	3.0
32	Аморфні речовини	7313	9	590	193.0
33	Амплітуда ймовірності	20	0	3	1.0
34	Амплітуда розсіяння	5	0	2	0.0
35	Амплітудна маніпуляція	116	0	11	4.0
36	Амплітудна модуляція	1039	3	81	30.0
37	Аналітична механіка	7	0	2	0.0
38	Андреєвське відбиття	5	0	1	0.0
39	Анізотропний магнетоопір	11	0	4	0.0
40	Аніон	1642	2	113	58.0
41	Антиматерія	570	4	39	16.0
42	Антинейтрон	40	0	9	1.0
43	Антипротон	53	0	6	1.0
44	Антисвіт	8	0	2	0.0
45	Антисегнетоелектрики	16	0	4	0.0
46	Антиферомагнетики	94	0	13	3.0
47	Аргон	1559	5	106	53.0
48	Аромат (квантове число)	24	0	3	1.0
49	Арсен	1611	13	116	51.0
50	Арсенід алюмінію	9	0	2	0.0
51	Астат	561	3	95	14.0
52	Атмосфера (одиниця вимірювання)	477	4	33	15.0
53	Атмосферна акустика	6	0	2	0.0
54	Атом	8550	34	534	270.0
55	Атомна маса	1717	2	127	56.0
56	Атомна орбіталь	1113	0	80	35.0
57	Атомна рефракція	3	0	1	0.0
58	Атомна теорія Дальтона	13	0	2	1.0
59	Атомна фізика	507	0	82	13.0
60	Атомна, молекулярна і оптична фізика	49	0	9	1.0
61	Атомний номер	735	3	48	23.0
62	Атомний остов	11	0	3	0.0
63	Атомний радіус	787	2	55	26.0
64	Атрактивна взаємодія	6	0	1	0.0
65	Атрактор	332	2	34	10.0
66	Аутогезія	14	0	2	1.0
67	Балістика	1257	3	107	38.0
68	Барій	968	3	80	24.0
69	Баріони	116	0	9	3.0
70	Баріонний заряд	60	0	9	2.0
71	Басейн притягання	5	0	2	0.0
72	Батарея (електрика)	1342	5	106	45.0
73	Безелектродна лампа	17	0	2	1.0
74	Безперервний сигнал	43	0	10	0.5
75	Бекерель	231	1	20	7.0
76	Бер	290	2	21	9.0
77	Берилій	1181	0	74	38.0
78	Берклій	42	0	8	1.0
79	Бета-випромінювання	464	1	48	12.0
80	Бета-розпад	809	5	58	25.0
81	Бетатрон	32	0	5	1.0
82	Біекситон	5	0	1	0.0
83	Бінодаль	12	0	2	1.0
84	Біотехнічна система	16	0	3	1.0
85	Біполярний транзистор	3543	5	228	124.0
86	Бісмут	832	5	98	22.0
87	Біфуркація Андронова — Гопфа	43	0	8	1.0
88	Біфуркація подвоєння періоду	22	0	5	1.0
89	Ближнє поле	27	0	3	1.0
90	Бозон	240	2	15	8.0
91	Бозон Ґолдстоуна	3	0	1	0.0
92	Бозон Хіггса	747	12	38	24.0
93	Болометр	55	0	7	1.0
94	Бор	2116	12	119	62.0
95	Борій	70	0	9	2.0
96	Борнове наближення	1	0	1	0.0
97	Брана	29	0	5	0.5
98	Бреггівська дифракція	91	0	9	3.0
99	Бреґґівський пік	23	0	6	0.0
100	Брижі (хвилі)	80	0	10	2.0
101	Бром	3135	6	222	96.0
102	Броунівський рух	1863	3	119	55.0
103	Будівельна механіка	191	0	15	5.0
104	Будівельна фізика	93	1	7	3.5
105	Бульбашка Алькуб'єрре	44	0	6	1.0
106	В'язкоеластичність	11	0	2	0.0
107	Вага	3590	8	252	121.0
108	Валентна зона	155	0	17	3.0
109	Ванадій	557	1	38	19.0
110	Варіаційний принцип	11	0	3	0.0
111	Вейлівський напівметал	45	0	7	1.0
112	Вектор Бюргерса	31	0	5	1.0
113	Вектор поляризації	285	1	20	8.5
114	Вектор стану	54	0	8	1.0
115	Векторний потенціал	84	0	9	2.5
116	Великий адронний колайдер	1900	38	96	59.0
117	Великий канонічний ансамбль	46	0	11	1.0
118	Великий термодинамічний потенціал	26	0	4	1.0
119	Верх валентної зони	10	0	3	0.0
120	Вибух	862	2	50	28.0
121	Вимушене випромінювання	147	0	10	4.0
122	Вимушені коливання	5585	0	454	182.0
123	Випрямлення змінного струму	2234	8	173	64.0
124	Вироджений напівпровідник	52	0	6	2.0
125	Вихрові струми	1003	1	71	30.0
126	Вібронна спектроскопія	30	0	5	1.0
127	Вігнерівський кристал	14	0	3	1.0
128	Від'ємна диференційна провідність	63	0	9	2.0
129	Відбій	148	0	14	3.0
130	Віддзеркалення	46	0	4	2.0
131	Відносна густина	1043	5	88	32.0
132	Відпрацьоване ядерне паливо	112	1	10	4.0
133	Відстань	2897	7	223	86.0
134	Вільна енергія Гельмгольца	325	0	26	9.0
135	Вільне падіння	2879	15	181	103.0
136	Вільний параметр	6	0	2	0.0
137	Віріальне рівняння стану	5	0	2	0.5
138	Віріальні коефіцієнти	22	0	3	1.0
139	Віртуальна частинка	39	0	6	1.0
140	Віртуальні переміщення	15	0	2	0.0
141	Віскер (металургія)	19	0	2	1.0
142	Вісь	553	2	41	19.0
143	Вісь обертання	122	0	13	3.0
144	Вісь часу	94	0	8	3.0
145	Вічний двигун	911	6	59	29.0
146	Власна інформація	31	0	5	1.0
147	Власний напівпровідник	537	0	51	14.0
148	Власний час	49	0	6	2.0
149	Внутрішній імпеданс	2	0	1	0.0
150	Водень	8458	32	509	256.0
151	Вологість	705	1	75	21.0
152	Вольт-ампер	167	1	11	5.0
153	Вольфрам	1075	8	67	34.0
154	Впливна величина	9	0	2	0.0
155	Всеросійський науково-дослідний інститут експериментальної фізики	6	0	3	0.0
156	Втомне руйнування	114	0	11	3.0
157	Вторинна електронна емісія	88	0	9	3.0
158	Вторинне квантування	31	0	4	1.0
159	Вуглецеві наноконуси	15	0	2	1.0
160	Вуглецеві нанотрубки	623	2	48	18.0
161	Вуглець	8858	22	547	284.0
162	Гадоліній	138	0	11	5.0
163	Газовий розряд	1489	5	113	44.0
164	Газоструменевий випромінювач	41	0	11	1.0
165	Гал (фізична одиниця)	57	0	13	1.0
166	Галій	706	5	51	20.0
167	Гальванічний елемент	7027	8	443	223.0
168	Гальмівний шлях	1051	3	66	35.0
169	Гамільтоніан	201	0	19	6.0
170	Гамма-промені	4310	7	390	101.0
171	Гамма-спалахи	106	0	6	4.0
172	Гамма-спектроскопія	11	0	3	0.0
173	Гармата Гауса	177	0	13	5.0
174	Гармонічні коливання	10028	13	751	337.0
175	Гасій	92	0	7	3.0
176	Гафній	179	1	13	5.0
177	Гелій	2277	16	154	77.0
178	Гелій-3	107	1	7	3.0
179	Гелій-4	44	0	7	1.0
180	Генерація другої гармоніки	67	0	9	2.0
181	Генерація носіїв заряду	91	0	10	3.0
182	Геометрична оптика	423	0	29	16.0
183	Геофізика	217	0	19	7.0
184	Германій	663	8	41	20.0
185	Герц	2557	12	157	83.0
186	Гетеродин	119	0	11	4.0
187	Гетероструктури	23	0	3	1.0
188	Гідроаеродинаміка	28	0	3	1.0
189	Гідрофон	13	0	2	1.0
190	Гіперболічна траєкторія	16	0	4	0.5
191	Гіперзвукова швидкість	171	1	21	4.0
192	Гіперони	21	0	3	1.0
193	Гіпотеза Ампера	350	0	32	10.0
194	Гіромагнітне співвідношення	88	0	12	3.0
195	Глісування	26	0	5	1.0
196	Глушник мобільних телефонів	43	0	8	1.0
197	Глюбол	23	0	4	0.5
198	Глюон	122	0	13	3.0
199	Головне квантове число	299	2	23	10.0
200	Голономний зв'язок	18	0	4	0.0
201	Гольмій	63	0	5	2.0
202	Гомопауза	6	0	1	0.0
203	Горизонт Коші	6	0	2	0.0
204	Горизонт подій	267	1	26	9.0
205	Гравітаційна сингулярність	306	3	21	9.0
206	Гравітаційне поле	484	0	33	18.0
207	Гравітаційне реліктове випромінювання	5	0	2	0.0
208	Гравітаційний радіус	147	1	15	3.0
209	Гравітація	5194	35	321	177.0
210	Гравітино	23	0	4	0.0
211	Гравітон	115	1	11	3.0
212	Границя міцності	1258	0	103	43.0
213	Гранична швидкість	32	0	3	1.0
214	Граничні умови Борна-Кармана	21	0	5	1.0
215	Графен	1327	16	79	45.0
216	Групова швидкість	197	0	15	6.0
217	Густина енергії	558	0	36	19.0
218	Густина потоку частинок	64	0	6	2.0
219	Густина станів	112	0	15	3.0
220	Густина струму	1265	4	85	41.0
221	Ґратка Бете	9	0	2	0.0
222	Давидівське розщеплення	6	0	3	0.0
223	Дальній порядок	67	0	10	2.0
224	Дармштадтій	95	0	12	2.0
225	Дарсі (одиниця)	18	0	3	0.0
226	Двомірна ядерна магнітно-резонансна спектроскопія	11	0	2	0.5
227	Двофотонне збудження	3	0	1	1.0
228	Дебай	92	0	12	2.0
229	Дейтерій	414	4	23	12.0
230	Дейтрон	33	0	4	1.0
231	Декстерів перенос енергії	7	0	2	0.5
232	Делокалізований стан	28	0	4	1.0
233	Дельта-баріон	23	0	6	0.0
234	Детермінант Слейтера	27	0	5	0.5
235	Детермінований хаос	131	0	11	3.0
236	Дефект маси	481	0	35	15.0
237	Деформаційний потенціал	11	0	4	0.0
238	Деформація	3827	13	233	140.0
239	Деформація згину	1271	3	80	42.0
240	Деформація зсуву	814	0	59	28.0
241	Деформація кручення	935	0	75	35.0
242	Децибел	1204	7	79	41.0
243	Дециметрові хвилі	177	0	17	4.0
244	Дзеркало	1290	10	97	40.0
245	Дивність	29	0	3	1.0
246	Дилатон	11	0	2	0.0
247	Динамічна рівновага	639	0	70	20.0
248	Директор (рідкий кристал)	18	0	3	1.0
249	Дислокація (кристалографія)	122	0	9	4.0
250	Дисперсійні сили	60	0	7	2.0
251	Дисперсія світла	3202	1	234	87.0
252	Диспрозій	95	0	21	2.0
253	Диференціальний переріз розсіювання	56	0	6	2.0
254	Диференціатор	126	0	11	3.0
255	Дифракційна ґратка	1625	1	111	53.0
256	Дифракція	4019	7	249	145.0
257	Дифузійний струм	106	0	9	3.0
258	Дифузія	5540	11	325	189.0
259	Дифузія за законом Арреніуса	7	0	2	0.0
260	Дифузне відбиття світла	363	0	36	9.0
261	Діаграма станів (хімія)	3	0	1	0.0
262	Діаграма Фейнмана	87	0	9	2.5
263	Діамагнетики	1006	0	85	31.0
264	Діелектрична сприйнятливість	107	0	10	3.0
265	Діелектричне дзеркало	20	0	3	1.0
266	Дійсна густина	18	0	4	1.0
267	Дійсне зображення	289	0	43	6.0
268	Діод Зенера	802	4	60	26.0
269	Дірка (квазічастинка)	327	0	25	9.0
270	Дірка Фермі	2	0	2	0.0
271	Діркова телепортація	8	0	2	0.0
272	Дно зони провідності	7	0	1	0.0
273	Довгі хвилі	664	1	66	16.0
274	Довжина вільного пробігу	475	0	35	16.0
275	Довжина хвилі	25377	16	3042	395.0
276	Доплерівське розширення	17	0	2	1.0
277	Дослід радіоактивності Антуаном Анрі Беккерелем	59	0	9	2.0
278	Дослід Штерна-Герлаха	407	2	45	10.0
279	Доцентрове прискорення	1734	5	106	60.0
280	Дробовий квантовий ефект Холла	15	0	3	0.0
281	Дроплетон	11	0	2	0.0
282	Друга в'язкість	9	0	2	0.5
283	Друга космічна швидкість	1488	9	103	49.0
284	Другий звук	8	0	3	0.0
285	Дуант	9	0	2	0.0
286	Дубній	97	0	9	3.0
287	Духи Фаддєєва — Попова	19	0	7	0.0
288	Еванесцентне поле	32	0	3	1.0
289	Евтектика	402	1	35	10.0
290	Ейнштейн (одиниця)	14	0	3	0.0
291	Ейнштейній	67	0	8	2.0
292	Ейрі кільця	8	0	2	0.0
293	Екзотичний атом	8	0	2	0.0
294	Екранування заряду	91	0	9	3.0
295	Ексимерна люмінесценція	3	0	1	0.0
296	Ексиплексна люмінесценція	6	0	3	0.0
297	Екситон	83	0	10	3.0
298	Екситон Ваньє-Мотта	14	0	3	0.5
299	Екситон Френкеля	10	0	3	1.0
300	Експеримент з олійними краплями	110	0	12	3.0
301	Експеримент Майкельсона — Морлі	225	1	25	5.0
302	Ексцентриситет орбіти	312	0	26	9.0
303	Електрети	56	0	7	1.0
304	Електрика	2819	18	171	99.0
305	Електрична енергія	2825	7	239	92.0
306	Електрична напруга	5651	21	310	210.0
307	Електричне коло	2890	4	187	92.0
308	Електричне поле	4845	10	286	193.0
309	Електричний дипольний момент	616	4	49	19.0
310	Електричний заряд	4435	17	301	132.0
311	Електричний імпеданс	539	2	31	20.0
312	Електричний потік	184	0	16	5.0
313	Електроадгезія	3	0	1	0.0
314	Електроізоляція	426	1	47	10.0
315	Електрокалоричний ефект	7	0	2	0.0
316	Електромагнітна індукція	6393	12	401	228.0
317	Електромагнітна хвиля	32382	16	3562	562.0
318	Електромагнітне випромінювання	8369	8	850	196.0
319	Електромагнітне поле	4115	6	392	92.0
320	Електрон	2238	15	126	71.0
321	Електрон провідності	123	0	13	3.0
322	Електрон-діркова рідина	33	0	4	1.0
323	Електрон-фононна взаємодія	21	0	3	1.0
324	Електронна гармата	71	0	7	2.0
325	Електронна густина	256	1	26	5.0
326	Електронна енергія	3	0	1	0.5
327	Електронна лавина	24	0	5	1.0
328	Електронна оболонка	1763	3	125	46.0
329	Електронна пара	739	2	77	17.0
330	Електронна спектроскопія	89	0	12	3.0
331	Електронне нейтрино	51	0	7	1.0
332	Електронний генератор	546	1	38	18.0
333	Електронний мікроскоп	825	3	50	28.0
334	Електронний парамагнітний резонанс	421	3	35	12.0
335	Електронний стан	22	0	3	1.0
336	Електронно-променева установка	4	0	1	0.0
337	Електрооптичний ефект	88	0	15	2.0
338	Електрорушійна сила	5970	5	350	218.0
339	Електростатика	711	1	42	26.0
340	Електростатична індукція	235	1	16	7.0
341	Електростатична лінза	24	0	7	1.0
342	Електростатичний генератор Ван де Граафа	120	0	9	4.0
343	Електростатичний потенціал	2633	9	155	83.0
344	Елементарна частинка	1037	6	86	33.0
345	Емітанс пучка	1	0	1	0.0
346	Енергетичний рівень	462	1	37	13.0
347	Енергетичний спектр	147	0	15	4.0
348	Енергія вакууму	58	0	5	2.0
349	Енергія зв'язку	476	1	34	14.0
350	Еніон	3	0	1	0.0
351	Ентропія змішування	16	0	4	0.0
352	Ербій	79	0	7	2.0
353	Ергодична гіпотеза	26	0	4	1.0
354	Ета-мезон	14	0	3	0.0
355	Ефект Вігнера	23	0	3	1.0
356	Ефект де Гааза-ван Альфена	4	0	2	0.0
357	Ефект Джоуля-Томсона	212	0	18	6.0
358	Ефект Доплера	2591	8	196	75.0
359	Ефект Зеемана	263	1	31	7.0
360	Ефект Зеєбека	388	1	32	13.0
361	Ефект Казимира	91	0	14	2.0
362	Ефект Керра	80	0	10	3.0
363	Ефект Кея	10	0	2	0.0
364	Ефект конденсатного диску	64	0	15	2.0
365	Ефект Кондо	20	0	4	1.0
366	Ефект Коттона — Мутона	17	0	5	0.0
367	Ефект Мейснера	89	0	12	2.0
368	Ефект Міхеєва — Смирнова — Вольфенштейна	2	0	1	0.0
369	Ефект Нернста	20	0	4	1.0
370	Ефект Овергаузера	7	0	2	0.0
371	Ефект Оже	83	0	8	2.5
372	Ефект Пельтьє	311	2	39	10.0
373	Ефект Перселла	3	0	2	0.0
374	Ефект Рамана	10	0	4	0.0
375	Ефект Рамзауера	77	0	8	2.0
376	Ефект Рашби	13	0	3	0.0
377	Ефект Реннера	0	0	0	0.0
378	Ефект Реннера — Теллера	3	0	2	0.0
379	Ефект Тіндаля	373	0	29	10.0
380	Ефект Томсона	176	1	14	5.0
381	Ефект Фарадея	134	0	17	3.0
382	Ефект Франца-Келдиша	5	0	2	0.0
383	Ефект Штарка	52	0	4	2.0
384	Ефективна густина станів	42	0	4	1.0
385	Ефективна маса	100	0	10	3.0
386	Ефективна площа розсіювання	110	0	14	3.0
387	Ефективна температура	88	0	10	3.0
388	Ефективний коефіцієнт розмноження нейтронів	40	0	5	1.0
389	Ехолокація	3272	1	409	51.0
390	Європій	72	0	7	2.0
391	Жаропродуктивність	9	0	2	0.5
392	Загальна коваріантність	19	0	4	0.0
393	Задача трьох тіл	124	0	11	3.0
394	Закон Ампера	4432	5	279	154.0
395	Закон Архімеда	3455	24	178	121.0
396	Закон Беца	29	0	6	1.0
397	Закон Бугера — Ламберта — Бера	872	3	53	29.0
398	Закон всесвітнього тяжіння	5870	12	348	209.0
399	Закон Гука	5240	6	296	167.0
400	Закон Ґейґера — Неттола	5	0	2	0.0
401	Закон Дальтона	553	0	41	19.0
402	Закон Дебая	31	0	4	1.0
403	Закон Джоуля — Ленца	2930	15	173	94.0
404	Закон дисперсії	293	2	18	11.0
405	Закон Дюлонга — Пті	114	0	10	3.0
406	Закон збереження енергії	7225	19	457	239.0
407	Закон збереження імпульсу	4180	13	249	134.0
408	Закон збереження маси	1752	6	113	59.0
409	Закон Мозлі	233	0	20	8.0
410	Закон рівнорозподілу	146	0	18	3.0
411	Закон Снеліуса	483	0	39	11.0
412	Закони термодинаміки	1027	7	72	34.0
413	Закони Фіка	690	1	41	23.0
414	Залишкова намагніченість	40	0	6	1.0
415	Залізний пік	3	0	1	0.0
416	Залізо	7551	30	451	239.0
417	Заломлення	3566	4	446	108.0
418	Замерзання	137	0	11	4.0
419	Запізнення	38	0	5	1.5
420	Заряджена частинка	429	0	39	10.0
421	Заряджений струм	2	0	1	0.0
422	Зарядове спряження	14	0	2	0.0
423	Збіднений уран	31	0	4	1.0
424	Зброя спрямованої енергії	48	0	6	1.0
425	Збуджений стан квантовомеханічної системи	45	0	5	1.0
426	Зведена маса	96	0	16	2.0
427	Зворотність	89	0	12	2.0
428	Звукова енергія	50	0	6	1.0
429	Звуковий удар	139	0	61	2.0
430	Згасаюча хвиля	21	0	5	0.0
431	Зминання	53	0	8	1.0
432	Змінний конденсатор	214	0	30	6.0
433	Змінний струм	10444	29	642	385.0
434	Змінні дія — кут	8	0	2	0.0
435	Золото	4060	36	249	133.0
436	Зона провідності	154	1	15	3.0
437	Зонне плавлення	58	0	7	2.0
438	Зоряний нуклеосинтез	54	0	14	1.0
439	Ізобари (ядерна фізика)	98	0	9	3.0
440	Ізовалентна домішка	4	0	1	0.0
441	Ізоентропійний процес	39	0	3	1.0
442	Ізолятор Мотта	6	0	2	0.0
443	Ізотермічний процес	3411	2	222	105.0
444	Ізотопи	2455	12	142	75.0
445	Ізотопічний спін	41	0	7	1.0
446	Ізотопна поширеність	10	0	2	0.0
447	Імплозія (фізика)	31	0	3	1.0
448	Імпульсна модуляція	394	0	31	12.5
449	Імпульсно-кодова модуляція	303	3	22	10.0
450	Інваріант (фізика)	64	0	9	1.5
451	Інваріанти електромагнітного поля	39	0	5	1.5
452	Інверсна заселеність	112	0	18	3.0
453	Індій	259	0	22	6.0
454	Індуктивність	5400	14	346	181.0
455	Індукційний струм	2105	0	161	65.0
456	Інерційна система відліку	1754	2	104	51.0
457	Інерція	4241	11	263	151.0
458	Інжекція носіїв заряду	113	0	12	4.0
459	Інженерно-фізичний факультет НТУУ «КПІ»	14	0	2	0.5
460	Інкремент наростання	11	0	3	0.5
461	Інтеграл вздовж траєкторій	40	0	5	1.0
462	Інтеграл перекриття	6	0	4	0.0
463	Інтенсивна величина	48	0	10	1.0
464	Інтеркомбінаційна конверсія	26	0	5	0.0
465	Інтерференція хвиль	1802	5	136	61.0
466	Інтерферометр Майкельсона	109	0	10	4.0
467	Інтерферометр Фабрі-Перо	73	0	11	2.0
468	Інформаційна ентропія	1322	9	79	41.0
469	Інфразвук	9134	4	699	237.0
470	Інфразвукова зброя	293	0	27	9.0
471	Іон	3165	12	205	94.0
472	Іонізаційна рівновага	17	0	3	1.0
473	Іоністор	237	2	17	7.0
474	Іонна пастка	8	0	2	0.0
475	Іонний звук	9	0	2	0.0
476	Іпсилон-мезон	10	0	2	0.0
477	Іридій	326	1	20	10.0
478	Іскрова камера	21	0	6	0.0
479	Іскровий розряд	391	0	35	9.0
480	Історія механіки	372	0	29	12.5
481	Історія телескопа	1425	1	107	42.0
482	Історія фізики	618	2	38	19.0
483	Ітербій	64	0	7	2.0
484	Ітрій	198	0	21	5.0
485	Йод	4655	15	302	137.0
486	Йод-131	187	0	19	4.0
487	Йодид калію	702	5	43	22.0
488	Йонний кристал	2436	1	223	74.0
489	Кадмій	715	5	45	22.0
490	Калібрувальна інваріантність	36	0	4	1.0
491	Калібрувальний бозон	41	0	7	1.0
492	Калій	3119	11	213	100.0
493	Каліфорній	287	1	20	10.0
494	Калорія	879	8	45	28.0
495	Кальцій	3439	9	217	114.0
496	Камера Вільсона	536	1	45	15.0
497	Каналювання	5	0	1	0.0
498	Канонічне перетворення	58	1	9	2.0
499	Канонічний ансамбль (фізика)	37	0	9	1.0
500	Каони	38	0	6	1.0
501	Капілярний ефект	567	0	37	18.0
502	Каустика	31	0	3	1.0
503	Квадратурно-амплітудна модуляція	283	2	29	7.0
504	Квадратурно-фазова модуляція	54	0	8	1.0
505	Квадрупольний момент	57	0	6	1.0
506	Квазікласичне наближення	38	0	5	1.0
507	Квазікристал	46	0	6	1.0
508	Квазічастинка	107	0	9	3.0
509	Квант магнітного потоку	31	0	5	1.0
510	Квантова гравітація	126	1	8	4.0
511	Квантова декогеренція	53	0	8	1.0
512	Квантова дротина	22	0	4	0.5
513	Квантова інформація	43	0	10	1.0
514	Квантова криптографія	84	0	8	2.5
515	Квантова логіка	23	0	3	1.0
516	Квантова механіка	1373	17	69	46.0
517	Квантова телепортація	106	0	10	3.0
518	Квантова точка	175	0	14	4.0
519	Квантова тривіальність	3	0	1	0.0
520	Квантова хімія	112	0	11	3.0
521	Квантова хромодинаміка	74	0	10	2.0
522	Квантова яма	54	0	6	1.0
523	Квантовий байєсіанізм	19	0	3	1.0
524	Квантовий вихід	96	0	12	2.0
525	Квантовий ефект	6	0	1	0.0
526	Квантовий ефект Холла	57	0	8	1.0
527	Квантовий комп'ютер	1081	13	62	33.0
528	Квантовий перехід	24	0	4	1.0
529	Квантовий стан	129	0	13	3.0
530	Квантовий стрибок	88	0	10	2.0
531	Квантовий хаос	5	0	1	0.0
532	Квантування Дірака	2	0	1	0.0
533	Кварк	750	11	43	23.0
534	Кварконій	10	0	4	0.0
535	Кільця Ньютона	255	0	28	7.0
536	Кінематика	2360	5	154	76.0
537	Кінетична енергія	8969	9	580	328.0
538	Кінетична теорія	1786	4	137	54.0
539	Кінетичне рівняння	145	0	13	4.5
540	Кінцевий ефект	36	0	5	1.0
541	Класична електродинаміка	1415	1	107	41.0
542	Класична фізика	60	0	5	2.0
543	Кластер (фізика)	39	0	7	1.0
544	Клин (механіка)	133	0	17	3.0
545	Клістрон	113	0	18	3.0
546	Кліщі вимірювальні	64	0	5	3.0
547	КМОН	445	1	32	14.0
548	Кобальт	1082	6	71	34.0
549	Когезія	332	1	23	10.0
550	Когерентність	1915	9	142	63.0
551	Коефіцієнт дифузії	407	4	32	12.5
552	Коефіцієнт екстинкції	141	0	12	4.5
553	Коефіцієнт жорсткості	6439	1	476	224.0
554	Коефіцієнт корисної дії	5932	10	464	216.0
555	Коефіцієнт підсилення антени	231	1	20	7.0
556	Коефіцієнт рекомбінації	8	0	2	0.0
557	Коефіцієнт самодифузії	24	0	3	1.0
558	Коефіцієнт теплового розширення	525	1	40	18.0
559	Колайдер	233	1	20	8.0
560	Колапс хвильової функції	72	0	12	2.0
561	Коливальний контур	7646	4	632	246.0
562	Коливання	23370	14	1402	804.0
563	Коліматор	119	0	9	4.0
564	Колірна температура	710	7	41	24.0
565	Кольоровий заряд	58	0	8	2.0
566	Комірка Вігнера — Зейтца	16	0	2	1.0
567	Компенсований напівпровідник	12	0	2	1.0
568	Комплекс з переносом заряду	14	0	3	1.0
569	Композити	1058	5	81	35.0
570	Комптонівське розсіювання	421	1	36	11.0
571	Конденсація Бозе — Ейнштейна	158	1	10	5.0
572	Контактна різниця потенціалів	326	0	33	9.0
573	Конфайнмент	60	0	6	2.0
574	Копенгагенська інтерпретація	64	0	14	2.0
575	Коперницій	128	0	18	4.0
576	Кореляційна енергія	17	0	4	0.0
577	Коронний розряд	457	1	45	12.0
578	Космологічна сингулярність	121	1	8	4.0
579	Космологічна стала	90	0	23	2.0
580	Космологічний масштабний фактор	8	0	2	0.0
581	Котушка Гельмгольца	26	0	6	1.0
582	Криптон	400	1	26	11.0
583	Кристалізація сплавів	357	0	34	10.0
584	Критерій Ліндеманна	8	0	1	0.5
585	Критична точка	236	0	18	7.0
586	Критичний тиск	53	0	7	2.0
587	Критичні індекси	21	0	2	1.0
588	Кріоелектронна мікроскопія	92	0	10	2.0
589	Кріолюмінесценція	10	0	2	0.0
590	Крутильні ваги	15	0	9	0.0
591	Ксенон	430	4	26	13.0
592	Ксі-баріон	11	0	2	0.0
593	Кубічний метр	2461	24	140	82.0
594	Кулон (одиниця)	676	3	42	23.0
595	Куперівська пара	51	0	6	1.5
596	Кут Брюстера	436	1	65	11.0
597	Кут змочування	230	0	20	6.5
598	Кутова модуляція	71	0	10	2.0
599	Кутова швидкість	3563	10	230	121.0
600	Кутове прискорення	1576	7	121	49.0
601	Кюрій	67	0	5	2.0
602	Лабораторна система	11	0	2	1.0
603	Лазер на вільних електронах	29	0	3	1.0
604	Лазерна абляція	29	0	4	1.0
605	Лазерний гіроскоп	75	0	6	2.0
606	Лазерний далекомір	106	0	9	3.0
607	Лампа біжної хвилі	58	0	8	1.0
608	Лантан	128	0	11	4.0
609	Лантаноїди	346	2	28	10.0
610	Ланцюгова реакція	456	1	30	13.0
611	Ларморова частота	24	0	3	1.0
612	Лембів зсув	37	0	6	1.0
613	Лептон	200	1	16	6.0
614	Лептонний заряд	29	0	3	1.0
615	Ліверморій	97	0	18	3.0
616	Ліквідус	82	0	8	2.0
617	Лінза	5262	4	664	129.0
618	Лінійне середовище	8	0	2	1.0
619	Лінійчастий спектр	567	0	45	19.0
620	Літій	2207	8	137	73.0
621	Лічильник Гейгера	573	3	37	19.0
622	Локалізація Андерсона	13	0	3	0.0
623	Локалізований плазмон	28	0	4	1.0
624	Локалізований стан	56	0	10	2.0
625	Лоренц-коваріантність	19	0	4	1.0
626	Лоуренсій	105	0	13	3.0
627	Лужна батарейка	523	4	28	18.0
628	Луна (акустичне явище)	1404	0	118	37.0
629	Людвіг Валентин Лоренц	3	0	1	0.0
630	Люмінесценція	1035	3	69	32.0
631	Лютецій	215	0	51	2.0
632	Лямбда-баріон	33	0	7	1.0
633	Лямбда-точка	15	0	4	0.5
634	М-теорія	82	0	6	2.0
635	Магічні числа	49	0	6	2.0
636	Магічні ядра	46	0	4	1.5
637	Магнетизм	808	5	47	24.0
638	Магнетон Бора	104	0	11	4.0
639	Магнетоопір	83	0	8	2.0
640	Магнетрон	726	9	77	20.0
641	Магній	3586	7	232	134.0
642	Магнітна еквівалентність	0	0	0	0.0
643	Магнітна лінза	41	0	10	1.0
644	Магнітне динамо	27	0	5	0.0
645	Магнітне екранування ядра	2	0	1	0.0
646	Магнітне квантове число	289	1	21	8.0
647	Магнітне перез'єднання	10	0	3	0.0
648	Магнітний домен	69	0	6	3.0
649	Магнітний момент	682	4	41	25.0
650	Магнітний момент протона	6	0	1	0.0
651	Магнітний монополь	73	0	8	2.0
652	Магнітний перехід	3	0	1	0.0
653	Магнітний потік	4227	3	319	150.0
654	Магнітний резонанс	252	0	23	7.0
655	Магнітогідродинаміка	25	0	4	1.0
656	Магніторушійна сила	179	0	18	5.0
657	Магнон	42	0	6	1.0
658	Майорон	11	0	2	0.0
659	Майстер-рівняння	5	0	1	0.0
660	Майтнерій	47	0	5	2.0
661	Манган	2914	10	182	92.0
662	Маса електрона	464	2	43	13.0
663	Масове число	953	3	72	24.0
664	Матеріал	920	1	56	31.0
665	Матеріальна точка	2169	2	154	63.0
666	Матриці Дірака	22	0	3	1.0
667	Матриця густини	51	0	11	1.0
668	Матриця розсіяння	40	0	7	1.0
669	Матрична механіка	39	0	4	1.0
670	Маятник	4349	2	363	125.0
671	Межа Чандрасекара	102	0	12	3.0
672	Мезони	109	1	9	3.0
673	Мезоскопічна фізика	9	0	2	0.0
674	Менделевій	54	0	5	2.0
675	Металічний водень	33	0	7	1.0
676	Металічний зв'язок	3143	5	228	105.0
677	Метастабільний стан	122	0	13	4.0
678	Метод Гартрі — Фока	46	0	7	1.0
679	Метод матриць переходу	15	0	4	1.0
680	Метод Чохральського	156	0	14	4.0
681	Метрика простору-часу	55	0	8	1.0
682	Метрика Фрідмана-Леметра-Робертсона-Вокера	40	0	6	1.0
683	Метрика Шварцшильда	47	0	4	1.0
684	Механізм Хіггса	62	0	8	1.0
685	Механічна рівновага	2234	3	147	74.0
686	Мідь	6275	20	370	187.0
687	Міжатомна взаємодія	122	0	14	3.0
688	Міжнародний експериментальний термоядерний реактор	330	4	20	11.0
689	Мікроскопічний масштаб	17	0	3	0.0
690	Міліметрові хвилі	145	0	21	4.0
691	Мільйонна частка	504	0	65	14.0
692	Модель Габбарда	9	0	2	1.0
693	Модель Гарячого Всесвіту	50	0	6	1.0
694	Модель желе	6	0	1	0.0
695	Модель Ізінга	29	0	3	1.0
696	Модифікована ньютонівська динаміка	9	0	2	0.5
697	Модулі пружності	248	0	21	8.0
698	Модулометр	9	0	3	0.0
699	Модуль зсуву	409	0	28	13.0
700	Модуль Юнга	2133	4	148	65.0
701	Модуляція (фізика)	1720	6	120	47.0
702	Модуляція добротності	23	0	4	1.0
703	Молекула	4857	22	275	176.0
704	Молекулярна динаміка	48	0	7	1.0
705	Молекулярна орбіталь	107	0	9	4.0
706	Молекулярна рефракція	64	0	15	2.0
707	Молекулярні кристали	279	0	38	8.0
708	Молекулярно-променева епітаксія	57	0	7	1.5
709	Молібден	896	6	64	27.0
710	Момент сили	5948	15	357	225.0
711	Монохроматична плоска хвиля	526	1	44	15.0
712	Монохроматор	60	0	11	1.0
713	Монохромія	203	1	19	6.5
714	Московій	167	0	18	5.0
715	Мультиплетність	51	0	9	1.0
716	Мультипольний момент	18	0	3	1.0
717	Мюон	113	0	7	4.0
718	Мюоній	16	0	4	0.5
719	Наближення ефективного середовища	8	0	3	0.5
720	Наближення сильного зв'язку	16	0	2	1.0
721	Нагніт лазера	8	0	2	1.0
722	Надвипромінювання Діке	3	0	1	0.0
723	Надґратка	63	0	10	1.0
724	Надзвукова швидкість	901	7	59	26.0
725	Надкритична рідина	28	0	8	1.0
726	Надплинність	122	1	8	4.0
727	Надпорогова іонізація	2	0	1	0.0
728	Надтверді матеріали	57	0	9	1.0
729	Нанодротини	36	0	6	1.0
730	Наноелектромеханічні системи	26	0	2	1.0
731	Наноіоніка	3	0	1	0.0
732	Нанооболонка	4	0	1	0.0
733	Наноскопічний масштаб	9	0	4	0.0
734	Нанотехнології	3578	13	283	109.0
735	Наночастинка	354	2	28	11.0
736	Напівметал (спінтроніка)	9	0	3	0.0
737	Напівпровідник	5333	10	328	179.0
738	Напівпровідник p-типу	672	0	58	21.0
739	Напівтінь	237	0	35	6.0
740	Напруженість магнітного поля	1276	6	80	42.0
741	Напруження	1832	2	112	59.0
742	Народження пар	45	0	7	1.0
743	Насичена пара	1424	1	87	54.0
744	Нат (одиниця вимірювання)	19	0	2	1.0
745	Натрій	3962	17	258	117.0
746	Наукова містифікація	11	0	3	0.0
747	Небо	532	3	47	14.0
748	Нейтраліно	17	0	3	1.0
749	Нейтральна частинка	58	0	6	2.0
750	Нейтрино	760	6	50	25.0
751	Нейтрон	1361	9	101	44.0
752	Нейтронно-адсорбційний аналіз	3	0	2	0.0
753	Нелінійна система	425	0	28	12.0
754	Нематик	116	0	12	3.0
755	Ненасичена пара	472	0	58	11.0
756	Неодим	211	1	16	7.0
757	Неон	986	5	65	31.0
758	Непрямий екситон	1	0	1	0.0
759	Нептуній	118	0	11	3.0
760	Нерозв'язані проблеми фізики	186	1	16	5.0
761	Нікель	1205	5	75	37.0
762	Ніобій	253	1	25	7.0
763	Ніхоній	198	0	32	5.0
764	Нобелій	49	0	6	1.0
765	Нормальний порядок	6	0	2	0.0
766	Нормальні коливання	122	0	13	4.0
767	Нормальні умови	763	1	50	22.0
768	Носії заряду	1145	3	113	29.0
769	Нотація бра-кет	41	0	4	1.0
770	Нотація Фогта	25	0	9	0.0
771	Нуклеація	41	0	5	1.0
772	Нуклеосинтез	150	0	14	5.0
773	Нуклід	617	3	46	21.0
774	Нуклон	346	1	25	11.0
775	Нульовий звук	7	0	2	0.0
776	Нульовий стан квантової системи	10	0	2	0.0
777	Нульові коливання	30	0	3	1.0
778	Об'єднана теорія поля	52	0	5	2.0
779	Об'єднаний інститут ядерних досліджень	35	0	6	1.0
780	Обернений простір	36	0	13	1.0
781	Обернений сантиметр	35	0	4	1.0
782	Обертання	3368	5	238	81.0
783	Обійдені ядра	5	0	2	0.0
784	Область збіднення	18	0	3	0.5
785	Обмінна взаємодія	53	0	8	1.0
786	Оболонкова модель ядра	44	0	5	2.0
787	Обчислювальна гідродинаміка для зміни фази матеріалів	6	0	2	0.5
788	Обчислювальна механіка	4	0	2	0.0
789	Обчислювальна фізика	57	0	5	2.0
790	Оганесон	409	4	23	12.0
791	Одноатомний газ	38	0	4	1.0
792	Одноелектронне наближення	40	0	4	1.5
793	Оже-рекомбінація	25	0	15	1.0
794	Оже-спектроскопія	88	0	11	3.0
795	Оксиген	10295	9	685	283.0
796	Омега-баріон	10	0	2	0.0
797	Омега-мезон	12	0	3	1.0
798	Омічний контакт	38	0	7	1.0
799	Ондулятор	23	0	3	1.0
800	Оперативний запас реактивності	18	0	8	1.0
801	Оператор еволюції	16	0	3	1.0
802	Оператор числа частинок	3	0	1	0.0
803	Оператори народження та знищення	64	0	9	1.0
804	Операція молекулярної машини	5	0	2	0.0
805	Опорний сигнал	67	0	7	2.0
806	Опромінення	594	1	38	20.0
807	Оптика тонких плівок	52	0	13	2.0
808	Оптична активність	145	0	12	5.0
809	Оптична вісь	226	0	37	6.0
810	Оптична вісь кристалу	25	0	11	0.0
811	Оптична густина	855	2	77	20.0
812	Оптична сила	2077	1	381	42.0
813	Оптична теорема	4	0	1	0.0
814	Оптичне випромінювання	385	0	32	10.0
815	Оптичний параметричний осцилятор	12	0	1	1.0
816	Оптичний стіл	5	0	1	0.0
817	Оптичний телескоп	524	0	42	15.0
818	Оптичний фонон	19	0	3	0.5
819	Оптично активні речовини	125	0	11	3.0
820	Оптоволокно	1637	13	94	55.0
821	Орбітальне квантове число	313	1	23	9.0
822	Орбітон	1	0	1	0.0
823	Органічний світлодіод	474	1	29	15.0
824	Органічні напівпровідники	100	0	16	2.5
825	Освітленість	1756	7	126	62.0
826	Осмій	349	3	21	11.0
827	Основна фізична величина	330	1	21	10.0
828	Осцилятор Лоренца	11	0	2	0.0
829	Осциляції нейтрино	30	0	4	1.0
830	Осциляції Рабі	8	0	1	1.0
831	Осциляції Шубнікова — де Гааза	6	0	2	0.0
832	П'єзоелектрики	304	0	27	10.0
833	П'єзоефект	506	2	36	16.0
834	Паладій	568	11	29	18.0
835	Пара	561	1	42	17.0
836	Парадокс близнят	203	1	20	5.0
837	Парадокс Еренфеста	8	0	1	0.0
838	Парадокс субмарини	30	0	4	1.0
839	Парамагнетики	1173	2	85	35.0
840	Пасивна радіолокація	243	0	27	6.0
841	Пентакварк	26	0	5	1.0
842	Перетворення Гільберта	47	0	6	1.0
843	Перехресна ентропія	56	0	8	1.5
844	Період напіврозпаду	1286	5	78	42.0
845	Питомий імпульс	65	0	11	2.0
846	Питомий коефіцієнт поглинання електромагнітної енергії	59	0	6	2.0
847	Піони	86	0	7	2.0
848	Плазмон	88	0	14	2.0
849	Платина	1096	10	60	36.0
850	Плутоній	461	4	29	14.0
851	Плутоній-239	267	0	27	8.0
852	Повне внутрішнє відбиття	1037	1	67	37.0
853	Поділ ядра	704	3	64	21.0
854	Позитрон	315	2	21	8.0
855	Позитроній	21	0	3	1.0
856	Полоній	427	1	32	12.0
857	Поляритон	35	0	3	1.0
858	Полярон	24	0	3	1.0
859	Померон	8	0	2	0.0
860	Попов Олександр Степанович	854	5	72	23.0
861	Посудина Дьюара	193	0	21	5.0
862	Поширення радіохвиль	2111	1	195	48.0
863	Празеодим	150	0	27	4.0
864	Припустиме затухання	2	0	2	0.0
865	Проєкт Y	13	0	3	1.0
866	Прометій	83	0	5	3.0
867	Протактиній	64	0	9	1.0
868	Протій	75	0	6	2.0
869	Протон	1848	10	110	56.0
870	Радар	1023	2	95	29.0
871	Радар із синтезованою апертурою	74	0	7	2.0
872	Радіаційна аварія	477	0	36	12.0
873	Радій	605	4	39	19.0
874	Радіоелектронна протидія	61	0	6	2.0
875	Радіозв'язок	1586	5	148	46.0
876	Радіолокаційні перешкоди	75	0	11	2.0
877	Радіофотонна РЛС	35	0	4	1.0
878	Радон	552	2	36	15.0
879	Реактивний рух	3502	6	284	105.0
880	Резерфордій	106	0	12	3.0
881	Рейкотрон	119	0	8	4.0
882	Реній	215	1	17	6.0
883	Рентгеній	82	0	9	2.0
884	Рівняння Греда — Шафранова	4	0	1	0.0
885	Рівняння дифузії	201	1	14	7.0
886	Рівняння Смолюховського	24	0	5	1.0
887	Рівняння Шредінгера	927	9	54	28.0
888	Рідкі кристали	16844	12	1309	480.0
889	Ро-мезон	16	0	7	1.0
890	Родій	340	2	19	11.0
891	Розходження Кульбака — Лейблера	78	0	7	2.0
892	Ротон	17	0	4	0.5
893	Ртуть	2960	30	168	96.0
894	Рубідій	450	0	35	17.0
895	Рутеній	253	3	23	7.0
896	Самарій	95	0	10	3.0
897	Свинець	2332	15	133	82.0
898	Світлодіод	2743	9	244	78.0
899	Селен	1473	14	78	47.0
900	Сигма-баріон	19	0	5	0.0
901	Сигма-дельта-модуляція	148	0	11	5.0
902	Сила Лоренца	5080	11	334	157.0
903	Силіцій	6062	13	383	197.0
904	Сіборгій	66	0	7	2.0
905	Сірка	13026	19	929	415.0
906	Скандій	386	2	24	11.0
907	Спектральна ефективність	58	0	7	1.0
908	Спектрофотометр	226	1	16	8.0
909	Список позначень у фізиці	10170	8	595	335.0
910	Спільна ентропія	66	0	12	1.0
911	Сплутані квантові стани	290	3	20	8.0
912	Срібло	3859	33	234	128.0
913	Стандартний стан	278	0	20	8.0
914	Станум	1316	12	86	41.0
915	Статистичний шум	5	0	2	0.0
916	Стерильне нейтрино	17	0	5	1.0
917	Стибій	497	5	31	15.0
918	Стронцій	712	4	59	25.0
919	Супергетеродинний радіоприймач	289	0	26	9.0
920	Суперсиметрія	178	2	13	5.0
921	Супутниковий зв'язок	3182	3	327	73.0
922	Сферміон	7	0	3	0.0
923	Сцинтиляційні лічильники	102	0	12	3.0
924	Талій	415	1	35	14.0
925	Тантал (хімічний елемент)	479	3	31	16.0
926	Тау-лептон	46	0	5	1.0
927	Тахіони	224	1	19	7.0
928	Телур	497	3	41	17.0
929	Теннессин	178	0	22	4.0
930	Теорія де Бройля — Бома	127	1	10	4.0
931	Теплобачення	328	0	28	8.0
932	Тербій	59	0	8	1.0
933	Термоядерна енергія	654	2	43	19.0
934	Тета-мезон	4	0	2	0.0
935	Тетракварк	19	0	2	1.0
936	Технецій	288	1	64	5.0
937	Титан (хімічний елемент)	1519	18	87	46.0
938	Томаш Станецький	2	0	1	0.0
939	Торій	281	2	21	9.0
940	Траєкторія	2166	4	155	74.0
941	Трансфермієві війни	21	0	2	1.0
942	Тритій	457	5	77	10.0
943	Тріон	12	0	2	0.5
944	Тулій	58	0	6	2.0
945	Уран (хімічний елемент)	1218	11	72	37.0
946	Уран-235	692	4	44	22.0
947	Фазова модуляція	516	1	34	14.0
948	Фазована антенна решітка	186	0	15	6.5
949	Фермій	50	0	5	1.0
950	Ферміон	258	0	18	9.0
951	Фі-мезон	4	0	1	0.0
952	Фізика	3779	19	190	129.0
953	Фізика низьких температур (журнал)	16	0	3	1.0
954	Флеровій	73	0	6	2.0
955	Фонон	197	0	24	5.0
956	Формула Койде	5	0	1	0.0
957	Фосфор	8671	18	575	325.0
958	Фотон	2650	13	152	92.0
959	Францій	390	1	38	12.0
960	Фтор	3053	13	208	97.0
961	Фундаментальна частинка	70	0	8	2.0
962	Фундаментальні взаємодії	793	1	56	25.0
963	Функція розподілу (статистична фізика)	34	0	5	1.0
964	Халькогени	340	1	33	10.0
965	Хлор	7854	8	553	272.0
966	Хром	2387	5	164	83.0
967	Хронологія квантових обчислень	20	0	4	1.0
968	Цезій	461	3	28	14.0
969	Церій	152	1	10	4.0
970	Циклотронна маса	4	0	1	0.0
971	Цинк	3022	16	201	91.0
972	Цирконій	682	13	39	21.0
973	Частотна модуляція	1009	1	70	32.0
974	Черенковське випромінювання	288	1	42	7.0
975	Число Авогадро	2084	8	176	57.0
976	Число Маха	758	13	95	22.0
977	Шипіння (ядерна зброя)	6	0	2	0.0
978	Шлях (фізика)	5158	1	363	157.0
979	Ядерна енергетика	1385	7	80	48.0
980	Ядерне випробування	267	1	18	9.0
981	Ядерний вибух	947	9	55	32.0
982	Ядро атома	2982	2	189	106.0
983	B-кварк	31	0	4	1.0
984	B-мезон	6	0	2	0.0
985	BeamForming	48	0	5	1.0
986	C-кварк	21	0	3	1.0
987	CERN	445	5	26	13.0
988	D-кварк	45	0	8	1.0
989	D-мезон	5	0	2	0.0
990	J/ψ-мезон	8	0	2	0.0
991	Ku-діапазон	107	0	8	3.0
992	S-кварк	28	0	4	1.0
993	T-кварк	30	0	3	0.0
994	T-мезон	4	0	1	0.0
995	U-кварк	60	0	6	2.0
996	W- і Z-бозони	50	0	7	1.0
997	Wendelstein 7-X	25	0	6	1.0
998	X та Y бозони	11	0	2	0.0
