1	5-фторурацил	169	0	79	2.0
2	Абакавір	20	0	3	1.0
3	Абакавір/Ламівудин	20	0	13	0.0
4	Абарестезія	41	0	15	1.0
5	Абатестезія	14	0	2	1.0
6	Абдоміналізація серця	24	0	3	1.0
7	Абдомінопластика	225	2	39	5.0
8	Абсанс	301	3	23	8.5
9	Абсцес	2298	31	111	66.5
10	Абсцес легень	2003	8	123	54.5
11	Август Вагенманн	0	0	0	0.0
12	Авітамінози	7594	14	523	251.0
13	Австралійський кліщовий рикетсіоз	26	0	3	1.0
14	Автоімунні захворювання	2109	26	103	64.0
15	Агнозія	740	5	47	21.0
16	Агомелатин	66	0	9	2.0
17	Агорафобія	822	5	42	26.5
18	Агранулоцитоз	554	5	34	17.0
19	Адалімумаб	94	0	8	2.0
20	Адам Крістіян Тебезій	2	0	1	0.0
21	Аддералл	1653	18	140	36.0
22	Аддісонова хвороба	1321	7	95	39.5
23	Аделькі Негрі	6	0	1	0.0
24	Аденовіруси	534	3	42	17.0
25	Аденовірусна інфекція	2014	20	110	61.5
26	Аденома гіпофіза	256	0	18	7.0
27	Аденома щитоподібної залози	236	0	16	7.5
28	Адинамія	71	0	8	2.0
29	Адонізид	42	0	5	1.0
30	Адреналектомія	29	0	4	1.0
31	Адреногенітальний синдром	586	2	37	19.5
32	Адренокортикальна аденома	70	0	8	2.0
33	Адренокортикальна карцинома	25	0	3	1.0
34	Адренокортикотропний гормон	804	1	64	26.0
35	Адсорбована коклюшно-дифтерійно-правцева вакцина	869	6	51	27.0
36	Аерофагія	92	0	9	3.0
37	Азеластин	13	0	3	0.0
38	Азилсартан	47	0	4	2.0
39	Азитроміцин	570	4	32	17.5
40	Азлоцилін	7	0	2	0.0
41	Азооспермія	149	1	13	5.0
42	Азотемія	318	1	41	9.0
43	Азтреонам	35	0	4	1.0
44	Айван Магілл	4	0	1	0.0
45	Айзенберг Олександр Абрамович	8	0	3	0.0
46	Аймалін	30	0	3	1.0
47	Акінезія	75	0	10	2.0
48	Акне	2792	30	135	87.0
49	Акривастин	15	0	3	0.0
50	Акрихін	39	0	9	1.0
51	Акромегалія	863	4	48	28.0
52	Актиномікоз	412	1	29	11.5
53	Актовегін	159	1	12	4.5
54	Акушерка	174	1	16	5.0
55	Алберт Аґуайо	10	0	4	0.0
56	Александер Флемінг	514	5	29	17.0
57	Алексія	189	0	19	5.0
58	Алемтузумаб	16	0	2	0.5
59	Алергічний дерматит	338	3	23	10.0
60	Алергія на латекс	65	0	7	2.0
61	Алессандра Джиліані	1	0	1	0.0
62	Алкоголізм	6232	79	306	200.5
63	Алоїз Альцгеймер	98	1	12	2.0
64	Алоїз Капуано	1	0	1	0.0
65	Алпразолам	1089	16	52	33.5
66	Альбендазол	268	1	15	9.0
67	Альберто Асколі	22	0	5	0.0
68	Альберто Бартон	6	0	3	0.0
69	Альбумінурія	75	0	10	2.0
70	Альдостерон	781	0	45	24.0
71	Альфа-адреноблокатори	605	3	48	18.5
72	Альфа-клітина	23	0	4	1.0
73	Альфа-фетопротеїн	438	2	27	12.0
74	Альфонс Якоб	4	0	1	0.0
75	Альфред Вельпо	12	0	2	0.0
76	Альфузозин	21	0	5	1.0
77	Амантадин	89	0	7	3.0
78	Амбазон	59	0	6	2.0
79	Амбліопія	891	3	49	29.5
80	Амброксол	498	7	30	14.0
81	Амебіаз	1932	7	149	62.0
82	Аменорея	802	8	43	25.5
83	Американська колегія хірургів	9	0	2	0.0
84	Амізон	274	1	16	8.5
85	Амікацин	158	1	14	4.0
86	Амілоїд	115	0	9	4.0
87	Амілоїдоз	963	6	54	30.0
88	Амімія	61	0	8	2.0
89	Аміноглікозиди	674	1	43	19.5
90	Амінотрансферази	268	0	19	7.0
91	Аміодарон	149	2	10	4.5
92	Амісульприд	60	0	4	2.0
93	Амітриптилін	705	4	42	22.0
94	Амлодипін	266	2	17	8.0
95	Амнезія	873	13	48	25.5
96	Амніоцентез	134	0	12	4.0
97	Амоксицилін	716	11	57	19.0
98	Амоксицилін/клавуланова кислота	354	3	22	11.5
99	Амосов Микола Михайлович	4006	27	356	115.0
100	Ампренавір	2	0	1	0.0
101	Ампутація	308	1	22	9.0
102	Амрінон	10	0	3	0.5
103	Амтолметин гуацил	19	0	4	0.0
104	Амузія	37	0	4	1.0
105	Амфетамін	4633	85	191	150.0
106	Амфотерицин В	96	0	9	2.0
107	Анагрелід	12	0	2	0.0
108	Анапластичний рак щитоподібної залози	42	0	5	1.0
109	Анасарка	431	4	28	13.0
110	Анастомоз	233	2	22	7.0
111	Анастрозол	43	0	5	1.0
112	Анатоксин	480	0	40	13.0
113	Анатомічний театр Київського університету Св. Володимира	38	0	5	1.0
114	Анатомо-терапевтично-хімічна класифікація	211	0	20	6.0
115	Анафілаксія	588	4	35	17.5
116	Анафілактичний шок	2841	12	187	86.0
117	Ангіологія	47	0	6	1.0
118	Ангіома	365	3	25	12.0
119	Ангіосаркома	40	0	4	1.0
120	Ангіосаркома щитоподібної залози	9	0	2	1.0
121	Ангіоспазм	182	0	15	6.0
122	Ангіостронгільоз	16	0	5	0.0
123	Анджело Челлі	54	0	13	4.0
124	Андрейчин Михайло Антонович	74	0	6	2.0
125	Андрогени	608	6	50	17.0
126	Андростендіон	106	0	10	3.0
127	Аневризма	2137	20	216	56.0
128	Аневризма аорти	1180	8	57	41.0
129	Анемія	8840	77	458	309.0
130	Анестезія	971	5	51	29.5
131	Анеуплоїдія	954	4	73	28.5
132	Анідулафунгін	8	0	2	0.0
133	Анізакіди	43	0	11	1.0
134	Анізакідоз	123	0	15	3.0
135	Анізокорія	728	8	42	22.5
136	Анкілоз	338	1	25	9.0
137	Анкілозуючий спондилоартрит	1309	11	66	42.5
138	Анкілостомози	224	0	17	7.0
139	Анорексія (симптом)	1969	30	98	62.5
140	Антагоністи альдостерону	118	0	13	3.0
141	Антиаритмічні препарати	485	2	32	15.5
142	Антигіпертензивні препарати	1717	8	98	52.5
143	Антипсихотичні препарати	571	4	46	23.0
144	Антитіла	4552	19	295	151.0
145	Антифосфоліпідний синдром	302	1	23	9.0
146	Антон Вексельбаум	5	0	2	0.0
147	Антоні Крупський	5	0	2	0.0
148	Антраль	898	12	43	29.0
149	Антропоноз	1369	2	113	40.5
150	Анурія	493	4	35	14.0
151	Аортальна недостатність	366	1	24	10.5
152	Апатія (медицина)	1823	30	84	57.5
153	Апендицит	2937	36	185	88.5
154	Апное	469	4	29	13.0
155	Апное уві сні	660	6	32	22.0
156	Аполіпопротеїн A1	36	0	5	1.0
157	Апраксія	705	4	43	22.0
158	Аптека	435	2	37	11.0
159	Арахноїдит	465	2	29	15.0
160	Арбідол	102	0	7	3.0
161	Арбовірусні хвороби	187	0	27	5.0
162	Аргентинська геморагічна гарячка	30	0	7	1.0
163	Арипіпразол	60	0	5	2.0
164	Арман Труссо	9	0	4	0.0
165	Армодафініл	158	1	17	4.0
166	Артеріальна гіпертензія	7494	77	379	223.0
167	Артеріальна гіпотензія	2248	30	108	66.0
168	Артеріосклероз	81	0	9	2.0
169	Артерія м'яза-підіймача яєчка	9	0	2	0.0
170	Артерія сім'явивідної протоки	19	0	3	0.0
171	Артерія яєчка	51	0	9	1.0
172	Артралгія	487	4	30	15.0
173	Артремфіт	51	0	9	1.0
174	Артрит	3116	50	153	94.0
175	Артроз плечового суглоба	111	0	11	3.0
176	Артропластика	41	0	6	1.0
177	Артур Ернест Гведел	9	0	2	0.0
178	Асептика	1199	0	78	38.0
179	Аскарида людська	4797	27	238	170.0
180	Аскаридоз	4565	25	322	129.0
181	Аспарагіназа	52	0	7	2.0
182	Аспергільоз	311	2	22	10.0
183	Астазія	60	0	8	2.0
184	Астемізол	20	0	3	0.5
185	Астенія	2148	28	105	72.5
186	Астма бронхіальна	5004	20	337	153.0
187	Асфіксія	2809	18	178	84.0
188	Асцит	797	10	44	26.5
189	Атазанавір	18	0	3	1.0
190	Атаксія	799	5	40	24.5
191	Атезолізумаб	33	0	5	1.0
192	Ателектаз легені	964	4	57	30.0
193	Атеросклероз	6537	35	354	193.0
194	Атетоз	213	1	14	7.0
195	Атипова пневмонія	266	1	26	7.5
196	Атлант (анатомія)	429	2	28	13.5
197	Атоваквон	19	0	3	1.0
198	Атонія	247	2	16	7.0
199	Аторвастатин	147	1	12	4.0
200	Атропін	666	4	33	19.0
201	Атрофія	724	4	49	22.0
202	Аура (симптом)	255	0	17	7.0
203	Аускультація	567	2	36	18.0
204	Аутопсія	462	4	26	13.5
205	Аутотрансплантація	161	0	17	4.0
206	Афект первинний	62	0	6	2.0
207	Афонія	154	0	13	5.0
208	Афти	133	1	9	4.0
209	Ахілів рефлекс	194	0	17	5.0
210	Ахондроплазія	254	0	26	6.0
211	Ацеклофенак	84	0	7	2.0
212	Аценокумарол	80	0	7	2.5
213	Ацетилсаліцилова кислота/гідроксид магнію	111	0	12	3.0
214	Ацетилцистеїн	475	4	25	14.5
215	Ацикловір	480	4	27	13.5
216	Бабезіоз	503	0	40	14.0
217	Базиліксимаб	4	0	1	0.0
218	Базофілопенія	16	0	5	0.0
219	Бактеріємія	249	1	20	8.0
220	Балантидіаз	326	0	36	8.0
221	Бальнеологія	579	2	45	11.5
222	Барабанна струна	119	1	10	3.0
223	Бардах Яків Юлійович	18	0	6	0.0
224	Барлова хвороба	65	0	5	2.0
225	Баротравма	200	1	48	4.0
226	Бартолініт	60	0	5	2.0
227	Бартолінові залози	521	0	52	12.5
228	Бартонельози	56	0	7	1.5
229	Баттологія	28	0	4	1.0
230	Бацилярний ангіоматоз	34	0	4	1.0
231	Бацилярний пурпурний гепатит	27	0	3	1.0
232	Бевацизумаб	57	0	6	1.5
233	Бедаквілін	103	0	18	3.0
234	Беджель	113	1	8	3.0
235	Безифлоксацин	9	0	3	0.0
236	Безоар	198	0	17	6.0
237	Безредка Олександр Михайлович	69	0	10	2.0
238	Безсоння	967	14	49	30.0
239	Беклометазон	66	0	7	2.0
240	Беміпарин	9	0	2	0.0
241	Беназеприл	27	0	4	1.0
242	Бендамустин	43	0	5	1.0
243	Бенджамін Раш	26	0	3	1.0
244	Бенедикт Ваґнер	1	0	1	0.0
245	Бензатин бензилпеніцилін	151	1	10	5.0
246	Бензатин феноксиметилпеніцилін	6	0	1	0.0
247	Бензобарбітал	34	0	5	1.0
248	Бенфлуорекс	8	0	4	0.0
249	Бепридил	13	0	3	0.0
250	Бері-бері	2010	2	147	64.0
251	Бернгард Нохт	7	0	2	0.0
252	Бета-2-адреностимулятори	297	1	20	10.0
253	Бета-блокатор	1245	15	66	38.0
254	Бета-клітина	70	0	5	2.0
255	Бета-лактамази	108	0	10	2.5
256	Бетагістин	38	0	13	1.0
257	Бетаксолол	27	0	3	1.0
258	Бешиха	3477	49	159	107.0
259	Бівалірудин	5	0	2	0.0
260	Бігуняк Володимир Васильович	30	0	7	1.0
261	Бікалутамід	28	0	3	1.0
262	Біла гарячка	1341	22	65	41.0
263	Біластин	81	0	7	2.5
264	Біль	1498	7	96	42.0
265	Біль за грудиною	67	0	7	2.0
266	Біодоступність	334	0	22	9.5
267	Біохімічний аналіз крові	3150	31	147	108.0
268	Біпериден	22	0	3	1.0
269	Біполярний афективний розлад	3886	80	154	121.5
270	Біфоназол	40	0	4	1.0
271	Бічний аміотрофічний склероз	1831	18	144	53.5
272	Бленорея	213	2	15	7.0
273	Блеоміцин	36	0	7	1.0
274	Блефарит	357	1	20	11.5
275	Близькосхідний коронавірусний респіраторний синдром	85	0	8	3.0
276	Бліда куля	117	0	10	3.0
277	Блокатори кальцієвих каналів	922	5	59	31.0
278	Блокатори H2-гістамінових рецепторів	425	3	27	13.0
279	Блювання	564	6	43	17.5
280	Богданов Іван Лукіянович	6	0	1	0.0
281	Бокавірусна інфекція	48	0	9	2.0
282	Болівійська геморагічна гарячка	21	0	3	1.0
283	Бородавка	1373	23	64	43.5
284	Борозна (мозок)	383	0	32	10.0
285	Ботулізм	5661	35	326	194.0
286	Боцепревір	8	0	3	0.0
287	Брадикардія	1575	19	75	54.0
288	Брахідактилія	116	0	13	3.0
289	Браян Артур Селлік	8	0	2	0.0
290	Брентуксимаб ведотин	23	0	3	0.5
291	Бретилію тозилат	7	0	2	0.0
292	Бривудин	11	0	4	0.0
293	Брижа (кишечник)	299	1	26	8.0
294	Бринцидофовір	3	0	1	0.0
295	Бромгексин	222	2	16	6.0
296	Бромокриптин	67	0	6	2.0
297	Бронхіт	7195	86	419	219.5
298	Бронхоектатична хвороба	2277	7	199	63.0
299	Бронхоспазм	489	3	26	14.5
300	Бругіоз	63	0	5	2.0
301	Бруцельоз	1478	7	94	45.5
302	Бубновський Сергій Михайлович	431	7	25	12.0
303	Бубон (медицина)	179	2	12	5.0
304	Бубонна чума	687	8	41	20.0
305	Будесонід	163	1	11	5.0
306	Булімія	2004	24	161	56.5
307	Бупренорфін	264	3	16	8.5
308	Бупропіон	115	0	11	3.0
309	Бурсит	903	11	47	25.5
310	Бусерелін	5	0	1	0.0
311	Буспірон	203	0	12	6.5
312	Бусульфан	10	0	2	0.0
313	Бутоконазол	6	0	2	0.0
314	Буторфанол	86	0	7	3.0
315	Вавжинєц Прессен	2	0	1	0.0
316	Вагінальний кандидоз	2350	19	181	71.5
317	Вазоактивний інтестинальний пептид	31	0	4	1.0
318	Вазопресин	1705	10	98	55.0
319	Вакцина проти гепатиту А	81	0	16	2.0
320	Вакцина проти епідемічного паротиту	101	0	9	2.0
321	Вакцина проти кору	326	2	22	11.0
322	Вакцинація	1582	5	121	50.0
323	Вакцини	4594	14	287	139.0
324	Вакцини проти холери	84	0	10	1.0
325	Валацикловір	79	0	7	2.0
326	Валганцикловір	16	0	3	1.0
327	Валсартан	112	0	9	3.0
328	Вальпроєва кислота	181	0	11	6.5
329	Варикоз	1628	17	182	48.0
330	Варфарин	245	1	24	7.0
331	Васкуліт	773	9	45	22.5
332	Ведолізумаб	23	0	4	0.0
333	Везикульозний рикетсіоз	94	0	11	2.0
334	Великий кам'янистий нерв	67	0	8	2.0
335	Великогомілкова кістка	564	1	33	18.0
336	Венеричні хвороби	2768	15	179	94.5
337	Венерологія	176	0	15	5.0
338	Венесуельський енцефаломієліт	31	0	5	1.0
339	Венлафаксин	93	0	8	2.5
340	Верапаміл	163	0	12	5.0
341	Вернакалант	93	0	15	2.0
342	Вертикальний механізм передачі інфекції	285	1	26	7.5
343	Верхнє слиновидільне ядро	30	0	5	1.0
344	Верхній гортанний нерв	30	0	5	1.0
345	Верхньощелепна артерія	299	0	18	9.5
346	Верхньощелепна вена	32	0	4	1.0
347	Верхня гортанна артерія	9	0	2	0.0
348	Верхня щитоподібна артерія	28	0	5	1.0
349	Верхня щитоподібна вена	6	0	1	0.0
350	Виноградов Костянтин Миколайович	9	0	2	0.0
351	Випадкова смерть та інвалідність: знехтуване захворювання сучасного суспільства	1	0	1	0.0
352	Виразка Бурулі	101	0	7	2.5
353	Висип	1745	13	100	53.0
354	Висівкоподібний (різнокольоровий) лишай	2727	37	121	87.0
355	Високоактивна антиретровірусна терапія	445	1	32	14.0
356	Високович Володимир Костянтинович	85	0	10	2.5
357	Висотна хвороба	560	4	36	18.5
358	Висхідна глоткова артерія	69	0	9	2.0
359	Висхідна шийна артерія	18	0	3	1.0
360	Відрижка	331	4	25	9.5
361	Відшарування сітківки	391	0	31	10.0
362	Військова медицина в Україні	179	0	16	4.5
363	Військові медичні заклади України	189	0	13	5.5
364	Військово-лікарські комісії України	529	1	37	17.0
365	Віктор Бабеш	18	0	3	1.0
366	Вілем Душан Лямбль	18	0	3	0.0
367	Вілізієве коло	514	0	37	16.5
368	Вільгельм Ґрізінґер	4	0	1	0.0
369	Вільям Буг Лейшман	10	0	4	0.0
370	Вільям Горгас	8	0	1	0.0
371	Віментин	20	0	2	1.0
372	Вінбластин	40	0	6	1.0
373	Вінорельбін	11	0	2	0.0
374	ВІПома	27	0	7	0.0
375	Вірджинія Апгар	40	0	6	1.0
376	Вірус Епштейна — Барр	2430	34	118	77.0
377	Вірус Зіка	354	2	35	10.0
378	Вірус імунодефіциту людини	6572	44	460	208.0
379	Вірус Норуолк	131	1	12	3.0
380	Вірус папіломи людини	2230	32	100	70.5
381	Вірусемія	51	0	5	1.5
382	Вірусні захворювання	1288	0	99	38.0
383	Віспа мавп	113	0	10	2.0
384	Вісцеральний лейшманіоз	133	0	12	3.5
385	Вітамін B12	3749	30	211	118.5
386	Вітряна віспа	6878	83	332	215.0
387	Внутрішнє вухо	1441	1	122	38.0
388	Внутрішньоартеріальна ін'єкція	33	0	3	1.0
389	Внутрішньовенна ін'єкція	1192	12	64	35.0
390	Внутрішньолікарняна інфекція	1388	3	113	42.0
391	Внутрішньом'язова ін'єкція	1348	15	71	42.0
392	Внутрішньочерепна гіпертензія	794	10	41	24.5
393	Внутрішня грудна артерія	136	0	12	4.0
394	Внутрішня сонна артерія	357	1	31	11.5
395	Внутрішня яремна вена	499	1	30	14.0
396	Воєнно-медична доктрина України	60	0	7	2.0
397	Возіанова Жанна Іванівна	46	0	8	1.0
398	Войцех Жердинський	1	0	1	0.0
399	Волинська гарячка	107	1	9	3.0
400	Волянський Юрій Леонідович	13	0	2	1.0
401	Вориконазол	35	0	4	1.0
402	Вортіоксетин	78	0	7	2.0
403	Воші	2607	21	130	84.0
404	Всесвітній день боротьби з цукровим діабетом	41	0	6	1.0
405	Всеукраїнський центр професійної реабілітації інвалідів	168	0	21	5.0
406	Всеукраїнський центр радіохірургії	126	0	14	4.0
407	Вузлик	330	1	21	9.5
408	Вузликовий періартеріїт	209	0	16	5.0
409	Вухереріоз	72	0	9	2.0
410	Вушна раковина	241	1	20	6.5
411	Габапентин	179	0	15	5.0
412	Газова гангрена	1672	10	111	47.0
413	Галітоз	269	0	15	8.5
414	Галоперидол	788	9	42	23.5
415	Галофантрин	15	0	3	0.0
416	Галюцинація	673	3	37	24.5
417	Гамалія Микола Федорович	190	0	16	6.0
418	Гангрена	2142	30	103	65.5
419	Ганс Сельє	271	0	21	7.5
420	Ганс Цінссер	6	0	2	0.0
421	Ганс-Герхард Кройцфельд	10	0	2	0.0
422	Ганцикловір	46	0	4	2.0
423	Гаплогрупа R1a	415	4	24	11.0
424	Гарячка	3298	21	206	103.5
425	Гарячка денге	476	4	37	12.5
426	Гарячка Західного Нілу	217	0	31	6.0
427	Гарячка Ласса	338	0	29	12.0
428	Гарячка лісу Барма	6	0	1	1.0
429	Гарячка лісу Семлікі	9	0	2	0.0
430	Гарячка паппатачі	122	0	12	3.0
431	Гарячка Ріфт Валлі	68	0	5	3.0
432	Гарячка Росс Рівер	22	0	4	1.0
433	Гарячка Сіндбіс	14	0	7	0.0
434	Гарячки від укусу пацюків	53	0	5	2.0
435	Гастринома	25	0	3	1.0
436	Гастрит	2924	22	186	81.5
437	Гастроезофагеальна рефлюксна хвороба	2287	28	96	74.5
438	Гатіфлоксацин	132	0	20	3.0
439	Гвайфенезин	720	10	34	21.5
440	Гексопреналін	14	0	2	0.5
441	Гельмінти	3891	16	231	130.0
442	Гельмінтози	2685	4	203	83.5
443	Гемартроз	141	1	11	4.0
444	Гематома	1416	12	74	45.0
445	Гематурія	570	6	31	17.5
446	Геміпарез	745	3	86	18.5
447	Геміфлоксацин	15	0	2	1.0
448	Гемолітична анемія	660	6	57	17.5
449	Гемоперикард	32	0	4	1.0
450	Геморагічна гарячка	708	1	71	15.0
451	Геморагічна гарячка з нирковим синдромом	548	0	50	13.5
452	Геморагічний васкуліт	1605	22	95	46.0
453	Геморагічний інсульт	1080	11	83	32.0
454	Геморой	2975	50	138	90.5
455	Гемофілія	3311	27	203	91.0
456	Гемофільна інфекція	951	6	89	30.0
457	Гемохроматоз	231	0	21	7.0
458	Гемцитабін	37	0	5	1.0
459	Генетичні хвороби	2029	9	115	64.0
460	Генрик Кадий	8	0	2	0.0
461	Генрик Мосінг	51	0	10	1.0
462	Генрі Едвард Шортт	17	3	10	4.0
463	Генрі Коплік	4	0	1	0.0
464	Генріх Квінке	19	0	3	1.0
465	Гентаміцин	225	1	28	6.0
466	Георг Гаффкі	3	0	1	0.0
467	Георг Фернан Ізідор Відаль	3	0	1	0.0
468	Георгіос Папаніколау	22	0	2	1.0
469	Гепатит А	2815	18	198	75.5
470	Гепатит B	2984	26	174	83.0
471	Гепатит C	3381	36	183	99.0
472	Гепатит D	565	1	58	16.0
473	Гепатит E	416	1	38	10.5
474	Гепатомегалія	704	5	44	23.0
475	Гепатоцит	901	3	69	25.0
476	Герасун Борис Абрамович	57	0	5	2.0
477	Герман Музер	2	0	1	0.0
478	Герпес простий	2003	17	122	57.0
479	Герпесвіруси	485	2	32	14.0
480	Герпесвірусні інфекції	1158	6	70	39.0
481	Гестаційний цукровий діабет	161	0	13	5.0
482	Гефітиніб	12	0	3	0.0
483	Гикавка	1136	20	52	35.0
484	Гіаліноз	154	0	16	4.0
485	Гіалоїдна мембрана	43	0	5	1.0
486	Гібернома	108	0	11	3.0
487	Гігантоклітинний артеріїт	72	0	6	2.5
488	Гігієна	2346	4	166	69.5
489	Гідазепам	1457	24	64	48.0
490	Гідрокодон	70	0	6	2.0
491	Гідроксизин	107	0	13	3.0
492	Гідроксикарбамід	20	0	2	1.0
493	Гідроксиметилхіноксиліндіоксид	34	0	5	1.0
494	Гідроксихлорохін	37	0	4	1.0
495	Гідронефроз	1401	17	70	43.0
496	Гідроторакс	431	5	36	12.0
497	Гідрофобія (симптом)	52	0	7	2.0
498	Гідрохлоротіазид	233	2	17	6.0
499	Гідроцефалія	2791	48	132	86.5
500	Гійом Дюпюїтрен	8	0	2	0.0
501	Гіменолепідоз	563	0	42	19.0
502	Гінгівіт	1122	10	72	34.0
503	Гінеколог-ендокринолог	122	0	11	3.0
504	Гіперальдостеронізм	246	0	18	7.0
505	Гіперглікемічна кома	2175	9	137	64.5
506	Гіперглікемія	1151	6	69	35.5
507	Гіперемія	1040	10	63	33.0
508	Гіперестезія	282	0	34	7.0
509	Гіперкаліємія	490	4	28	14.0
510	Гіперкапнія	263	1	26	7.0
511	Гіперліпідемія	386	0	45	8.5
512	Гіперпаратиреоз	467	1	29	13.5
513	Гіперпролактинемія	291	1	19	9.0
514	Гіпертензивний криз	735	3	46	19.5
515	Гіпертиреоїдизм	559	1	35	17.5
516	Гіпноз	831	5	50	24.5
517	Гіповолемічний шок	490	5	30	15.0
518	Гіповолемія	456	1	26	14.0
519	Гіпоглікемічна кома	1755	8	115	52.5
520	Гіпоглікемія	1293	12	69	43.5
521	Гіподинамія	3960	5	260	122.0
522	Гіпокаліємія	298	2	17	9.5
523	Гіпоксемія	255	0	18	7.0
524	Гіпоманія	1059	13	96	23.5
525	Гіпопаратиреоїдизм	240	1	17	7.5
526	Гіпопіон	40	0	6	1.0
527	Гіпотермія	879	7	51	26.5
528	Гіпотиреоїдизм	2484	15	132	75.0
529	Гіпотонус	98	0	10	3.0
530	Гіпотрофія	547	3	39	16.0
531	Гіппократ	1253	9	83	35.0
532	Гірська хвороба	801	3	64	18.5
533	Гістеректомія	341	0	21	9.5
534	Гістопатологія	32	0	5	1.0
535	Гістоплазмоз	155	0	17	3.0
536	Глатирамеру ацетат	32	0	4	1.0
537	Глаукома	1515	12	107	42.0
538	Глибока язикова артерія	11	0	2	1.0
539	Глибоке пахвинне кільце	167	1	15	5.0
540	Глібенкламід	62	0	5	2.0
541	Глікемічний індекс	550	4	31	16.0
542	Гліклазид	42	0	5	1.0
543	Гліобластома	1171	20	56	35.5
544	Гліома	357	3	46	10.0
545	Гломерулонефрит	3858	16	251	115.5
546	Глузман Семен Фішельович	1264	2	257	13.5
547	Глюкагон	1285	4	81	44.0
548	Глюкагонома	17	0	4	0.5
549	Глюкозурія	369	0	34	11.0
550	Глюкокортикоїди	1517	10	93	50.0
551	Гній (медицина)	452	4	23	14.5
552	Гноячок	157	0	9	5.0
553	Говард Тейлор Рікеттс	9	0	2	0.0
554	Гозерелін	134	0	13	4.0
555	Голімумаб	24	0	3	1.0
556	Голка хірургічна	182	1	19	5.0
557	Головна вена	91	0	8	2.0
558	Головне ядро трійчастого нерва	18	0	2	1.0
559	Головний біль	967	14	75	27.0
560	Головний біль напруги	608	9	34	18.5
561	Головний військовий клінічний госпіталь (Україна)	939	11	49	30.5
562	Головний мозок людини	6377	28	356	226.0
563	Голосові зв'язки	2159	3	246	59.0
564	Голубовська Ольга Анатоліївна	189	1	15	4.5
565	Гомілка	803	11	40	25.0
566	Гонгілонематоз	37	0	4	1.0
567	Гонорея	6762	72	321	205.5
568	Гончарук Євген Гнатович	70	0	11	2.0
569	Гормон росту 2	23	0	4	1.0
570	Городецький Марко Михайлович	23	0	4	1.0
571	Гортань	3622	7	268	108.0
572	Госпітальна пневмонія	217	0	18	8.0
573	Гостра респіраторна вірусна інфекція	4666	35	280	158.0
574	Гостра серцева недостатність	1471	7	73	50.0
575	Гостра судинна недостатність	1015	3	60	30.0
576	Гострий апендицит	983	13	57	28.0
577	Гострий гастрит	1444	8	82	44.0
578	Гострий лімфобластний лейкоз	1698	10	140	45.0
579	Гострий мієлобластний лейкоз	859	6	58	24.5
580	Гострий панкреатит	1870	25	93	59.5
581	Гострий розсіяний енцефаломієліт	248	0	23	5.5
582	Гострий середній отит	1149	16	67	31.5
583	Гострий тонзиліт	8597	88	509	242.5
584	Гострі лейкози	1144	5	139	28.5
585	Гранульоматозний амебний енцефаліт	33	0	6	1.0
586	Грепафлоксацин	2	0	1	0.0
587	Грижа	2263	19	100	75.5
588	Гризеофульвін	46	0	5	2.0
589	Грип	11440	30	873	306.5
590	Грицюк Олександр Йосипович	36	0	10	1.0
591	Громадське здоров'я	759	0	52	24.0
592	Громашевська Любов Леонтіївна	7	0	2	0.0
593	Громашевський Лев Васильович	75	0	9	2.0
594	Грудинно-ключично-сосцеподібна артерія	5	0	1	0.0
595	Груднинно-ключично-соскоподібний м'яз	246	1	19	7.0
596	Гуго Шоттмюллер	2	0	1	0.0
597	Гума (патологія)	173	1	15	5.0
598	Гураль Анатолій Леонтійович	12	0	2	0.5
599	Густав Гімза	9	0	4	0.0
600	Ґергард Гансен	7	0	2	0.0
601	Ґрелін	140	0	10	4.0
602	Дабігатран	36	0	5	1.0
603	Дазатиніб	14	0	2	1.0
604	Дакарбазин	28	0	4	1.0
605	Даклатасвір	43	0	5	1.0
606	Даклізумаб	5	0	1	0.0
607	Далекозорість	2714	10	342	60.0
608	Дальтепарин	9	0	2	0.0
609	Данієль Алкідес Карріон	4	0	1	0.0
610	Данієль Елмер Сальмон	5	0	1	0.0
611	Дапсон	36	0	3	1.0
612	Даптоміцин	18	0	3	1.0
613	Дарунавір	11	0	2	1.0
614	ДВЗ-синдром	1183	4	72	34.5
615	Девід Брюс (мікробіолог)	12	0	2	1.0
616	Девід Веттер	100	0	12	2.0
617	Дегідратаційний шок	351	0	27	11.5
618	Дезлоратадин	146	0	12	4.0
619	Декаметоксин	511	9	28	16.0
620	Декваліній	101	0	9	3.0
621	Дексаметазон	2531	33	139	75.5
622	Дексібупрофен	83	0	9	2.0
623	Декскетопрофен	169	1	15	5.0
624	Декслансопразол	51	0	6	1.0
625	Декстрометорфан	212	1	13	6.0
626	Делавірдин	6	0	2	0.0
627	Делірій	1183	18	59	36.0
628	Дельта-клітина	13	0	3	1.0
629	Деменція	3557	51	185	109.5
630	Демієлінізуючі захворювання	498	0	39	14.5
631	Демодекоз	3860	47	167	120.0
632	Деносумаб	75	0	7	2.0
633	Деперсоналізація	812	9	49	24.5
634	Дерматит	1847	29	97	57.5
635	Дерматоз	565	5	26	19.0
636	Дерматологія	654	5	41	20.0
637	Дерматоміозит	717	8	54	20.0
638	Десвенлафаксин	49	0	6	1.5
639	Десмоїд	208	0	16	5.0
640	Десмопресин	67	0	10	2.0
641	Джгут	1459	1	105	41.0
642	Джеймс К. Стайнер	8	0	4	0.0
643	Джироламо Фракасторо	100	0	13	2.0
644	Джованні Баттіста Грассі	4	0	1	0.0
645	Джозаміцин	73	1	11	2.0
646	Джозеф Лістер	103	0	9	2.5
647	Джон Вільям Вотсон Стефенс	19	5	8	6.0
648	Джон Сноу	68	0	7	2.0
649	Джонатан Гатчінсон	4	0	1	0.0
650	Дивертикуліт	303	2	18	10.0
651	Дигітоксин	167	0	14	5.0
652	Диданозин	11	0	2	0.0
653	Диентоамебіаз	12	4	4	4.0
654	Дизартрія	800	0	58	26.5
655	Дизентерія	3562	12	249	117.0
656	Дизопірамід	14	0	3	0.0
657	Дийодтирозин	9	0	2	0.0
658	Дилтіазем	35	0	5	1.0
659	Дименгідринат	84	0	7	3.0
660	Диметилтриптамін	510	8	27	15.0
661	Диметинден	88	0	10	2.0
662	Дипілідіоз	152	1	15	4.0
663	Дипіридамол	136	0	14	4.0
664	Диплопія	300	1	35	9.0
665	Дирофіляріоз	584	3	41	16.5
666	Дисекція шиї	63	0	6	2.0
667	Дислокація мозку	109	0	15	2.0
668	Дисморфофобія	511	5	32	15.0
669	Диспансеризація	1047	1	85	30.0
670	Диспепсія	1175	8	66	39.0
671	Дисфагія	815	6	59	22.5
672	Дисфорія	482	3	28	14.0
673	Дифілоботріоз	570	1	37	18.0
674	Дифтерія	12227	56	776	358.5
675	Дифузний панбронхіоліт	47	0	7	1.5
676	Дифузний токсичний зоб	1258	6	83	42.0
677	Дихальна недостатність	1178	8	71	32.0
678	Дихання Біота	406	0	26	14.5
679	Дихання Куссмауля	593	2	47	16.5
680	Дихання Чейна — Стокса	677	1	58	18.5
681	Діабетична нефропатія	212	0	17	6.0
682	Діагностична тріада Стімсона	63	0	8	2.0
683	Діагностичний і статистичний посібник з психічних розладів	630	6	57	16.5
684	Діазепам	693	7	37	21.0
685	Діапедез	128	0	12	3.5
686	Діарея	2084	35	98	68.0
687	Діарея мандрівників	147	1	11	4.0
688	Діацереїн	34	0	7	1.0
689	Дієта	4094	34	205	124.5
690	Дієти за Певзнером	205	0	16	6.0
691	Діурез	1404	10	82	43.0
692	Доброякісна гіперплазія передміхурової залози	1985	23	93	63.0
693	Доброякісна пухлина	1509	7	96	40.5
694	Доказова медицина	476	3	32	14.0
695	Доксазозин	96	0	8	3.0
696	Доксепін	80	0	7	3.0
697	Доксиламін	154	0	13	4.0
698	Доксициклін	354	5	24	11.0
699	Долонно-підошовний синдром	25	0	5	1.0
700	Долутегравір	57	0	8	2.0
701	Домінік-Жан Ларрей	16	0	4	0.5
702	Домперидон	197	1	21	5.0
703	Дональд Гендерсон	9	0	2	0.0
704	Допінг-тест	73	0	10	2.0
705	Доріпенем	13	0	4	0.0
706	Доступні ліки	44	0	5	2.0
707	Дофамін	2161	32	117	66.0
708	Дофетилід	19	0	5	0.0
709	Доцетаксел	48	0	6	1.0
710	Дракункульоз	360	3	26	9.0
711	Дробинський Ісаак Рудольфович	3	0	1	0.0
712	Дронедарон	19	0	4	0.0
713	Дротаверин	602	8	30	18.5
714	Друга холерна пандемія	9	0	2	0.0
715	Дуга аорти	464	0	36	15.0
716	Дудченко Іван Степанович	5	0	1	0.0
717	Дулоксетин	93	0	8	3.0
718	Дутастерид	76	0	6	2.0
719	Дяченко Сергій Степанович	24	0	5	1.0
720	Ебастин	27	0	4	0.5
721	Ебола (вірус)	1452	15	78	51.0
722	Еверолімус	39	0	4	1.0
723	Едвард Дженнер	265	0	25	7.0
724	Едмонд Нокард	47	0	10	3.0
725	Езомепразол	77	0	7	2.0
726	Езофагіт	565	10	28	16.5
727	Ейфорія	1293	23	69	41.0
728	Екзема	2637	35	166	86.5
729	Екзофтальм	161	0	16	5.0
730	Еконазол	31	0	8	1.0
731	Ексеместан	11	0	3	0.0
732	Екстракорпоральна мембранна оксигенація	56	0	6	1.0
733	Екстрапірамідна система	751	2	50	22.0
734	Екстрастріарна кора	14	0	3	1.0
735	Екстрений медичний реагувальник	41	0	7	1.0
736	Екстрений медичний технік	77	0	9	2.0
737	Елвітегравір	11	0	2	0.0
738	Електрокардіографія	3142	10	190	91.5
739	Електротравма	2146	1	146	52.0
740	Еліс Кетрін Еванс	3	0	2	0.0
741	Емануель Махек	2	0	2	0.0
742	Емболія	1260	8	77	40.0
743	Еметин	22	0	5	1.0
744	Еміль Адольф фон Берінг	120	0	10	4.0
745	Еміль ван Ерменґем	8	0	1	0.0
746	Еміль Шарль Ашар	2	0	1	0.0
747	Емоційно нестабільний розлад особистості	868	16	50	25.5
748	Емтрицитабін	22	0	4	1.0
749	Еналаприл	232	2	13	7.0
750	Ендартеріїт	383	3	29	11.0
751	Ендемічний висипний тиф	401	0	33	12.0
752	Ендемічний поворотний тиф	152	0	13	4.0
753	Ендемія	569	0	45	14.0
754	Ендокардит	1349	7	90	39.5
755	Ендокринна хірургія	36	0	4	1.0
756	Ендокринні залози	4885	14	289	149.0
757	Ендорфіни	1786	21	122	55.0
758	Еноксапарин	82	0	7	2.0
759	Еноксацин	3	0	1	0.0
760	Енріке да Роше Ліма	9	0	2	0.0
761	Ентекавір	53	0	6	2.0
762	Ентерит	922	9	52	29.5
763	Ентерична нервова система	108	0	10	3.0
764	Ентеробіоз	2195	12	191	63.0
765	Ентеровірусні інфекції	1472	15	83	42.5
766	Ентерогастральний гальмівний рефлекс	4	0	1	0.5
767	Ентероколіт	906	10	57	27.5
768	Ентеросорбент	288	3	31	7.0
769	Енурез	739	9	47	21.5
770	Енфувіртид	4	0	2	0.0
771	Енцефаліт	2375	27	250	70.0
772	Енцефаліт долини Муррея	6	0	1	0.0
773	Енцефаліт Повассан	17	0	2	1.0
774	Енцефаліт Росіо	5	0	1	0.0
775	Енцефаліт Сент-Луїс	19	0	4	1.0
776	Енцефалопатія	2577	27	131	80.0
777	Еозинофілія	2523	37	120	89.0
778	Епідеміологія	1602	2	112	45.5
779	Епідемічний висипний тиф	2192	11	139	72.5
780	Епідемічний паротит	2751	29	161	87.5
781	Епідемічний поворотний тиф	209	0	14	7.0
782	Епідемія	1685	5	110	49.5
783	Епікондиліт	595	4	34	18.5
784	Епірубіцин	26	0	5	1.0
785	Еплеренон	60	0	9	1.0
786	Епросартан	12	0	3	0.0
787	Ептифібатид	12	0	2	0.0
788	Ерадикація інфекційних хвороб	97	1	12	3.0
789	Ерготерапія	855	6	56	27.5
790	Ерготизм	262	0	17	8.0
791	Ердостеїн	48	0	5	1.0
792	Еризипелоїд	289	2	19	8.5
793	Еритроміцин	346	2	22	11.0
794	Еритропоетин	230	1	17	6.0
795	Ерліхіоз	99	1	9	3.0
796	Ерлотиніб	26	0	4	1.0
797	Ертапенем	19	0	6	0.0
798	Есенціале	391	4	29	11.5
799	Есмолол	14	0	2	1.0
800	Естрадіол	621	9	36	20.0
801	Естрамустин	3	0	1	0.0
802	Есциталопрам	292	2	20	9.5
803	Етамбутол	30	0	4	1.0
804	Етанерцепт	25	0	3	1.0
805	Етацизин	33	0	5	1.0
806	Етифоксин	26	0	5	1.0
807	Етіологія (медицина)	1225	6	68	43.5
808	Етодолак	25	0	4	1.0
809	Етопозид	29	0	3	1.0
810	Еторикоксиб	74	0	9	2.0
811	Етравірин	7	0	2	0.0
812	Етторе Маркіафава	15	0	6	0.0
813	Еутиреоз	150	1	14	4.0
814	Ефавіренз	18	0	3	0.0
815	Ехінокандини	17	0	4	0.0
816	Ехінокок звичайний	765	1	48	25.0
817	Ехінококоз	2063	14	134	60.0
818	Ехокардіографія	372	1	28	10.0
819	Ешерихіоз	1282	3	89	38.0
820	Європейська рада ресусцитації	22	0	4	1.0
821	Єрсиніоз кишковий	964	2	68	28.0
822	Єрсинія	183	1	11	6.0
823	Жан Александр Барре	80	0	7	3.0
824	Жан-Луї Петі	29	0	4	1.0
825	Жан-Луї Прево	1	0	1	0.0
826	Жданов Віктор Михайлович	34	0	10	1.0
827	Жовта гарячка	824	1	56	26.0
828	Жовтяниця (медицина)	1915	19	104	56.0
829	Жовчнокам'яна хвороба	2057	11	125	61.0
830	Жозеф-Фредерік-Бенуа Шарр'єр	4	0	2	0.0
831	Жорж Шарль Гієн	85	0	9	3.0
832	Жувальний м'яз	499	0	45	16.0
833	Заболотний Данило Кирилович	795	3	55	25.0
834	Забуті тропічні хвороби	197	0	13	5.0
835	Загальна клубова артерія	179	0	17	4.0
836	Загальна сонна артерія	950	9	65	31.0
837	Задишка	557	3	37	17.0
838	Задній сегмент ока	3	0	2	0.0
839	Задня вушна артерія	9	0	2	0.0
840	Задня мозкова артерія	115	0	13	3.0
841	Закидання голови-виведення підборіддя	27	0	4	1.0
842	Законодавство в екстреній медицині	150	0	12	4.0
843	Залеплон	39	0	6	1.0
844	Зальцитабін	10	0	2	0.0
845	Занамівір	235	0	141	2.0
846	Заочеревинний простір	259	1	18	9.0
847	Запалення	3057	17	184	93.0
848	Запор	1281	23	63	40.5
849	Зарицький Анатолій Минович	11	0	3	1.0
850	Застуда	905	9	45	30.0
851	Західний енцефаломієліт коней	11	0	3	1.0
852	Зв'язка (анатомія)	332	3	25	11.0
853	Звивина	292	1	28	8.0
854	Зворотний гортанний нерв	168	0	13	6.0
855	Здорове харчування	4412	6	301	125.5
856	Зипразидон	15	0	2	0.0
857	Злоякісна анемія	367	0	35	9.0
858	Зміна поведінки (громадське здоров'я)	25	0	5	1.0
859	Знаменський Володимир Олексійович	13	0	4	1.0
860	Зневоднення організму	213	2	16	5.5
861	Зоб (хвороба)	1800	15	86	59.5
862	Зовнішній сітчастий шар	42	0	8	1.0
863	Зовнішня капсула	19	0	8	0.0
864	Зовнішня клубова артерія	117	0	10	2.5
865	Зовнішня сонна артерія	473	1	31	15.0
866	Зовнішня яремна вена	179	1	15	5.0
867	Золпідем	124	0	9	3.5
868	Зонд Сенґстакена — Блекмора	109	0	8	3.0
869	Зооноз	1165	2	81	31.5
870	Зопіклон	139	0	9	4.0
871	Зоровий нерв	1219	5	69	40.0
872	Зофеноприл	22	0	3	1.0
873	Зсідання крові	5960	20	381	227.0
874	Зуклопентиксол	15	0	3	0.0
875	Зюков Анатолій Матвійович	5	0	1	0.0
876	Івабрадин	72	0	8	2.0
877	Іванов Вадим Миколайович	9	0	2	0.0
878	Івар Сандстрьом	6	0	1	0.0
879	Ідарубіцин	12	0	3	1.0
880	Ідіопатичний фіброзуючий альвеоліт	272	0	20	8.0
881	Ізоконазол	5	0	1	0.0
882	Ізоксуприн	11	0	4	0.0
883	Ізопреналін	143	0	11	4.0
884	Ізосорбіду динітрат	79	0	9	2.0
885	Ізоспороз	39	0	4	1.0
886	Іматиніб	43	0	4	1.0
887	Іміпенем	67	0	10	2.0
888	Іміпрамін	45	0	4	1.5
889	Імунітет (медицина)	10750	17	817	387.0
890	Імуногістохімія	421	4	38	12.0
891	Інвагінація кишечника	336	1	26	10.0
892	Інгібітори 5-альфа-редуктази	53	0	5	2.0
893	Інгібітори АПФ	1003	6	56	33.0
894	Інгібітори бета-лактамаз	49	0	8	1.5
895	Інгібітори протеази	158	0	18	5.0
896	Інгібітори рецепторів ангіотензину-ІІ	725	2	58	19.0
897	Інгібітори тирозинкінази	50	0	5	1.0
898	Індакатерол	14	0	2	0.0
899	Індапамід	92	0	7	3.0
900	Індинавір	13	0	3	0.0
901	Інкубаційний період	627	7	46	17.5
902	Інозин	162	1	12	4.5
903	Інозин пранобекс	333	3	19	9.5
904	Інститут ендокринології та обміну речовин імені В. П. Комісаренка НАМН України	128	0	8	4.0
905	Інститут медичної реабілітації дітей з ураженням центральної нервової системи імені Януша Корчака	18	0	3	1.0
906	Інститут очних хвороб і тканинної терапії імені В. П. Філатова НАМН України	235	1	16	7.5
907	Інститут тропічної медицини імені Бернгарда Нохта	9	0	3	0.0
908	Інструктор курсів невідкладної допомоги	12	0	3	1.0
909	Інсулін	4575	17	245	141.0
910	Інсулінова помпа	197	0	16	5.5
911	Інсулінома	47	0	5	1.0
912	Інсулінотерапія	190	1	16	5.0
913	Інтерстиційний нефрит	218	1	20	6.5
914	Інтраопераційне гістологічне експрес-дослідження	53	0	8	1.0
915	Інтубація	101	0	8	3.0
916	Інфекційна еритема	449	3	38	13.0
917	Інфекційний мононуклеоз	3701	54	189	113.5
918	Інфекційні захворювання	34584	32	3104	917.0
919	Інфекція	3641	7	220	118.0
920	Інфекція, яку спричинює вірус Епштейна — Барр	856	13	42	26.5
921	Інфекція, яку спричинює герпесвірус людини 6-го типу	203	2	16	6.0
922	Інфекція, яку спричинює герпесвірус людини 7-го типу	50	0	6	1.5
923	Інфекція, яку спричинює герпесвірус людини 8-го типу	134	0	10	4.0
924	Інфліксімаб	61	0	7	2.0
925	Іпохондрія	1683	29	101	51.0
926	Іпратропію бромід	149	0	14	5.0
927	Ірбесартан	17	0	3	0.0
928	Іринотекан	35	0	4	1.0
929	Ірит	145	0	15	4.0
930	Ісрадипін	8	0	2	0.0
931	Ітоприд	58	0	6	2.0
932	Ітраконазол	132	0	14	4.0
933	Іфосфамід	10	0	3	0.0
934	Ішемічна хвороба серця	6640	34	623	180.0
935	Ішемічний інсульт	1841	25	90	52.5
936	Ішурія	856	5	48	26.5
937	Йододефіцит	758	1	55	20.5
938	Кабазитаксел	16	0	4	1.0
939	Каберголін	114	1	10	4.0
940	Календар щеплень	410	1	42	12.0
941	Каліфорнійський енцефаліт	11	0	2	0.0
942	Каліцивірусна інфекція	44	0	5	2.0
943	Кальцитонін	1103	4	63	36.0
944	Кальцитріол	138	0	17	4.0
945	Кампілобактеріоз	337	0	25	9.5
946	Канакінумаб	4	0	1	0.0
947	Каналопатія	24	0	3	1.0
948	Канаміцин	48	0	7	1.0
949	Кандидоз	3410	39	199	106.5
950	Канцерогени	1440	6	90	44.5
951	Капецитабін	82	0	7	2.0
952	Капреоміцин	10	0	4	0.0
953	Каптоприл	339	1	24	10.5
954	Карантин	1163	0	90	41.5
955	Карбамазепін	424	4	24	13.0
956	Карбідопа	20	0	3	1.0
957	Карбоплатин	53	0	5	2.0
958	Карбоцистеїн	174	1	12	5.0
959	Карбункул (хвороба)	1050	11	53	32.0
960	Карведилол	97	0	9	2.5
961	Кардіалгія	155	1	15	4.0
962	Кардіоміопатія	3082	26	346	89.0
963	Кардіохірургія	138	0	14	4.0
964	Карипразин	16	0	2	1.0
965	Карл Вундерліх	4	0	1	0.0
966	Карл Йозеф Еберт	10	0	6	0.0
967	Карл фон Лібермейстер	10	0	4	0.0
968	Карл фон Рокітанські	64	0	10	3.5
969	Карлос Хуан Фінлей	7	0	2	0.0
970	Карлус Шагас	4	0	1	0.0
971	Кармустин	2	0	1	0.0
972	Каролінська університетська лікарня	17	0	3	0.0
973	Каротидний синус	108	0	7	3.0
974	Карфентаніл	106	0	9	3.0
975	Карциноїд	124	0	9	4.0
976	Карциноїдний синдром	148	2	14	4.0
977	Карцинома	4646	51	215	147.0
978	Каспофунгін	33	0	4	1.0
979	Катаракта	1460	12	89	38.5
980	Катастрофічний антифосфоліпідний синдром	44	0	4	1.5
981	Кафедра патологічної фізіології Національного медичного університету імені О. О. Богомольця	22	0	3	1.0
982	Кашель	1194	17	63	38.5
983	Кашлюк	5007	54	565	147.5
984	Кветіапін	146	1	13	4.5
985	Квінаприл	10	0	2	0.0
986	Келвін Леунг	6	0	4	0.0
987	Кератит	756	3	47	22.5
988	Кертіс Лестер Мендельсон	4	0	1	0.0
989	Кесонна хвороба	926	4	71	24.5
990	Кетоацидоз	530	4	34	16.5
991	Кетоконазол	249	2	14	8.0
992	Кетопрофен	213	2	13	6.5
993	Кеторолак	136	1	8	5.0
994	Кетотифен	199	1	12	6.0
995	Київська міська психіатрична лікарня	573	2	34	18.0
996	Київське обласне психіатрично-наркологічне медоб'єднання	217	1	15	6.0
997	Київський міський клінічний госпіталь ветеранів війни	154	1	10	4.0
998	Кила Шморля	1126	13	59	36.0
999	Кишенькова маска	18	0	3	0.0
1000	Кишечник	2916	34	151	90.0
1001	Кишкова непрохідність	1787	14	89	58.5
1002	Кільця Кайзера — Флайшера	59	0	6	1.5
1003	Кінезітерапія	977	9	59	29.0
1004	Кіоші Шига	4	0	1	0.0
1005	Кір	9362	47	635	285.0
1006	Кіркова речовина надниркової залози	378	1	28	11.0
1007	Кіста	1931	19	97	59.5
1008	Кіста зябрової дуги	21	0	2	1.0
1009	Кісточка (анатомія)	333	3	21	10.5
1010	Кітасато Сібасабуро	8	0	1	0.0
1011	Кіфоз	1068	8	62	33.5
1012	Клавдій Гален	577	1	54	17.0
1013	Клавуланова кислота	186	2	17	5.0
1014	Кладрибін	13	0	3	0.0
1015	Кларитроміцин	277	2	15	8.0
1016	Класифікація кровотеч за Форестом	508	2	38	16.5
1017	Кластер захворювання	16	0	2	1.0
1018	Клемастин	55	0	7	2.0
1019	Кленбутерол	98	0	8	3.0
1020	Кліндаміцин	173	2	12	5.0
1021	Клініка (медичний заклад)	243	1	18	7.0
1022	Клінічна лікарня «Феофанія»	597	6	51	17.5
1023	Клінічна настанова	54	0	5	1.0
1024	Клінічний аналіз крові	1510	16	101	45.5
1025	Клінічний аналіз сечі	1372	1	79	41.0
1026	Кліщовий висипний тиф Північної Азії	38	0	7	1.0
1027	Кліщовий енцефаліт	1449	3	108	42.0
1028	Кліщовий пароксизмальний рикетсіоз	7	0	2	0.0
1029	Клозапін	162	0	11	4.5
1030	Клоксацилін	29	0	3	1.0
1031	Кломіпрамін	51	0	5	2.0
1032	Клоназепам	191	1	13	6.0
1033	Клонорхоз	147	0	11	4.0
1034	Клонус	106	0	12	2.0
1035	Клотримазол	524	5	36	15.0
1036	Клофазимін	41	0	5	1.0
1037	Ключиця	650	4	40	20.0
1038	Клятва Гіппократа	1438	23	63	48.5
1039	Коагулограма	1645	16	100	56.0
1040	Коагулопатія	359	0	34	10.5
1041	Козько Володимир Миколайович	34	0	5	1.0
1042	Коксиби	79	0	14	2.0
1043	Колапс (медицина)	2272	8	144	69.5
1044	Колінний суглоб	1683	12	107	53.5
1045	Колінчастий вузол	29	0	5	1.0
1046	Колістин	257	0	100	3.0
1047	Коліт	1184	13	71	33.0
1048	Колоноскопія	1329	14	83	39.5
1049	Колорадська кліщова гарячка	26	0	4	1.0
1050	Колоректальний рак	942	15	45	29.0
1051	Кома (медицина)	2126	24	133	64.0
1052	Комісаренко Ігор Васильович	41	0	6	1.0
1053	Конваллятоксин	5	0	1	0.0
1054	Конверсія (психологія)	72	0	7	2.0
1055	Контагіозність	259	0	20	8.0
1056	Контактний механізм передачі інфекції	891	1	102	23.0
1057	Контрактура Дюпюїтрена	427	2	28	13.5
1058	Конча-Заспа (санаторій)	79	0	7	2.0
1059	Кора головного мозку	2542	9	160	83.0
1060	Корбініан Бродман	13	0	3	0.0
1061	Корглікон	209	1	13	7.5
1062	Коров'яча віспа	296	0	24	9.0
1063	Корона голівки члена	297	2	21	9.0
1064	Коронавірусна інфекція	141	0	10	4.0
1065	Коронарна недостатність	347	0	24	10.5
1066	Короста	5982	56	335	190.0
1067	Короткозорість	3917	12	448	90.0
1068	Кортизол	1772	23	97	57.0
1069	Кортизон	306	3	17	9.0
1070	Кортикальний гомункулус	154	0	14	4.0
1071	Корчак-Чепурківський Овксентій Васильович	73	0	10	2.0
1072	Косоокість	573	4	37	16.5
1073	Крайня капсула	7	0	2	0.0
1074	Крайня плоть	1063	15	48	32.0
1075	Краніофарингіома	70	0	5	2.0
1076	Краснуха	2941	29	181	96.0
1077	Крелін Юлій Зусманович	3	0	1	0.0
1078	Крим-Конго геморагічна гарячка	309	0	25	9.0
1079	Криптококоз	179	1	18	5.0
1080	Криптоспоридіоз	136	0	12	4.0
1081	Крістоф Вільгельм Гуфелянд	40	0	5	1.0
1082	Кров'яний тиск	1553	19	109	50.0
1083	Кронтовський Олексій Антонінович	4	0	2	0.0
1084	Кропив'янка (хвороба)	3779	75	172	113.5
1085	Круп	1949	14	107	64.0
1086	Ксантелазма	288	2	19	8.0
1087	Ксантома	343	2	28	9.0
1088	Ксипамід	41	0	18	1.0
1089	Ку-гарячка	281	1	20	8.0
1090	Кульшовий суглоб	1176	12	72	38.5
1091	Курортологія	150	0	15	3.0
1092	Куру (хвороба)	700	6	42	22.0
1093	Куряча сліпота (хвороба)	1352	5	92	40.0
1094	Лабеталол	100	0	8	3.0
1095	Лагофтальм	117	0	10	3.0
1096	Лазарет	113	0	7	3.5
1097	Лакосамід	20	0	5	0.5
1098	Лакунарний інсульт	269	1	16	8.5
1099	Ламівудин	40	0	5	1.0
1100	Ламотригін	94	0	8	3.0
1101	Ланатозид C	51	0	7	1.0
1102	Лансопразол	56	0	6	2.0
1103	Ланцюг виживання	297	0	32	7.5
1104	Лапатиніб	24	0	3	1.0
1105	Лаппаконітину гідробромід	29	0	6	1.0
1106	Ларингіт	4144	79	196	120.0
1107	Ларингоспазм	729	6	33	22.0
1108	Латамоксеф	5	0	1	0.0
1109	Лацидипін	6	0	2	0.0
1110	Левамізол	166	0	11	5.0
1111	Леветирацетам	66	0	6	2.0
1112	Леводопа	273	2	23	7.5
1113	Леводопа/карбідопа	25	0	6	0.0
1114	Левомепромазин	26	0	4	1.0
1115	Леворин	50	0	6	1.0
1116	Левотироксин	198	1	15	5.0
1117	Левофлоксацин	449	6	29	13.5
1118	Левоцетиризин	177	1	9	6.0
1119	Легенева гіпертензія	737	7	41	21.5
1120	Легеневе серце	1766	2	116	52.0
1121	Легіонельоз	617	3	37	18.0
1122	Ледіпасвір	102	0	11	3.0
1123	Лейкемічний провал	204	0	19	6.5
1124	Лейкоз	4486	35	218	146.5
1125	Лейкоцитарна формула	862	3	58	25.5
1126	Лейоміома	398	2	29	12.0
1127	Лейпрорелін	41	0	5	1.0
1128	Лейшманіози	850	3	53	24.0
1129	Лектини С-типу	7	0	2	0.0
1130	Ленограстим	5	0	2	0.0
1131	Лепрозорій	216	0	12	7.0
1132	Лептин	357	2	24	12.0
1133	Лептоспіроз	2377	19	150	73.5
1134	Лерканідипін	64	0	6	2.0
1135	Летаргічний енцефаліт	149	0	17	4.0
1136	Летрозол	66	0	7	2.0
1137	Лефлуномід	34	0	5	1.0
1138	Леш Федір Олександрович	18	0	4	1.0
1139	Лихоманка	30	0	4	1.0
1140	Лицева артерія	207	1	18	7.0
1141	Лицевий нерв	1348	10	80	42.0
1142	Лікар	1175	6	66	38.0
1143	Лікар-ендокринолог	1578	12	93	51.0
1144	Лікарня	728	5	47	22.5
1145	Лікарня відновного лікування Міністерства внутрішніх справ України	332	1	31	7.5
1146	Лікарська рослина	947	3	67	28.0
1147	Лікарський збірник	7	0	2	0.0
1148	Лікарські засоби	3086	9	158	101.5
1149	Ліктьовий суглоб	386	0	31	10.5
1150	Лімфангіт	171	1	11	5.0
1151	Лімфатичні філяріїдози	38	0	4	1.0
1152	Лімфогранулематоз	1993	14	126	60.5
1153	Лімфома	1225	6	71	41.0
1154	Лімфома Беркітта	515	6	46	13.0
1155	Лімфома щитоподібної залози	30	0	4	1.0
1156	Лімфорея	75	0	7	2.0
1157	Лімфоцитарний хоріоменінгіт	55	0	7	2.0
1158	Лімфоцитоз	640	7	38	20.0
1159	Ліндеман Володимир Карлович	15	0	3	1.0
1160	Лінезолід	95	0	9	2.0
1161	Лінкозаміди	98	0	9	3.0
1162	Лінкоміцин	555	8	35	17.0
1163	Лістеріоз	371	0	29	11.0
1164	Літотрипсія	283	2	19	8.0
1165	Лоаоз	95	0	9	3.0
1166	Лобова частка (мозок)	803	2	44	27.5
1167	Лобово-скронева деменція	29	0	3	1.0
1168	Ловастатин	87	0	12	2.0
1169	Локсапін	9	0	1	1.0
1170	Ломефлоксацин	16	0	3	1.0
1171	Лопатка	473	5	39	13.0
1172	Лоперамід	539	6	36	15.0
1173	Лопінавір	8	0	2	0.0
1174	Лопінавір/Ритонавір	7	0	1	0.0
1175	Лоразепам	133	0	9	4.0
1176	Лорноксикам	69	0	10	2.0
1177	Луї Пастер	949	5	57	29.0
1178	Люмбальна пункція	1276	8	73	36.5
1179	Лямбліоз	2759	11	195	79.0
1180	М'язова атрофія	794	7	38	25.5
1181	М'який шанкр	415	3	27	12.0
1182	Магнітно-резонансна томографія	3140	39	188	91.0
1183	Майкл Елліс ДеБейкі	36	0	4	1.0
1184	Макроглобулінемія Вальденстрема	147	0	11	4.0
1185	Макроліди	656	6	46	21.5
1186	Малеїн	9	0	2	0.0
1187	Малогомілкова кістка	204	1	15	5.5
1188	Малярія	7313	18	487	238.0
1189	Мапротилін	17	0	3	1.0
1190	Маравірок	16	0	2	1.0
1191	Маревний паразитоз	157	0	14	5.0
1192	Марі Буавен	4	0	1	0.0
1193	Марк Фредерік Бойд	40	0	7	2.0
1194	Марсельська гарячка	111	0	14	3.0
1195	Масаж	1856	13	108	57.5
1196	Мастит	1223	14	70	37.0
1197	Мастоїдит	605	6	37	18.5
1198	Мастопатія	1518	20	87	47.0
1199	Меатотомія	24	0	4	1.0
1200	Мебеверин	94	0	6	3.0
1201	Мебендазол	161	0	10	4.0
1202	Мебікар	443	0	25	14.0
1203	Мегестрол	18	0	4	1.0
1204	Медазепам	37	0	5	1.0
1205	Медаль Менсона	9	0	7	0.0
1206	Медицина	3095	9	192	93.5
1207	Медицина подорожей та хвороб мандрівників	81	0	16	2.0
1208	Медична акустика	636	0	38	22.0
1209	Медична діагностика	1203	0	81	38.5
1210	Медичне сортування	881	1	77	22.0
1211	Медичне страхування	1221	2	98	34.5
1212	Медичний факультет Київського імператорського університету Святого Володимира	99	0	14	2.0
1213	Медроксипрогестерон	35	0	11	1.0
1214	Медулярний рак щитоподібної залози	415	1	29	12.0
1215	Мексилетин	13	0	2	0.0
1216	Меланома	1802	18	121	50.0
1217	Мелатонін	2167	27	119	65.5
1218	Меліоїдоз	80	0	7	2.0
1219	Мелперон	25	0	3	1.0
1220	Мелфалан	14	0	2	0.0
1221	Мельдоній	838	11	77	22.0
1222	Менінгеальний синдром	405	2	28	12.5
1223	Менінгеальні симптоми	1049	6	68	32.0
1224	Менінгізм	232	0	31	6.0
1225	Менінгіт	4077	53	222	126.5
1226	Менінгокок	587	2	45	16.0
1227	Менінгококова інфекція	3768	22	243	100.5
1228	Меніск (анатомія)	1502	23	71	46.0
1229	Менопауза	1155	17	67	34.0
1230	Менструальні розлади	3196	42	148	100.0
1231	Меркаптопурин	32	0	3	1.0
1232	Меропенем	67	0	7	2.0
1233	Месна	25	0	4	1.0
1234	Метаболізм лікарських засобів	551	0	42	17.5
1235	Метагонімоз	88	0	7	3.0
1236	Метаквалон	187	1	15	5.0
1237	Метапневмовірусна інфекція	35	0	5	1.0
1238	Метастаз	1010	11	50	33.0
1239	Метастронгільоз	63	0	7	2.0
1240	Метациклін	18	0	2	1.0
1241	Метилпреднізолон	158	0	10	5.0
1242	Метилфенідат	399	3	28	13.0
1243	Метицилін	51	0	4	1.5
1244	Метод Сельдінгера	199	1	16	5.0
1245	Метоклопрамід	715	6	36	22.5
1246	Метоксифлуран	22	0	5	0.0
1247	Метопролол	110	1	7	3.0
1248	Метотрексат	354	1	23	9.5
1249	Метформін	715	13	39	20.5
1250	Мефедрон	1873	36	90	61.0
1251	Мефлохін	23	0	3	1.0
1252	Механізм передачі інфекції	2400	2	191	69.5
1253	Механотерапія	381	0	28	10.5
1254	Мечников Ілля Ілліч	2445	13	151	72.0
1255	Мигдалики	2765	18	187	85.5
1256	Миготіння передсердь	665	4	37	20.0
1257	Миготіння шлуночків	287	1	21	9.0
1258	Міансерин	64	0	6	2.0
1259	Мігрень	3003	35	151	95.5
1260	Мідазолам	86	0	9	2.0
1261	Мідекаміцин	30	0	4	1.0
1262	Мідріаз	560	5	51	17.0
1263	Мієліт	232	2	16	7.0
1264	Мієлодиспластичні синдроми	79	0	9	2.0
1265	Мієломна хвороба	1154	11	80	31.5
1266	Міжнародна класифікація функціонування, обмеження життєдіяльності та здоров’я (МКФ)	573	0	57	17.0
1267	Міжнародне агентство з дослідження раку	18	0	3	0.0
1268	Міжнародне нормалізоване відношення	1250	10	69	40.5
1269	Міжнародний класифікатор хвороб	2228	13	128	72.0
1270	Міжнародні медико-санітарні правила 2005 року	130	0	17	4.0
1271	Міжхребцева кила	2685	40	129	84.5
1272	Міжхребцевий диск	554	2	39	17.0
1273	Мікафунгін	4	0	2	0.0
1274	Міконазол	62	0	6	2.0
1275	Мікоплазмоз урогенітальний	816	3	43	27.0
1276	Мікофенолова кислота	25	0	4	1.0
1277	Мікроцефалія	409	4	23	12.0
1278	Мікседема	797	1	49	24.5
1279	Мілнаципран	18	0	2	1.0
1280	Мінералокортикоїди	407	0	33	11.0
1281	Міноксидил	889	11	63	26.0
1282	Мінх Григорій Миколайович	19	0	3	0.0
1283	Мінцер Озар Петрович	63	0	6	2.0
1284	Міозит	1213	16	60	36.5
1285	Міома матки	1701	15	99	53.0
1286	Міопатія	822	5	45	27.0
1287	Міофасціальний больовий синдром	363	2	25	12.0
1288	Міртазапін	134	1	8	4.0
1289	Мітоксантрон	12	0	2	0.0
1290	Мітоміцин	19	0	4	0.5
1291	МКХ-10: Клас I. Деякі інфекційні та паразитарні хвороби (A)	569	2	40	17.0
1292	МКХ-10: Клас I. Деякі інфекційні та паразитарні хвороби (B)	699	2	37	26.5
1293	МКХ-10: Клас V. Розлади психіки та поведінки	3292	29	168	100.0
1294	МКХ-10: Клас VI. Хвороби нервової системи	2494	21	126	93.5
1295	МКХ-10: Клас VII. Хвороби ока та його придаткового апарату	1368	6	80	48.0
1296	МКХ-10: Клас VIII. Хвороби вуха та соскоподібного відростка	583	3	30	20.0
1297	МКХ-10: Клас XVI. Окремі стани, що виникають в перинатальному періоді	577	4	38	18.5
1298	МКХ-10: Клас XVII. Вроджені вади розвитку, деформації та хромосомні аномалії	1675	7	97	59.0
1299	Множинна ендокринна неоплазія	62	0	6	2.0
1300	Множинна ендокринна неоплазія тип 1	24	0	3	1.0
1301	Множинна ендокринна неоплазія тип 2А	23	0	3	1.0
1302	Множинна ендокринна неоплазія тип 2Б	12	0	2	0.0
1303	Мобільний армійський хірургічний шпиталь	8	0	3	0.0
1304	Модафініл	281	2	20	8.5
1305	Моексиприл	4	0	1	0.0
1306	Мозкова речовина надниркової залози	247	0	18	8.0
1307	Мозковий кровообіг	863	4	48	26.0
1308	Мозолисте тіло	505	4	34	17.0
1309	Моксифлоксацин	89	0	7	2.0
1310	Монобактами	66	0	10	2.0
1311	Монойодтирозин	4	0	2	0.0
1312	Моноклональні антитіла	729	2	47	26.0
1313	Монтелукаст	146	0	13	4.0
1314	Морацизин	9	0	2	0.0
1315	Морська хвороба	172	0	14	5.0
1316	Мосаприд	25	0	4	0.5
1317	Мочутковський Йосип Йосипович	10	0	2	0.0
1318	Моямоя	198	1	27	5.0
1319	Муковісцидоз	4449	49	235	134.5
1320	Мукормікоз	134	0	15	4.0
1321	Мупіроцин	58	0	8	1.0
1322	Мутизм	220	1	14	7.5
1323	Набряк	989	4	52	33.0
1324	Набряк Квінке	3534	47	195	99.0
1325	Набряк легень	1561	8	87	48.0
1326	Набуметон	39	0	3	1.0
1327	Набутий імунітет	1550	1	135	39.0
1328	Надгортанник	361	1	33	11.0
1329	Надіфлоксацин	1	0	1	0.0
1330	Надлопаткова артерія	40	0	5	1.0
1331	Надлопаткова вена	10	0	2	1.0
1332	Надниркова залоза	3492	9	194	121.0
1333	Надолол	14	0	2	1.0
1334	Надп'яткова кістка	147	0	11	5.0
1335	Надп'ятково-гомілковий суглоб	711	3	48	22.0
1336	Надропарин	42	0	6	1.0
1337	Налбуфін	324	3	21	10.0
1338	Налідиксова кислота	33	0	4	1.0
1339	Налорфін	33	0	5	1.0
1340	Нанофієтоз	93	0	10	2.0
1341	Напроксен	239	2	13	7.0
1342	Наталізумаб	22	0	4	1.0
1343	Натаміцин	68	0	7	2.0
1344	Натан Едвін Брілл	5	0	2	0.0
1345	Натрію пікосульфат	39	0	8	1.0
1346	Натуральна віспа	3437	43	187	100.5
1347	Науково-практичний центр профілактичної та клінічної медицини Державного управління справами	142	0	14	4.0
1348	Нафтифін	31	0	4	1.0
1349	Національна асоціація екстрених медичних техніків	78	0	10	2.0
1350	Національний інститут раку (Україна)	385	0	41	9.0
1351	Національний музей медицини України	156	0	15	5.0
1352	Національний реєстр екстрених медичних техніків (США)	4	0	3	0.0
1353	Небіволол	112	0	10	3.0
1354	Невірапін	12	0	2	0.0
1355	Неврит	791	11	42	24.0
1356	Неврома	46	0	5	1.0
1357	Негоджкінська лімфома	815	5	55	26.0
1358	Негоспітальна пневмонія	493	1	33	15.5
1359	Нежить	1761	20	102	54.0
1360	Нейробластома	376	1	92	5.5
1361	Нейродерміт	754	7	40	24.0
1362	Нейроендокринна пухлина	151	0	13	4.0
1363	Нейроінфекції	738	6	40	23.0
1364	Нейропатія	656	1	45	21.5
1365	Нейрофіброматоз	488	1	35	15.0
1366	Нейрофіброматоз І типу	332	0	22	10.0
1367	Нейрофіброматоз II типу	72	0	7	2.0
1368	Некробацильоз	45	0	6	1.0
1369	Некроз	1929	11	136	63.0
1370	Некротичний фасциїт	2	0	1	0.0
1371	Нелфінавір	7	0	2	0.0
1372	Немоноксацин	6	0	2	0.0
1373	Ненуклеозидні інгібітори зворотньої транскриптази	46	0	8	1.0
1374	Неоміцин	129	0	10	4.0
1375	Неостигмін	23	1	11	4.0
1376	Непарна щитоподібна артерія	62	0	7	2.0
1377	Нервова анорексія	866	11	44	26.0
1378	Нервова система	7246	20	423	237.0
1379	Нервовий вузол	359	1	43	9.0
1380	Нереверсивна маска	66	0	8	2.0
1381	Неспецифічний виразковий коліт	1313	14	73	39.5
1382	Несправжній суглоб	133	0	15	4.0
1383	Нетилміцин	17	0	2	1.0
1384	Нефопам	33	0	3	1.0
1385	Нефротичний синдром	619	2	47	18.5
1386	Нецукровий діабет	588	5	36	17.0
1387	Нещадименко Марко Петрович	17	0	4	0.0
1388	Нижня щитоподібна артерія	55	0	8	2.0
1389	Нижня щитоподібна вена	12	0	7	0.0
1390	Низько-диференційований рак щитоподібної залози	35	0	5	1.0
1391	Нізатидин	7	0	2	0.0
1392	Нікардипін	13	0	2	1.0
1393	Ніклас Сальгрен	1	0	1	0.0
1394	Нікольський Петро Васильович	9	0	2	0.0
1395	Нікорандил	18	0	3	1.0
1396	Ніктурія	290	1	21	8.0
1397	Нілотиніб	19	0	2	1.0
1398	Нільс Алвалл	6	0	2	0.0
1399	Німесулід	437	8	24	12.5
1400	Німодипін	20	0	3	0.0
1401	Німоразол	25	0	3	1.0
1402	Німотузумаб	10	0	2	0.0
1403	Ністагм	911	9	57	26.5
1404	Нітразепам	106	0	10	4.0
1405	Нітрендипін	3	0	2	0.0
1406	Нітроксолін	427	3	24	13.0
1407	Нітрофурани	422	4	51	11.5
1408	Нітрофурантоїн	146	0	9	4.5
1409	Ніфедипін	194	1	13	6.0
1410	Ніфурател	89	0	7	3.0
1411	Ніфуроксазид	440	6	25	14.0
1412	Нобелівська премія з фізіології або медицини	272	1	20	9.0
1413	Новоутворення ендокринних залоз	52	0	6	2.0
1414	Нога людини	843	5	55	24.5
1415	Ножиці атравматичні	15	0	2	1.0
1416	Нозологія	825	0	51	24.0
1417	Нокардіоз	82	0	9	2.0
1418	Нома	227	3	16	6.0
1419	Норовірусна інфекція	162	1	16	3.0
1420	Норфлоксацин	110	1	8	3.0
1421	Носова канюля	29	0	3	1.0
1422	Носова кровотеча	431	3	30	12.0
1423	Нудота	451	7	23	14.0
1424	Нуклеозидні інгібітори зворотньої транскриптази	93	0	14	1.0
1425	Нюховий горбок	29	0	5	1.0
1426	О'ньйонг'ньйонг	9	0	2	0.0
1427	Обідкова частка	103	0	16	2.0
1428	Обінутузумаб	3	0	1	0.0
1429	Обличчя великої панди (ознака)	8	0	2	0.0
1430	Образцов Василь Парменович	116	0	14	3.0
1431	Обрамлене застереження	27	0	7	1.0
1432	Огорожа (анатомія)	58	0	6	1.5
1433	Одеська обласна клінічна лікарня	36	0	4	1.0
1434	Ожиріння в Україні	62	0	7	2.0
1435	Окоруховий нерв	527	1	39	17.0
1436	Оксаліплатин	37	0	6	1.0
1437	Оксацилін	129	0	13	3.0
1438	Оксибутинін	58	0	5	2.0
1439	Оксиками	43	0	7	1.0
1440	Оксикодон	503	3	55	12.5
1441	Оксиконазол	6	0	2	0.0
1442	Окситоцин	1630	17	85	49.5
1443	Окскарбазепін	27	0	3	1.0
1444	Окспренолол	8	0	2	0.0
1445	Оланзапін	100	0	10	3.0
1446	Олеандоміцин	13	0	2	0.0
1447	Олігурія	538	3	39	16.5
1448	Олмесартан	35	0	4	1.0
1449	Олопатадин	23	0	3	1.0
1450	Омалізумаб	18	0	3	1.0
1451	Омепразол	864	13	61	25.0
1452	Омнопон	114	0	8	3.5
1453	Омоконазол	5	0	1	0.0
1454	Онейроїд	147	0	11	4.0
1455	Оніхофагія	98	0	9	2.0
1456	Онкологія	1048	9	57	33.0
1457	Онкоцит	32	0	4	1.0
1458	Онхоцеркоз	150	0	14	4.0
1459	Операція Бенталла	46	0	8	1.0
1460	Операція Крайля	230	0	23	5.5
1461	Оперізуючий герпес	8874	143	374	274.0
1462	Опікова хвороба	721	2	49	21.0
1463	Опіковий шок	773	1	62	23.5
1464	Опісторхоз	1183	6	127	37.0
1465	Опортуністична інфекція	365	0	28	10.0
1466	Орієнтовний перелік основних лікарських засобів, розроблений ВООЗ	109	0	10	3.0
1467	Орнідазол	231	0	15	7.0
1468	Орнітоз	558	1	36	15.5
1469	Орхіт	347	3	23	11.0
1470	Орципреналін	21	0	4	1.0
1471	Остеопороз	2308	11	134	70.0
1472	Остеосинтез	243	0	17	7.0
1473	Острівцева кора	139	0	13	4.0
1474	Осьовий хребець	223	1	17	6.0
1475	Отопластика	114	0	11	3.0
1476	Отруєння	3617	13	232	102.5
1477	Отруєння грибами	554	0	46	16.5
1478	Отруєння етиловим спиртом	505	2	37	15.0
1479	Отто Обермаєр	3	0	1	0.0
1480	Офатумумаб	6	0	2	0.0
1481	Офлоксацин	224	0	12	7.0
1482	Офтальмологія	783	5	49	23.5
1483	Офтальмоплегія	124	0	14	4.0
1484	Очеревина	741	5	60	22.0
1485	Очерки гнойной хирургии	22	0	3	1.0
1486	Очна артерія	87	0	8	3.0
1487	Очна ямка	400	2	30	11.5
1488	П'єр Фідель Бретонно	6	0	2	0.0
1489	П'єр-Шарль Александр Луї	4	0	1	0.0
1490	П'ята холерна пандемія	12	0	3	0.0
1491	П'яткова кістка	97	0	8	3.0
1492	Падалка Борис Якович	18	0	3	1.0
1493	Паклітаксел	88	0	5	3.0
1494	Паліперидон	16	0	2	0.0
1495	Панарицій	1147	6	83	38.5
1496	Пандемія	1220	10	73	36.5
1497	Пандемія грипу H1N1 (2009)	123	0	31	2.0
1498	Пандемія хвороби, яку спричинює вірус Зіка	30	0	5	1.0
1499	Панкреатична нейроендокринна пухлина	28	0	3	1.0
1500	Пантопразол	273	2	19	8.5
1501	Панцитопенія	306	2	26	8.0
1502	Папілома	1455	21	70	45.0
1503	Папілярний рак щитоподібної залози	533	2	38	17.5
1504	Парааміносаліцилова кислота	38	0	6	1.0
1505	Парагангліома	47	0	4	1.5
1506	Парагонімоз	168	0	13	5.0
1507	Парагрип	1063	2	86	30.5
1508	Паразитарна інвазія	2562	2	229	58.5
1509	Паразитарні хвороби	17	3	7	7.0
1510	Параліч	864	5	65	27.0
1511	Парамедик	369	4	24	10.5
1512	Паранеопластичний синдром	203	1	16	6.0
1513	Парапроктит	2061	33	105	64.5
1514	Паратгормон	1544	5	91	48.0
1515	Паратиреоїдектомія	34	0	6	1.0
1516	Паратифи	534	2	40	13.0
1517	Паратонзилярний абсцес	1401	24	66	42.5
1518	Паращитоподібна залоза	1048	2	75	34.0
1519	Парвовірус В19	402	4	28	11.0
1520	Парекоксиб	27	0	4	1.0
1521	Парентеральне введення	1658	5	84	56.5
1522	Пароксетин	188	1	13	5.0
1523	Пароксизм	311	4	20	8.5
1524	Пароксизмальна тахікардія	1190	14	67	35.0
1525	Паромоміцин	13	0	2	0.0
1526	Паротит	406	3	27	12.5
1527	Парфанович Софія	28	0	4	1.0
1528	Патісіран	1	0	1	0.0
1529	Патогенез	936	1	52	31.5
1530	Патогенез бічного аміотрофічного склерозу	21	0	6	0.0
1531	Патогномонічний симптом	157	0	12	4.5
1532	Патологічна анатомія	744	6	37	25.0
1533	Патрік Менсон (паразитолог)	11	0	7	0.0
1534	Пауль Лангерганс	8	0	2	0.0
1535	Пахвинна зв'язка	229	1	15	6.5
1536	Пахвинний канал	706	3	48	22.0
1537	Пахвова артерія	186	0	16	5.0
1538	Пахвова вена	54	0	7	2.0
1539	Пахова гранульома	227	1	17	7.0
1540	Пегільований інтерферон альфа-2а	83	0	9	2.0
1541	Пегільований інтерферон альфа-2b	21	0	4	1.0
1542	Пегфілграстим	13	0	4	0.0
1543	Педикульоз	2709	16	185	86.0
1544	Пелещук Анатолій Петрович	11	0	2	0.0
1545	Пембролізумаб	100	0	8	3.0
1546	Пеметрексед	48	0	7	1.0
1547	Пенетрація (медицина)	350	2	28	10.0
1548	Пеніцилін	2284	33	105	75.0
1549	Пентазоцин	30	0	3	1.0
1550	Пентамідин	27	0	4	1.0
1551	Пентобарбітал	208	2	28	6.0
1552	Пентоксифілін	252	0	18	8.0
1553	Пенцикловір	24	0	3	1.0
1554	Пептична виразка	1524	16	92	44.5
1555	Первинний амебний менінгоенцефаліт	51	0	9	1.0
1556	Передменструальний синдром	2528	37	113	78.5
1557	Передня мозкова артерія	116	0	15	3.0
1558	Передня яремна вена	62	0	5	2.0
1559	Передсердний натрійуретичний фактор	188	0	17	5.0
1560	Передчасна еякуляція	979	19	46	30.0
1561	Переливання крові	3616	16	227	110.0
1562	Перелік інфекційних хвороб людини	10478	6	1080	236.0
1563	Перелік курсів екстреної медичної допомоги	12	0	2	1.0
1564	Перелік паразитарних хвороб людини	3376	0	363	67.5
1565	Переломи кісток	4688	26	291	135.5
1566	Перикардит	1052	5	65	30.5
1567	Перитоніт	2690	41	145	84.5
1568	Періодонтоз	770	3	48	19.5
1569	Перкусія	675	0	44	19.0
1570	Пероральний прийом лікарських засобів	2036	30	87	65.5
1571	Перстнещитоподібна артерія	2	0	1	0.0
1572	Пертузумаб	17	0	4	1.0
1573	Перша холерна пандемія	13	0	4	0.0
1574	Петер Крауснекер	3	0	2	0.0
1575	Петехія	467	3	29	14.0
1576	Пефлоксацин	19	0	2	1.0
1577	Печериста пазуха	123	0	16	3.0
1578	Печінка	7820	31	496	228.5
1579	Печінкова недостатність	1142	10	81	32.5
1580	Печія	946	20	52	28.0
1581	Пирогов Микола Іванович	2203	13	125	66.5
1582	Півкулі головного мозку	1595	7	93	55.0
1583	Під'язикова артерія	18	0	2	1.0
1584	Підвисоцький Володимир Валеріанович	65	0	7	2.0
1585	Підвішуюча зв'язка щитоподібної залози	4	0	2	0.0
1586	Підключична артерія	517	3	36	15.5
1587	Підключична вена	105	0	11	2.0
1588	Підотимод	8	0	2	0.0
1589	Підпід'язикова артерія	2	0	1	0.0
1590	Підшкірна ін'єкція	1125	9	59	37.0
1591	Підшкірний мансонельоз	59	0	6	1.0
1592	Підшкірні філяріїдози	44	0	6	1.0
1593	Пієлонефрит	3992	29	243	117.5
1594	Пілокарпін	21	1	14	3.0
1595	Пімозид	18	0	3	1.0
1596	Піндолол	13	0	1	1.0
1597	Пінеалобластома	25	0	17	0.0
1598	Пінеалома	25	0	5	1.0
1599	Пінта (хвороба)	75	0	8	2.0
1600	Піодермія	1445	18	79	42.0
1601	Піпемідова кислота	30	0	6	1.0
1602	Піперазин	156	2	12	4.0
1603	Піперацилін	19	0	2	1.0
1604	Піразинамід	33	0	7	1.0
1605	Пірамідна система	682	4	38	22.0
1606	Пірантел	187	0	32	4.5
1607	Пірибедил	8	0	2	0.0
1608	Піридостигмін	26	0	13	1.5
1609	Піріметамін	14	0	3	0.0
1610	Піріметамін/сульфадоксин	16	0	3	0.0
1611	Пірліндол	20	0	3	1.0
1612	Піроксикам	47	0	6	1.0
1613	Пітавастатин	18	0	4	1.0
1614	Пітуіцитома	9	0	2	0.0
1615	Плазмодій	1519	2	85	50.5
1616	Платифілін	268	3	17	8.5
1617	Плеврит	3748	32	219	108.0
1618	Плевромутилін	6	0	2	0.0
1619	Плечеголовна вена	94	0	8	3.0
1620	Плечоголовний стовбур	126	0	9	4.0
1621	Пліометрика	75	0	8	2.0
1622	Плоска бородавка	94	0	8	2.0
1623	Плоскоклітинна карцинома щитоподібної залози	38	0	4	1.0
1624	Пляма (висип)	219	2	18	6.0
1625	Плямиста гарячка Скелястих Гір	63	0	6	2.0
1626	Пневмоконіоз	983	0	65	27.0
1627	Пневмоторакс	2884	17	185	84.0
1628	Пневмоцистна пневмонія	326	0	25	9.0
1629	Побічна дія (медицина)	3606	46	156	116.0
1630	Поверхнева скронева артерія	95	0	8	3.0
1631	Повільні інфекції	148	0	11	3.5
1632	Повітряно-крапельний механізм передачі інфекції	1063	4	91	27.0
1633	Поворотний тиф	438	2	38	12.0
1634	Подагра	7886	118	465	245.0
1635	Позаконазол	11	0	4	0.0
1636	ПоКіФоРо ІнРиКоЗ	31	0	5	1.0
1637	Поле Бродмана 4	27	0	3	1.0
1638	Поле Бродмана 5	11	0	3	0.0
1639	Поле Бродмана 6	11	0	3	0.0
1640	Поле Бродмана 7	21	0	4	1.0
1641	Поле Бродмана 8	8	0	2	0.0
1642	Поле Бродмана 9	7	0	2	0.0
1643	Поле Бродмана 10	24	0	3	1.0
1644	Поле Бродмана 11	9	0	3	0.0
1645	Поле Бродмана 12	8	0	3	0.0
1646	Поле Бродмана 13	6	0	2	0.0
1647	Поле Бродмана 14	5	0	1	0.0
1648	Поле Бродмана 15	5	0	3	0.0
1649	Поле Бродмана 16	1	0	1	0.0
1650	Поле Бродмана 20	5	0	1	0.0
1651	Поле Бродмана 21	1	0	1	0.0
1652	Поле Бродмана 22	7	0	2	0.0
1653	Поле Бродмана 23	12	0	3	0.0
1654	Поле Бродмана 24	13	0	2	1.0
1655	Поле Бродмана 25	21	0	5	1.0
1656	Поле Бродмана 26	4	0	1	0.0
1657	Поле Бродмана 27	6	0	2	0.0
1658	Поле Бродмана 28	1	0	1	0.0
1659	Поле Бродмана 29	3	0	3	0.0
1660	Поле Бродмана 30	5	0	3	0.0
1661	Поле Бродмана 31	3	0	2	0.0
1662	Поле Бродмана 32	4	0	2	0.0
1663	Поле Бродмана 33	1	0	1	0.0
1664	Поле Бродмана 34	5	0	1	0.0
1665	Поле Бродмана 35	5	0	1	0.0
1666	Поле Бродмана 36	4	0	1	0.0
1667	Поле Бродмана 37	8	0	2	0.0
1668	Поле Бродмана 38	15	0	5	0.0
1669	Поле Бродмана 39	10	0	4	0.0
1670	Поле Бродмана 40	22	0	4	1.0
1671	Поле Бродмана 43	4	0	2	0.0
1672	Поле Бродмана 44	11	0	3	0.0
1673	Поле Бродмана 45	16	0	3	1.0
1674	Поле Бродмана 46	10	0	3	0.0
1675	Поле Бродмана 47	8	0	3	0.0
1676	Поле Бродмана 48	3	0	1	0.0
1677	Поле Бродмана 49	1	0	1	0.0
1678	Поле Бродмана 52	4	0	2	0.0
1679	Поліартрит	825	15	35	26.5
1680	Полідипсія	199	1	15	6.0
1681	Полієнові антибіотики	113	1	10	3.0
1682	Полікістоз нирок	536	4	35	14.0
1683	Поліклініка № 1 Державного управління справами	126	0	11	3.0
1684	Поліневрит	427	3	30	13.5
1685	Поліноз	559	0	44	13.5
1686	Поліомієліт	5856	34	366	181.0
1687	Політравма	1799	7	134	42.5
1688	Поліфагія (симптом)	139	0	14	4.0
1689	Поля Бродмана	363	0	33	12.0
1690	Поля Бродмана 17, 18, 19. Зорова кора.	139	0	17	4.0
1691	Поля Бродмана 41 і 42	9	0	2	0.0
1692	Поперечна артерія шиї	70	0	8	2.0
1693	Постцентральна звивина	160	1	14	4.0
1694	Потилична артерія	27	0	3	1.0
1695	Потилична частка	597	1	38	21.0
1696	Потрійний-А синдром	59	0	9	1.5
1697	Поясна кора	99	0	14	2.5
1698	Правастатин	17	0	3	0.0
1699	Правець	5580	25	327	161.0
1700	Правило Лібермейстера	55	0	14	1.0
1701	Правцева діагностична тріада	25	0	4	1.0
1702	Празиквантел	144	1	14	4.5
1703	Празозин	161	0	13	5.0
1704	Праміпексол	24	0	5	1.0
1705	Прамірацетам	32	0	4	1.0
1706	Прасугрель	24	0	3	1.0
1707	Прегабалін	617	6	46	17.5
1708	Преднізолон	875	11	44	27.5
1709	Примак Федір Якович	18	0	4	1.0
1710	Пріонові хвороби	2099	4	164	52.5
1711	Проба Шелестюка	161	0	12	5.0
1712	Прогестерон	2228	15	116	74.0
1713	Прогормон	38	0	6	1.0
1714	Прогресивний параліч	51	0	6	2.0
1715	Продромальний період	250	1	21	7.0
1716	Прозектор	25	0	4	1.0
1717	Проказа	2801	62	170	83.5
1718	Прокаїн	330	0	23	9.5
1719	Прокаїнамід	32	0	5	1.0
1720	Проктит	771	10	41	24.5
1721	Пролактин	1652	16	86	55.0
1722	Пролактинома	248	2	20	6.5
1723	Променева терапія	1017	5	77	34.0
1724	Променева хвороба	2675	5	194	72.0
1725	Променево-зап'ястковий суглоб	408	0	27	11.0
1726	Прометазин	164	0	14	5.0
1727	Пропафенон	29	0	4	1.0
1728	Пропілтіоурацил	26	0	3	1.0
1729	Пропранолол	238	1	15	7.0
1730	Пророксан	29	0	3	1.0
1731	Простагландини	725	4	45	20.0
1732	Простатит	4533	59	218	143.5
1733	Протиглисні засоби	149	0	14	4.0
1734	Протипаркінсонічні препарати	155	0	12	5.0
1735	Протіонамід	3	0	2	0.0
1736	Протозойні хвороби	14	4	5	5.0
1737	Протрузія міжхребцевого диска	621	6	39	19.0
1738	Професійні хвороби	1202	0	104	30.0
1739	Прохлорперазин	35	0	4	1.0
1740	Псевдобульбарний синдром	647	1	39	21.5
1741	Псевдоефедрин	322	5	16	10.0
1742	Псевдотуберкульоз	598	3	67	17.0
1743	Психіатр	254	4	18	7.0
1744	Псоріаз	4093	74	195	129.0
1745	Пташиний грип	177	0	13	5.0
1746	Пульпіт	883	5	68	27.0
1747	Пульпозне ядро	28	0	3	1.0
1748	Пульс	5504	39	319	170.0
1749	Пульсометрія	148	1	16	4.0
1750	Пухир	228	1	15	7.0
1751	Пухлина головного мозку	1802	25	105	54.5
1752	Пухлинний маркер	267	1	23	8.5
1753	Рабдоміоліз	250	1	14	7.5
1754	Рабепразол	47	0	5	1.0
1755	Разагілін	10	0	3	0.0
1756	Рак легені	4557	39	265	137.0
1757	Рак молочної залози	1809	11	101	55.5
1758	Рак паращитоподібної залози	54	0	5	2.0
1759	Рак підшлункової залози	813	11	43	25.0
1760	Рак стравоходу	736	10	36	22.5
1761	Рак шийки матки	1071	7	68	31.0
1762	Рак шкіри	2315	17	131	65.5
1763	Рак щитоподібної залози	767	6	43	25.0
1764	Раково-ембріональний антиген	120	0	11	3.0
1765	Ралтегравір	14	0	3	1.0
1766	Рана	2212	6	160	68.5
1767	Рандомізоване контрольоване дослідження	188	0	16	5.0
1768	Ранолазин	64	0	6	2.0
1769	Рауль Бенсауд	3	0	1	0.0
1770	Рафаель Бланшар	2	0	1	0.0
1771	Рахіт	4689	20	313	138.0
1772	Реактивний артрит	799	9	51	25.5
1773	Реакція Асколі	261	0	35	7.0
1774	Реакція пасивної гемаглютинації	260	0	20	8.0
1775	Реанімація (медицина)	2551	12	174	74.0
1776	Ребаміпід	63	0	7	2.0
1777	Реберношийний стовбур	52	0	6	2.0
1778	Ревматизм	6029	45	309	196.5
1779	Ревматологія	716	5	35	24.5
1780	Рейкі	261	4	15	7.5
1781	Рене Лаенек	49	0	5	1.0
1782	Ренін	869	2	76	20.0
1783	Реноваскулярна гіпертензія	214	0	15	7.0
1784	Реовіруси	124	0	16	3.0
1785	Реовірусна інфекція	59	0	14	1.0
1786	Респіраторний мікоплазмоз	83	2	21	4.0
1787	Респіраторно-синцитіальна інфекція	457	1	38	12.5
1788	Рестриктивна кардіоміопатія	19	0	5	1.0
1789	Ретапамулін	3	0	1	0.0
1790	Реформа швидкої (екстреної) медичної допомоги в Україні з 2016 року	146	1	14	4.0
1791	Рецидив (медицина)	647	4	37	20.5
1792	Рибавірин	93	0	8	3.0
1793	Ривароксабан	159	1	17	4.5
1794	Ригідність потиличних м'язів	426	2	28	11.5
1795	Рикетсіози	347	0	32	9.5
1796	Римантадин	250	3	15	7.0
1797	Риновірусна інфекція	342	2	24	9.0
1798	Рисперидон	159	0	13	4.5
1799	Ритонавір	31	0	3	1.0
1800	Ритуксимаб	96	0	7	3.0
1801	Рифабутин	7	0	2	0.0
1802	Рифаксимін	61	0	8	2.0
1803	Рифаміцин	22	0	3	1.0
1804	Рифапентин	10	0	2	1.0
1805	Рідкісна хвороба	229	1	18	6.5
1806	Рілпівірин	12	0	4	0.0
1807	Роберт Кох	418	0	49	12.5
1808	Роботизована хірургія	107	0	11	3.0
1809	Рогівка	1072	0	73	33.0
1810	Родимка	547	8	28	17.0
1811	Розлад особистості	572	1	33	16.0
1812	Розширена підтримка життя	78	0	8	2.0
1813	Роксатидин	6	0	1	0.0
1814	Рокситроміцин	51	0	6	1.0
1815	Рольфінг	44	0	4	1.0
1816	Романовський Дмитро Леонідович	9	0	2	0.0
1817	Ропінірол	8	0	2	0.0
1818	Ротавірусна інфекція	2180	35	101	68.5
1819	Ротиготин	16	0	5	0.0
1820	Рофекоксиб	46	0	5	1.0
1821	Рубець (медицина)	459	7	31	13.0
1822	Ручківський Сергій Никифорович	5	0	1	0.0
1823	С-клітина	27	0	4	1.0
1824	Савченко Іван Григорович	15	0	3	0.0
1825	Саймон Флекснер	63	0	6	3.0
1826	Саквінавір	22	0	3	1.0
1827	Сальбутамол	466	3	25	15.0
1828	Сальгренська Університетська Лікарня	4	0	1	0.0
1829	Сальметерол	85	0	11	2.0
1830	Сальмонельоз	6357	57	402	190.5
1831	Санація (медицина)	579	3	36	19.0
1832	Сап	292	0	22	9.0
1833	Сапроноз	740	0	61	21.0
1834	Саркоїдоз	903	11	50	27.5
1835	Саркома	1655	23	98	51.0
1836	Саркома Капоші	881	7	68	25.0
1837	Саркома Юїнга	726	6	92	19.0
1838	Саркоцистоз	74	0	7	2.0
1839	Свен Івар Сельдінгер	12	0	3	0.0
1840	Світлобоязнь	77	0	9	2.0
1841	Себастьяно Рівольта	3	0	1	0.0
1842	Севофлуран	89	0	7	3.0
1843	Сезонний афективний розлад	201	1	15	6.0
1844	Секнідазол	110	0	9	4.0
1845	Секретин	162	0	16	5.0
1846	Селегілін	34	0	6	1.0
1847	Сепсис	3923	50	175	123.5
1848	Септичний шок	838	3	50	27.5
1849	Середньомозкове ядро трійчастого нерва	6	0	3	0.0
1850	Середня мозкова артерія	151	0	13	5.0
1851	Середня щитоподібна вена	7	0	1	1.0
1852	Серозні мансонельози	8	0	2	0.0
1853	Серозні філяріїдози	16	0	3	0.5
1854	Серотонін	2709	36	121	81.5
1855	Сертаконазол	26	0	3	1.0
1856	Сертиндол	14	0	2	0.5
1857	Сертралін	299	4	40	7.5
1858	Серце людини	9317	20	526	298.5
1859	Серцева недостатність	4703	53	255	142.5
1860	Серцево-судинні захворювання	8573	10	580	277.0
1861	Сехіфенадин	10	0	3	0.0
1862	Сечокам'яна хвороба	3010	4	207	95.5
1863	Сибірка	3463	14	223	96.0
1864	Силікоз	781	7	50	22.5
1865	Силодозин	49	0	6	1.0
1866	Симпатикотонія	88	0	8	2.0
1867	Симптом	991	9	54	31.0
1868	Симптом Аарона	30	0	4	1.0
1869	Симптом Абаді	6	0	2	0.0
1870	Симптом Бабінскі	351	1	27	10.0
1871	Симптом блідого носогубного трикутника	126	1	8	4.0
1872	Симптом випорожнень по типу «рисового відвару»	51	0	9	2.0
1873	Симптом Вінтерботтома	13	0	2	1.0
1874	Симптом Гієна	34	0	5	1.0
1875	Симптом Годельє	254	0	16	8.0
1876	Симптом двобічного збільшення потиличних лімфатичних вузлів	113	0	10	3.0
1877	Симптом Добровольської-Ніколадоні	2	0	1	0.0
1878	Симптом каптура	35	0	5	2.0
1879	Симптом каптура (психіатрія)	46	0	4	1.5
1880	Симптом Керніга	467	1	34	12.5
1881	Симптом Кіарі	36	0	5	2.0
1882	Симптом Копліка	597	3	39	19.0
1883	Симптом Курвуазьє	396	1	35	11.5
1884	Симптом Левіна	11	0	1	1.0
1885	Симптом Лессажа	69	0	6	2.0
1886	Симптом малинового желе	207	1	19	6.0
1887	Симптом малинового язика	427	3	23	13.0
1888	Симптом Мюссе	170	1	13	5.0
1889	Симптом Нікольського	527	0	33	18.0
1890	Симптом Падалки	68	0	8	2.0
1891	Симптом Пастернацького	685	3	49	21.5
1892	Симптом Пастіа	85	0	8	2.0
1893	Симптом Піка	25	0	5	1.0
1894	Симптом Романьї	7	0	4	0.0
1895	Симптом рукавичок і шкарпеток	83	0	7	2.0
1896	Симптом Стімсона	24	0	4	1.0
1897	Симптом Стокса	34	0	6	1.0
1898	Симптом триніжка	69	0	8	2.0
1899	Симптом Фаже	16	0	3	1.0
1900	Симптом Феррарі	16	0	2	1.0
1901	Симптом Флатау	30	0	4	1.0
1902	Симптом Форчгеймера	27	0	4	1.0
1903	Симптом Щоткіна-Блюмберга	632	3	41	21.0
1904	Симптоми Брудзинського	344	1	25	9.0
1905	Симптоми Тауссіга	2	0	1	0.0
1906	Синдактилія	342	2	20	11.0
1907	Синдром	841	6	50	28.5
1908	Синдром Аазе — Сміта	26	0	4	1.0
1909	Синдром Аарскога	68	0	8	2.0
1910	Синдром Абдалла — Девіса — Фарража	23	0	3	1.0
1911	Синдром Авелліса	18	0	3	1.0
1912	Синдром Адамса — Олівера	67	0	9	2.0
1913	Синдром Аді	116	0	13	3.0
1914	Синдром Аді — Крітчлі	40	0	7	1.0
1915	Синдром Аєрзи	55	0	8	2.0
1916	Синдром Акерманів	19	0	4	0.0
1917	Синдром Алажілля	114	0	10	3.0
1918	Синдром Аллана — Герндона — Дадлі	10	0	4	0.0
1919	Синдром Аллена — Гайнса	1	0	1	0.0
1920	Синдром Аллена — Мастерса	49	0	7	1.0
1921	Синдром Алстрема	56	0	12	2.0
1922	Синдром Альвареса	20	0	3	1.0
1923	Синдром Альпорта	106	0	8	3.0
1924	Синдром Андерманна	27	0	4	1.0
1925	Синдром Андерсен	34	0	4	1.0
1926	Синдром Антлі — Бікслера	34	0	3	2.0
1927	Синдром Аперта	90	0	13	2.0
1928	Синдром Аракава I	9	0	2	0.5
1929	Синдром Аракава II	16	0	3	1.0
1930	Синдром Аспергера	5194	69	415	138.5
1931	Синдром Ачора — Сміта	1	0	1	0.0
1932	Синдром Ашара	31	0	4	1.0
1933	Синдром Ашара — Тьєра	17	0	2	1.0
1934	Синдром Ашера	43	0	4	1.0
1935	Синдром Ашермана	223	0	23	6.0
1936	Синдром Бадда — Кіарі	291	2	18	9.5
1937	Синдром Бехчета	223	0	19	7.0
1938	Синдром Бруннера	58	0	6	2.0
1939	Синдром Вегенера	215	2	14	7.0
1940	Синдром відміни	1412	21	74	41.0
1941	Синдром Вільямса	570	3	66	13.0
1942	Синдром Вольфа — Паркінсона — Вайта	631	7	39	16.5
1943	Синдром Герстмана — Штройслера — Шейнкера	71	0	8	2.0
1944	Синдром Гієна — Барре	860	9	77	25.0
1945	Синдром гіпоплазії лівих відділів серця	114	1	13	3.0
1946	Синдром Горнера	1032	5	74	26.5
1947	Синдром Гудпасчера	101	0	8	3.0
1948	Синдром Дабіна — Джонсона	105	0	11	3.0
1949	Синдром де Тоні — Дебре — Фанконі	143	0	10	4.0
1950	Синдром Денді — Вокера	174	0	15	5.0
1951	Синдром Джанотті — Крості	37	0	3	1.0
1952	Синдром Доріана Грея	72	0	7	2.0
1953	Синдром Дресслера	234	0	19	5.0
1954	Синдром Едвардса	1194	6	85	38.0
1955	Синдром Ейкарді	59	0	11	1.5
1956	Синдром Елліса — ван Кревельда	116	0	10	3.0
1957	Синдром Жильбера	1304	10	62	44.0
1958	Синдром зап'ястного каналу	1082	7	56	34.0
1959	Синдром Золлінгера — Еллісона	334	2	22	9.5
1960	Синдром Кавасакі	314	2	27	9.0
1961	Синдром Кейтеля	16	0	3	1.0
1962	Синдром китайського ресторану	62	0	8	2.0
1963	Синдром Корсакова	437	3	28	13.0
1964	Синдром космічної адаптації	33	0	7	1.0
1965	Синдром Котара	299	0	22	9.0
1966	Синдром котячого крику	982	3	88	25.5
1967	Синдром Криглера — Найяра	164	0	14	4.0
1968	Синдром Лаєлла	1164	7	82	34.0
1969	Синдром Лауна — Ґанонґа — Левайна	180	0	15	5.0
1970	Синдром Лея	52	0	12	1.0
1971	Синдром Маккюна — Олбрайта	282	0	22	8.0
1972	Синдром Марфана	1643	14	103	51.5
1973	Синдром Морганьї — Адамса — Стокса	431	1	40	11.0
1974	Синдром Морріса	209	1	18	5.0
1975	Синдром Неємія Ашерсона	32	0	4	1.0
1976	Синдром Неймеген	71	0	7	2.0
1977	Синдром Патау	1413	13	87	40.5
1978	Синдром Пейтца — Єгерса	83	0	8	2.5
1979	Синдром передчасного збудження шлуночків	66	0	6	2.0
1980	Синдром подразненого кишечника	1195	13	62	37.5
1981	Синдром порушення активності та уваги	1153	15	61	35.0
1982	Синдром раптової дитячої смерті	170	0	13	5.0
1983	Синдром Ретта	403	2	58	11.0
1984	Синдром Рея	557	6	46	16.0
1985	Синдром Ротора	88	0	10	2.0
1986	Синдром Сваєра	53	0	5	2.0
1987	Синдром системної запальної відповіді	208	0	17	4.5
1988	Синдром слабкості синусового вузла	362	3	26	11.0
1989	Синдром Стендаля	389	4	27	11.0
1990	Синдром Стівенса — Джонсона	803	4	47	24.5
1991	Синдром струшеної дитини	322	4	17	9.5
1992	Синдром Такаясу	322	1	28	9.0
1993	Синдром Тернера	1603	7	96	48.5
1994	Синдром тривалої гарячки невідомого походження	179	0	18	5.0
1995	Синдром Ундіни	61	0	8	2.0
1996	Синдром хронічної втоми	1233	11	68	38.0
1997	Синдром Шегрена	595	4	33	17.0
1998	Синостоз	186	0	12	5.0
1999	Синхондроз	183	0	16	5.0
2000	Сироваткова хвороба	629	0	50	15.0
2001	Сиролімус	82	0	20	2.0
2002	Система винагород	266	1	25	8.0
2003	Система груп крові AB0	595	7	35	18.5
2004	Системна склеродермія	1166	5	80	31.5
2005	Системний бартонельоз	26	0	4	1.0
2006	Системний червоний вовчак	2436	33	163	73.0
2007	Сифіліс	12760	97	726	398.0
2008	Сім'яний канатик	350	1	34	10.0
2009	Сім'яні залози	1064	7	56	34.5
2010	Сінгамоз	65	0	6	2.0
2011	Сіра речовина	1285	8	90	37.0
2012	Сіріл Гарнем	11	0	5	0.0
2013	Сітківка	1627	6	127	40.5
2014	Сказ	4433	39	247	135.0
2015	Скальпована рана	64	0	9	2.0
2016	Скарлатина	8801	97	477	256.0
2017	Сколіоз	2319	11	133	68.5
2018	Скронева кістка	720	5	46	20.0
2019	Скронева частка	594	3	36	19.0
2020	Скроневий м'яз	142	0	17	3.0
2021	Слоновість	187	1	14	5.5
2022	Смугасте тіло	440	0	53	11.0
2023	СНІД	16653	55	1740	492.5
2024	Содоку	106	0	12	3.0
2025	Сокол Олександра Семенівна	6	0	1	0.0
2026	Соліфенацин	23	0	3	1.0
2027	Соматосенсорна система	159	0	12	6.0
2028	Соматостатин	340	0	38	9.5
2029	Соматостатинома	9	0	2	0.0
2030	Соматотропний гормон	1326	6	79	42.5
2031	Сонна хвороба	1778	6	137	45.5
2032	Сорафеніб	24	0	4	1.0
2033	Соталол	25	0	4	1.0
2034	Софосбувір	1246	0	105	34.5
2035	Сочевицеподібне ядро	89	0	8	2.0
2036	Спадкові захворювання	2535	2	168	67.5
2037	Спалах інфекційної хвороби	122	0	13	3.0
2038	Спарганоз	35	0	4	1.0
2039	Спарфлоксацин	12	0	4	0.0
2040	Спектиноміцин	15	0	3	0.5
2041	Спинномозкова рідина	1642	11	109	50.0
2042	Спинномозкове ядро трійчастого нерва	24	0	3	1.0
2043	Список лауреатів Нобелівської премії з фізіології або медицини	667	4	61	19.5
2044	Список спадкових хвороб	1080	1	81	33.0
2045	Спінальна анестезія	765	2	48	23.5
2046	Спіраміцин	52	0	5	2.0
2047	Спіраприл	3	0	1	0.0
2048	Спленомегалія	286	1	19	9.0
2049	Справжня поліцитемія	1050	4	77	31.5
2050	Стабілізатор мастоцитів	32	0	5	1.0
2051	Ставудин	5	0	2	0.0
2052	Станіслав фон Провасек	7	0	2	0.0
2053	Статини	714	4	44	22.5
2054	Стафілокок	5261	67	251	163.0
2055	Стафілокок золотистий	1524	14	87	47.5
2056	Стафілококова інфекція	2996	36	135	100.0
2057	Стеноз	583	4	34	17.0
2058	Стеноз мітрального клапана	520	2	36	15.5
2059	Стефанський В'ячеслав Карлович	10	0	3	0.0
2060	Стравохід	2410	12	138	65.0
2061	Стрептобацильоз	39	0	5	2.0
2062	Стрептококовий фарингіт	1530	24	64	48.0
2063	Стригучий лишай	390	5	27	12.0
2064	Стрічка Брозлоу для екстреної педіатричної допомоги	11	0	2	0.5
2065	Стронгілоїдоз	522	3	44	15.0
2066	Строфантин	209	0	13	7.0
2067	Стьожак	787	2	71	21.0
2068	Субарахноїдальний крововилив	738	8	51	20.5
2069	Субдуральна гематома	705	7	43	22.5
2070	Субталамічне ядро	44	0	4	1.0
2071	Суглоб	3152	11	170	98.0
2072	Сулодексид	91	0	7	3.0
2073	Сульбактам	118	0	10	4.0
2074	Сульпірид	316	4	15	9.5
2075	Сульфадиметоксин	97	0	12	3.0
2076	Сульфадимідин	21	0	3	1.0
2077	Сульфадіазин	29	0	7	1.0
2078	Сульфадоксин	37	0	4	1.0
2079	Сульфаметоксазол	54	0	4	1.0
2080	Сульфаметоксазол/триметоприм	289	1	17	9.0
2081	Сульфаметрол	5	0	1	0.0
2082	Сульфаніламід	403	0	28	13.0
2083	Сульфацетамід	63	1	4	2.0
2084	Сунітиніб	16	0	3	0.0
2085	Суперечка щодо насичених жирів	11	0	2	0.0
2086	СХ614	2	0	1	0.0
2087	Східний енцефаломієліт коней	42	0	5	1.0
2088	Сьома холерна пандемія	71	0	7	2.0
2089	Т-клітинна терапія лейкозу	10	0	2	0.0
2090	Таблетки, що розпадаються в ротовій порожнині	68	0	6	2.0
2091	Таксани	22	0	3	1.0
2092	Таласемія	580	3	34	19.5
2093	Талінолол	16	0	3	1.0
2094	Тамоксифен	143	0	14	4.0
2095	Тамсулозин	136	0	10	4.0
2096	Тегасерод	23	0	2	1.0
2097	Тегафур	9	0	3	0.0
2098	Тедизолід	12	0	2	0.5
2099	Теїксобактин	13	0	4	0.0
2100	Тейкопланін	24	0	4	1.0
2101	Телапревір	2	0	1	0.0
2102	Телбівудин	1	0	1	0.0
2103	Телемедицина	511	0	48	14.5
2104	Телітроміцин	4	0	2	0.0
2105	Телмісартан	51	0	4	2.0
2106	Темозоломід	22	0	4	1.0
2107	Тендовагініт	513	3	35	16.0
2108	Теніази	89	0	10	3.0
2109	Теніаринхоз	465	2	38	11.5
2110	Теніоз	1319	3	114	29.5
2111	Теноксикам	20	0	3	0.0
2112	Тенонітрозол	9	0	3	0.0
2113	Тенофовір	88	0	8	3.0
2114	Тенофовір/Емтрицитабін	45	0	10	1.0
2115	Теобальд Сміт	8	0	3	0.0
2116	Тепловий удар	1071	0	88	28.5
2117	Теразозин	24	0	4	1.0
2118	Тератома	673	2	37	18.5
2119	Тербінафін	91	0	9	2.0
2120	Тербуталін	36	0	4	1.0
2121	Теризидон	8	0	4	0.0
2122	Термінальний нерв	31	0	4	1.0
2123	Терфенадин	32	0	4	1.0
2124	Тестостерон	1801	21	88	56.5
2125	Тетраплегія	196	1	12	5.0
2126	Тизанідин	60	0	5	2.0
2127	Тикагрелор	100	0	11	2.0
2128	Тикарцилін	24	0	6	0.0
2129	Тиклопідин	37	0	4	1.0
2130	Тимолол	35	0	4	1.0
2131	Тинзапарин	7	0	3	0.0
2132	Тинідазол	100	0	8	3.0
2133	Типранавір	3	0	1	0.0
2134	Тиреоглобулін	518	2	34	15.0
2135	Тиреоїдектомія	325	2	24	11.0
2136	Тиреоїдит Хашимото	1286	17	64	37.5
2137	Тиреопероксидаза	184	1	19	5.0
2138	Тиреотропний гормон	1873	14	96	57.0
2139	Тироксин	1507	4	94	49.5
2140	Тиротрицин	293	2	15	10.0
2141	Тиф	1106	15	74	34.0
2142	Тіамазол	72	0	6	2.0
2143	Тіамфенікол	16	0	3	0.0
2144	Тіанептин	49	0	5	2.0
2145	Тіаприд	8	0	2	0.0
2146	Тігециклін	24	0	3	1.0
2147	Тім'яна частка	618	3	35	19.0
2148	Тіогуанін	9	0	2	0.0
2149	Тіопентал натрію	198	1	14	4.5
2150	Тіоридазин	50	0	4	1.0
2151	Тіотриазолін	395	4	21	12.5
2152	Тіотропію бромід	60	0	5	2.0
2153	Тітов Михайло Борисович	9	0	2	0.0
2154	Тобраміцин	81	0	8	2.0
2155	Токсичний багатовузловий зоб	188	1	11	6.0
2156	Токсокароз	1468	17	77	45.0
2157	Токсоплазмоз	2748	26	131	87.5
2158	Толперизон	49	0	4	2.0
2159	Толтеродин	25	0	4	1.0
2160	Томас Сиденгам	27	0	3	1.0
2161	Тонкоголкова аспіраційна пункційна біопсія	185	0	15	5.0
2162	Топотекан	14	0	2	0.0
2163	Тореміфен	15	0	3	1.0
2164	Тоцилізумаб	27	0	3	1.0
2165	Трандолаприл	4	0	1	0.0
2166	Трансмісивний механізм передачі інфекції	933	2	58	31.0
2167	Трансплантат	108	0	13	3.0
2168	Трансплантація	1548	6	115	42.5
2169	Трансплантація печінки	190	0	16	6.0
2170	Трансплантологія	177	0	21	5.0
2171	Трапецієподібний м'яз	639	4	39	20.0
2172	Трастузумаб	101	0	8	2.5
2173	Трахеїт	1625	17	105	45.5
2174	Трахома	285	1	25	9.0
2175	Трематодози	370	0	36	8.0
2176	Третиноїн	77	0	8	2.0
2177	Третій шлуночок	256	0	20	7.5
2178	Третя пандемія чуми	86	0	8	3.0
2179	Третя холерна пандемія	9	0	3	0.0
2180	Триамцинолон	116	0	8	3.0
2181	Тригексифенідил	89	0	11	3.0
2182	Трийодтиронін	318	1	17	9.5
2183	Трикутник Пирогова	270	0	20	8.5
2184	Тримебутин	64	0	8	2.0
2185	Тримеперидин	113	0	13	3.0
2186	Триметазидин	116	0	14	3.0
2187	Триметоприм	97	0	9	2.0
2188	Трипаносомози	231	0	18	7.0
2189	Трипторелін	14	0	3	0.0
2190	Трифлузал	14	0	2	0.0
2191	Трифлуоперазин	44	0	6	1.0
2192	Трихінельоз	1225	7	78	41.0
2193	Трихомоноз	3785	31	200	121.0
2194	Трихоцефальоз	561	4	39	18.0
2195	Трициклічні антидепресанти	333	1	22	10.0
2196	Тріада Гатчінсона	171	1	17	4.0
2197	Трійчастий вузол	48	0	7	1.0
2198	Трійчастий нерв	2366	26	132	71.0
2199	Тровафлоксацин	21	0	4	1.0
2200	Тромбоемболія легеневої артерії	2127	20	111	63.0
2201	Тромбоз	1497	10	84	47.0
2202	Тромбоз глибоких вен	551	5	31	16.0
2203	Тромбофлебіт	1169	11	81	36.0
2204	Тромбоцитопенія	1091	8	62	33.5
2205	Тропічна медицина	17	0	3	0.0
2206	Тропічні хвороби	140	0	11	5.0
2207	Троподифен	14	0	1	1.0
2208	Тропонін	468	1	33	13.0
2209	Туберкульоз	17045	80	1114	542.5
2210	Туберозний склероз	143	0	9	4.0
2211	Туляремія	1486	1	81	49.0
2212	Тулярин	57	0	6	2.0
2213	Тяжкий гострий респіраторний синдром	287	0	21	9.0
2214	Увеїт	574	0	36	14.5
2215	Ударний об'єм	163	0	19	4.0
2216	Українська військово-медична академія	238	1	20	7.0
2217	Українська спілка психотерапевтів	61	0	5	2.0
2218	Український лепрозорій	93	0	11	3.0
2219	Ундециленова кислота	24	0	2	1.0
2220	Урапідил	33	0	4	1.0
2221	Уремія	579	6	42	15.0
2222	Уропепсин	4	0	1	0.0
2223	Устекінумаб	24	0	3	1.0
2224	Фабомотизол	49	0	6	2.0
2225	Фавіпіравір	6	0	2	0.0
2226	Фамотидин	78	0	7	2.0
2227	Фамцикловір	28	0	4	1.0
2228	Фарбування гематоксиліном-еозином	103	0	10	3.0
2229	Фарбування за ван Гізоном	29	0	4	1.5
2230	Фарбування за Романовським—Гімзою	302	1	24	8.0
2231	Фарбування за Цілем — Нільсеном	337	0	29	10.0
2232	Фарингіт	4020	49	189	118.5
2233	Фармацевтика	192	0	15	5.0
2234	Фармація	353	0	21	10.0
2235	Фасціолопсидоз	45	0	5	1.0
2236	Фасціольоз	835	3	62	24.5
2237	Фасція (анатомія)	680	6	36	20.5
2238	Фатальне сімейне безсоння	425	2	28	13.5
2239	Фекально-оральний механізм	1204	4	123	33.5
2240	Фексофенадин	65	0	6	2.0
2241	Фелодипін	27	0	6	1.0
2242	Фенетилін	67	0	25	1.0
2243	Фенілбутазон	24	0	6	0.0
2244	Фенілкетонурія	2591	18	167	85.0
2245	Феніндіон	26	0	3	1.0
2246	Фенітоїн	92	0	8	3.0
2247	Феноксиметилпеніцилін	42	0	5	2.0
2248	Фенотерол	78	0	9	2.0
2249	Фенспірид	73	0	6	3.0
2250	Фентиконазол	20	0	3	0.0
2251	Фентоламін	124	0	11	3.0
2252	Феохромоцитома	592	3	37	16.5
2253	Фердинанд фон Гебра	7	0	3	0.0
2254	Фердинанд Штехер	4	0	1	0.0
2255	Фібриляція	499	1	40	13.0
2256	Фіброгастродуоденоскопія	269	0	19	8.0
2257	Фіброзне кільце	67	0	7	2.0
2258	Філатов Володимир Петрович	604	1	40	17.5
2259	Філграстим	44	0	9	1.0
2260	Філіппо Пачіні	5	0	1	0.0
2261	Філяріїдози	247	1	39	5.0
2262	Фінастерид	138	0	10	4.0
2263	Фінголімод	10	0	2	0.0
2264	Флегмона	1054	9	69	31.5
2265	Флекаїнід	38	0	4	1.0
2266	Флувастатин	20	0	3	1.0
2267	Флувоксамін	37	0	9	1.0
2268	Флударабін	19	0	3	1.0
2269	Флуконазол	650	6	35	20.0
2270	Флуоксетин	487	5	27	14.5
2271	Флупіртин	13	0	4	0.0
2272	Флурбіпрофен	84	0	8	3.0
2273	Флутамід	97	0	11	2.5
2274	Флуфеназин	56	0	12	1.0
2275	Флуцитозин	19	0	3	1.0
2276	Флюоресцентна гібридизація in situ	113	0	14	3.0
2277	Флюпентиксол	43	0	7	1.0
2278	Фозиноприл	10	0	2	0.5
2279	Фолікулярна клітина	175	0	15	5.0
2280	Фолікулярний рак щитоподібної залози	119	0	10	3.5
2281	Фондапаринукс	13	0	2	0.0
2282	Формотерол	36	0	8	1.0
2283	Фосампренавір	3	0	2	0.0
2284	Фоскарнет	49	0	7	1.0
2285	Фосфазид	2	0	2	0.0
2286	Фосфоміцин	186	1	13	6.0
2287	Фотемустин	2	0	1	0.0
2288	Фрамбезія	168	0	14	5.0
2289	Фраміцетин	60	0	7	1.0
2290	Франц Бабель де Фронсберґ	11	0	5	0.0
2291	Франц де Пауля Нойгаузер	1	0	1	0.0
2292	Фрідріх Гаас	13	0	5	0.0
2293	Фрідріх Фюллеборн	4	0	1	0.0
2294	Фріц Шаудін	7	0	3	0.0
2295	Фталилсульфатіазол	42	0	7	1.0
2296	Фтивазид	23	0	3	1.0
2297	Фторлак	4	0	2	0.0
2298	Фторхінолони	602	4	42	18.0
2299	Фузафунгін	37	0	8	1.0
2300	Фузидова кислота	56	0	5	2.0
2301	Фузоспірохетозний фарингіт	73	2	9	4.0
2302	Фульвестрант	14	0	2	1.0
2303	Фуразидин	85	1	8	3.0
2304	Фуразолідон	134	0	10	4.0
2305	Фурункульоз	3260	51	154	98.5
2306	Хантавірусний легеневий синдром	23	0	3	1.0
2307	Харчові отруєння	5808	5	348	207.0
2308	Хасімото Хакару	4	0	1	0.0
2309	Хвороба «рука-нога-рот»	493	7	29	14.5
2310	Хвороба Альцгеймера	6213	70	806	172.0
2311	Хвороба Андерсен	16	0	2	0.0
2312	Хвороба Боуена	284	1	27	7.0
2313	Хвороба Верльгофа	1321	9	87	37.5
2314	Хвороба Вільсона	977	4	74	25.0
2315	Хвороба Вільяма Александера	71	0	6	2.0
2316	Хвороба Гантінгтона	1371	11	289	32.0
2317	Хвороба Гюнтера	123	0	16	3.0
2318	Хвороба Іценка — Кушинга	823	3	50	25.5
2319	Хвороба К'ясанурського лісу	20	0	5	0.0
2320	Хвороба Канавана	73	0	6	2.0
2321	Хвороба котячих подряпин	884	15	60	26.5
2322	Хвороба Кройцфельда — Якоба	639	5	51	19.5
2323	Хвороба Лайма	4081	43	322	123.5
2324	Хвороба Менкеса	41	0	4	1.0
2325	Хвороба Паркінсона	5201	92	258	148.0
2326	Хвороба Пейроні	186	2	17	5.0
2327	Хвороба Пертеса	500	3	41	15.0
2328	Хвороба Пламмера	0	0	0	0.0
2329	Хвороба Рандю — Ослера	215	1	18	5.5
2330	Хвороба Рейно	2040	30	119	59.5
2331	Хвороба Росаі — Дорфман	11	0	2	0.5
2332	Хвороба Тея — Сакса	630	2	47	18.5
2333	Хвороба Фарбера	52	0	7	1.5
2334	Хвороба Шагаса	353	3	25	9.0
2335	Хвороба Шамберга	79	0	7	2.0
2336	Хвороба, яку спричинює вірус Ебола	1343	8	79	44.5
2337	Хвороба, яку спричинює вірус Зіка	262	1	26	6.5
2338	Хвороба, яку спричинює вірус Марбург	253	0	17	8.0
2339	Хвороба, яку спричинює вірус Ніпах	46	0	9	1.0
2340	Хвороба, яку спричинює вірус Хендра	23	0	3	1.0
2341	Хвороби, що передаються статевим шляхом	14890	41	1290	374.0
2342	Хвостате ядро	136	0	14	3.0
2343	Хидей Ногучі	16	0	3	0.0
2344	Хілоторакс	242	0	32	6.0
2345	Хілурія	57	0	6	2.0
2346	Хінідин	35	0	5	1.0
2347	Хінолони	120	0	9	4.0
2348	Хірургічна операція	1530	10	86	51.5
2349	Хірургія	778	6	50	21.5
2350	Хіфенадин	10	0	1	0.0
2351	Хламідійна лімфогранульома	357	2	27	10.0
2352	Хламідіоз	4324	33	249	145.5
2353	Хлорамбуцил	17	0	4	0.0
2354	Хлорамфенікол	339	3	19	9.5
2355	Хлордіазепоксид	34	0	4	1.0
2356	Хлоропірамін	100	0	9	3.0
2357	Хлорохін	55	0	5	2.0
2358	Хлорфенамін	205	1	20	6.0
2359	Хлорхінальдол	9	0	2	0.0
2360	Холангіт	318	2	23	10.0
2361	Холера	6020	12	381	180.0
2362	Холерний вібріон	1010	1	90	29.0
2363	Холестатичний синдром	767	4	55	20.0
2364	Холецистектомія	267	1	16	8.5
2365	Хоменко Григорій Гнатович	5	0	2	0.0
2366	Хондрит (хвороба)	18	0	5	1.0
2367	Хоріонічний гонадотропін	1339	15	70	45.0
2368	Хоріосклероз	68	0	8	2.0
2369	Хржонщевський Никанор Адамович	76	0	8	2.0
2370	Хромафінні клітини	44	0	5	1.0
2371	Хромомікоз	78	0	11	2.0
2372	Хронічна ниркова недостатність	974	1	58	30.5
2373	Хронічний гастрит	786	3	44	25.0
2374	Хронічний гепатит	548	2	35	19.0
2375	Хронічний лімфолейкоз	274	1	16	8.5
2376	Хронічний мієлоцитарний лейкоз	157	0	15	5.0
2377	Хронічний панкреатит	957	16	53	29.5
2378	Цві Ларон	1	0	1	0.0
2379	Целекоксиб	188	2	13	5.0
2380	Целіакія	672	7	37	20.0
2381	Центральний госпіталь Міністерства внутрішніх справ України	506	1	34	16.0
2382	Центральний госпіталь Служби безпеки України	300	0	23	9.0
2383	Центральний клінічний госпіталь Державної прикордонної служби України	288	2	18	8.0
2384	Ценуроз	99	0	10	3.0
2385	Церивастатин	23	0	4	1.0
2386	Цетиризин	204	2	17	6.0
2387	Цетуксимаб	27	0	3	1.0
2388	Цефадроксил	36	0	7	1.0
2389	Цефазолін	109	1	9	3.0
2390	Цефаклор	43	0	7	1.0
2391	Цефалексин	87	0	9	2.0
2392	Цефалоспорини	787	8	44	26.0
2393	Цефалотин	8	0	4	0.0
2394	Цефамандол	7	0	1	0.0
2395	Цефепім	82	0	12	2.0
2396	Цефіксим	241	2	25	7.0
2397	Цефоперазон	57	0	7	1.5
2398	Цефотаксим	171	0	12	5.0
2399	Цефпірамід	5	0	1	0.0
2400	Цефпіром	21	0	6	1.0
2401	Цефподоксим	207	1	15	6.0
2402	Цефпрозил	17	0	4	1.0
2403	Цефрадин	2	0	1	0.0
2404	Цефтазидим	64	0	9	2.0
2405	Цефтаролін	46	0	5	2.0
2406	Цефтібутен	18	0	6	0.5
2407	Цефтізоксим	7	0	2	0.0
2408	Цефтобіпрол	33	0	4	1.0
2409	Цефтріаксон	905	13	46	28.0
2410	Цефуроксим	206	2	16	5.5
2411	Цеце	499	4	40	14.0
2412	Цидофовір	9	0	4	0.0
2413	Цизаприд	47	0	6	1.0
2414	Циклосерин	33	0	6	1.0
2415	Циклоспорин	109	1	11	3.0
2416	Циклоспороз	41	0	6	1.0
2417	Циклофосфамід	67	0	5	2.0
2418	Цилазаприл	3	0	1	0.0
2419	Цилостазол	38	0	5	1.0
2420	Циметидин	61	1	4	2.0
2421	Цинаризин	209	0	14	6.0
2422	Ципрогептадин	45	0	4	1.0
2423	Ципротерон	87	0	23	1.5
2424	Ципрофлоксацин	810	9	48	25.5
2425	Цироз печінки	2487	28	126	82.5
2426	Цисплатин	70	0	7	2.0
2427	Цистит	2645	27	126	81.5
2428	Цистицеркоз	722	6	42	23.0
2429	Циталопрам	84	0	7	2.0
2430	Цитарабін	30	0	6	1.0
2431	Цитиколін	159	0	10	4.5
2432	Цитомегаловірус	1703	19	81	52.0
2433	Цитомегаловірусна інфекція	1309	12	85	41.5
2434	Ціп'як бичачий	2111	8	113	72.0
2435	Ціп'як свинячий	1692	7	101	53.5
2436	Ціп'як собачий	134	0	16	3.5
2437	Цукровий діабет	13677	110	761	398.5
2438	Цукровий діабет тип 1	832	9	43	26.0
2439	Цукровий діабет тип 2	3376	35	182	112.5
2440	Цуцугамуші	90	0	26	1.0
2441	Чарльз Донован	28	0	8	0.0
2442	Червоне ядро	119	0	14	3.5
2443	Черевний тиф	3722	18	230	108.0
2444	Черепні нерви	4356	9	271	129.5
2445	Черепно-мозкова травма	2346	14	147	69.0
2446	Чернов Василь Єгорович	13	0	3	0.0
2447	Четверта холерна пандемія	7	0	2	0.0
2448	Четвертий шлуночок	264	1	20	8.0
2449	Чікунгунья	78	0	8	2.0
2450	Чоловіча статева система	6315	89	269	201.0
2451	Чорна речовина	238	0	18	7.0
2452	Чорна смерть	1885	26	96	59.0
2453	Чорна Тамара Трохимівна	8	0	2	1.0
2454	Чума	6838	68	387	227.0
2455	Чума Юстиніана	261	0	16	8.0
2456	Чумна паличка	442	1	31	15.0
2457	Шагома	2	0	1	0.0
2458	Шарлотта Кліверлі-Бісман	45	0	7	1.0
2459	Шарль Манту	8	0	2	0.0
2460	Шевчук Віктор Григорович	18	0	3	0.0
2461	Шигела Бойда	12	0	2	0.0
2462	Шигела Зонне	55	0	10	3.0
2463	Шигела Флекснера	44	0	6	1.0
2464	Шигельоз	2026	6	129	58.0
2465	Шизофренія	9993	140	408	312.5
2466	Шийний відділ хребта	1535	10	125	42.5
2467	Шина (медицина)	508	0	43	12.0
2468	Шистосомози	266	2	24	7.0
2469	Шия	772	3	41	25.0
2470	Шкала Франкеля	98	0	9	2.0
2471	Шкурба Андрій Вікторович	48	0	15	1.0
2472	Шлунково-кишкова кровотеча	1769	18	91	58.5
2473	Шлунок	6889	23	577	175.5
2474	Шок (медицина)	2791	7	179	85.0
2475	Шоста холерна пандемія	9	0	3	0.0
2476	Шпательний тест	14	0	2	1.0
2477	Шпиталь	197	0	15	6.0
2478	Щербак Юрій Миколайович	601	2	151	13.5
2479	Щитоподібна залоза	7157	32	378	238.5
2480	Щитоподібний хрящ	324	0	30	8.0
2481	Щитошийний стовбур	90	0	10	3.0
2482	Щока	87	0	8	2.5
2483	Юкстагломерулярний апарат	201	0	19	4.0
2484	Юстинус Кернер	8	0	3	0.0
2485	Яворовський Олександр Петрович	34	0	5	1.0
2486	Ядро Едінгера-Вестфаля	75	0	11	2.0
2487	Ядро лицевого нерва	54	0	7	1.0
2488	Ядро одинокого шляху	53	0	7	1.0
2489	Ядро окорухового нерва	60	0	7	2.0
2490	Язикова артерія	68	0	6	2.0
2491	Язикова вена	8	0	2	0.0
2492	Яйцеклітина	5713	23	379	148.0
2493	Ящур	1084	5	90	31.0
2494	Aedes albopictus	19	0	3	0.0
2495	Anoplura	83	0	7	3.0
2496	ATC код A	74	0	19	1.0
2497	ATC код B	34	0	16	0.5
2498	ATC код C	38	0	13	1.0
2499	ATC код G	38	0	17	0.5
2500	ATC код H	29	0	17	0.0
2501	ATC код J	21	0	6	0.0
2502	ATC код L	26	0	11	0.5
2503	ATC код N	35	0	6	1.0
2504	ATC код P	30	0	9	0.5
2505	ATC код S	15	0	9	0.0
2506	BMJ	43	0	7	1.0
2507	BRCA1	53	0	7	1.5
2508	Chlamydophila psittaci	65	0	16	1.5
2509	Clostridium botulinum	524	3	39	14.5
2510	D-димер	717	4	40	21.0
2511	Déviation conjuguée	14	0	6	1.0
2512	Francisella tularensis	102	0	10	3.0
2513	G-клітина	13	0	3	0.0
2514	H5N1	82	0	27	2.0
2515	Helicobacter pylori	2191	30	104	71.0
2516	HeRAMS	17	0	7	0.0
2517	International Trauma Life Support	26	0	7	1.0
2518	Medscape	31	0	5	0.0
2519	Mycobacterium ulcerans	15	0	3	0.0
2520	OMIM	84	0	6	3.0
2521	Plasmodium falciparum	137	0	12	3.0
2522	Plasmodium knowlesi	26	0	3	1.0
2523	Plasmodium malariae	312	1	17	10.0
2524	Plasmodium ovale	35	0	5	1.0
2525	Plasmodium vivax	122	0	17	2.5
2526	PubMed	261	3	18	7.0
2527	SAMPLE	105	0	10	3.0
2528	Shigella dysenteriae	61	0	7	2.0
2529	Tc-99m-MIBI	21	0	2	1.0
2530	Terminologia Anatomica	15	0	2	0.0
2531	The Lancet	35	0	6	1.0
2532	Torch-інфекції	3825	32	196	128.0
2533	UniProt	41	0	4	1.0
2534	Whonamedit?	5	0	1	0.0
2535	Yersinia enterocolitica	124	0	9	4.0
2536	Yersinia pseudotuberculosis	52	0	6	1.5
2537	ZMapp	16	0	4	0.0
