1	*-алгебра	10	0	1	1.0
2	0 (число)	967	12	52	27.5
3	0,(9)	36	0	4	1.0
4	1 (число)	211	2	15	6.0
5	2 (число)	155	0	14	4.0
6	3-сфера	17	0	4	1.0
7	4-вектор	75	0	9	2.0
8	6 (число)	153	0	13	4.0
9	Абак (рахівниця)	631	1	85	17.5
10	Абелева група	128	1	9	4.0
11	Абсолютна похибка вимірювання	1819	17	114	55.5
12	Абстрактна алгебра	106	0	8	3.0
13	Абстракція	1817	25	107	57.5
14	Азартна гра (теорія ігор)	10	0	6	0.0
15	Аксіома	1646	22	80	50.5
16	Аксіома вибору	62	0	7	2.0
17	Аксіома паралельності Евкліда	115	0	9	3.5
18	Аксіоматика Гільберта	30	0	3	1.0
19	Аксіоми Пеано	127	1	11	3.0
20	Актуарій	268	1	32	7.0
21	Актуарна математика	131	1	7	4.0
22	Алан Тюрінг	2173	19	484	39.5
23	Алгебра	739	6	43	22.0
24	Алгебра Кліфорда	7	0	2	1.0
25	Алгебра Лі	39	0	4	1.0
26	Алгебра логіки	700	5	46	20.5
27	Алгебраїчне числове поле	24	0	8	1.0
28	Алгебраїчні числа	82	0	11	2.0
29	Алгебрична геометрія	66	0	7	2.0
30	Алгебрична топологія	11	0	3	0.0
31	Алгебричний многовид	29	0	5	1.0
32	Алгебрично замкнуте поле	18	0	4	1.0
33	Алгоритм	7316	67	494	200.5
34	Алгоритм Евкліда	798	12	55	22.5
35	Алгоритм імітації відпалу	214	0	24	6.0
36	Александр Гротендік	27	0	3	1.0
37	Аль-Хорезмі	298	1	37	9.0
38	Альберт Ейнштейн	7033	78	438	206.0
39	Альфред Грей	0	0	0	0.0
40	Альфред Тарський	44	0	10	1.0
41	Американське математичне товариство	9	0	3	0.0
42	Аналітична геометрія	275	3	18	7.5
43	Аналітична теорія чисел	20	0	3	1.0
44	Аналітична функція	174	0	15	5.0
45	Аналогова обчислювальна машина	210	0	18	6.0
46	Андре Вейль	17	0	4	1.0
47	Анрі Леон Лебег	25	0	9	0.5
48	Анрі Пуанкаре	193	1	12	6.0
49	Антіфонт	0	0	0	0.0
50	Аполлоній Перзький	45	0	8	1.0
51	Апостеріорна ймовірність	168	0	16	4.0
52	Арифметика	366	4	21	11.0
53	Арифметична функція	41	0	4	1.0
54	Арістотель	3866	61	191	113.5
55	Арнольд Володимир Ігорович	25	0	4	1.0
56	Артур Кейлі	12	0	3	0.0
57	Архімед	2162	15	162	60.0
58	Асимптота	333	2	22	9.5
59	Асоціативність	373	0	31	10.0
60	Атлас (математика)	4	0	2	0.0
61	Атле Сельберг	3	0	1	0.0
62	Атрактор	188	1	13	5.0
63	Аттична система числення	47	0	7	1.0
64	Афінна геометрія	51	0	25	1.0
65	Багатократний інтеграл	177	0	19	4.0
66	Багатокритеріальна оптимізація	369	1	28	9.0
67	Баєсів інформаційний критерій	19	0	2	1.0
68	Баєсова ймовірність	86	0	7	2.0
69	Баєсова лінійна регресія	75	0	10	2.0
70	Баєсова мережа	245	1	34	6.0
71	Баєсова оцінка	63	0	5	2.0
72	Баєсове виведення	80	0	8	2.0
73	Банахів простір	174	0	19	4.0
74	Банахова алгебра	14	0	2	1.0
75	Басейн притягання	2	0	1	0.0
76	Безвиграшна ситуація	28	0	4	1.0
77	Безкоаліційна гра	11	0	2	1.0
78	Безмасштабна мережа	16	0	5	0.0
79	Бенуа Мандельброт	146	0	15	4.0
80	Бернгард Ріман	83	0	8	2.0
81	Бертран Расселл	545	4	41	15.0
82	Бета-функція	98	0	10	3.0
83	Бієкція	290	1	22	8.5
84	Білінійне відображення	16	0	2	1.0
85	Бінарна класифікація	97	0	15	3.0
86	Біном Ньютона	737	10	60	22.0
87	Біноміальний коефіцієнт	216	1	13	7.0
88	Біноміальний розподіл	571	5	37	18.0
89	Блез Паскаль	1491	11	95	47.5
90	Броунівське дерево	27	0	6	1.0
91	Броунівський рух	1175	11	66	40.5
92	Булеан	133	0	11	3.0
93	Булева алгебра (структура)	139	1	16	3.0
94	Булева функція	957	6	63	26.0
95	Буняковський Віктор Якович	46	0	4	2.0
96	Варіаційне числення	107	0	9	3.0
97	Вейвлет	141	0	18	3.0
98	Вектор (математика)	1402	7	80	43.0
99	Векторне поле	162	0	13	4.5
100	Векторне числення	42	0	4	1.0
101	Векторний простір	429	2	31	12.5
102	Велика теорема Ферма	1026	10	204	21.5
103	Верхня і нижня границі	86	0	8	2.0
104	Взаємна інформація	99	0	46	1.0
105	Взаємно прості числа	1299	13	74	40.0
106	Вибірка	1838	22	107	54.5
107	Визначник	905	9	55	27.5
108	Виключна диз'юнкція	947	9	58	29.0
109	Вимірна функція	87	0	13	2.0
110	Випадкова величина	979	9	62	29.0
111	Випадкова подія	555	5	64	14.5
112	Випадкове блукання	83	0	12	2.0
113	Випадковий процес	439	1	36	12.0
114	Випадковий процес з довгою пам'яттю	7	0	1	1.0
115	Випадкові числа	97	0	8	3.0
116	Вироджений розподіл	29	0	5	1.0
117	Висковатов Василь Іванович	1	0	1	0.0
118	Висота (величина)	0	0	0	0.0
119	Від'ємне число	638	8	43	19.5
120	Відкрита множина	73	0	8	2.0
121	Відкриті математичні питання	227	2	23	6.0
122	Віднімання	803	9	51	23.5
123	Відношення	359	1	30	10.5
124	Відношення еквівалентності	492	5	33	16.5
125	Відношення порядку	271	0	29	7.0
126	Відособлений розподіл	22	0	3	1.0
127	Відсоток	1837	19	109	58.0
128	Відстань	1374	5	83	34.5
129	Вільна група	13	0	3	0.5
130	Вільний параметр	2	0	1	0.0
131	Вільні і зв'язані змінні	49	0	7	1.0
132	Вільям Ровен Гамільтон	60	0	4	2.0
133	Вільям Терстон	12	0	2	1.0
134	Вісімкова система числення	279	0	18	8.5
135	Вісь	387	2	28	12.0
136	Вкладення Сегре	0	0	0	0.0
137	Власні вектори та власні числа	705	6	46	20.5
138	Внутрішня точка	43	0	6	1.0
139	Гамма-розподіл	134	0	12	3.0
140	Гамма-функція	428	7	35	12.5
141	Гармонічна функція	62	0	7	2.0
142	Гармонічний аналіз	41	0	9	1.0
143	Гаусові числа	62	0	7	2.0
144	Гельфанд Ізраїль Мойсейович	43	0	6	1.0
145	Генератор псевдовипадкових чисел	264	2	21	7.0
146	Генератриса	130	0	11	4.0
147	Генерація випадкових чисел	238	3	19	6.0
148	Геодезична лінія	188	2	17	5.5
149	Геометрична прогресія	5567	77	578	155.5
150	Геометричний броунівський рух	17	0	3	1.0
151	Геометрія	1168	8	67	35.0
152	Геометрія Лобачевського	241	2	21	6.5
153	Георг Кантор	55	0	6	1.0
154	Герман Вейль	28	0	4	1.0
155	Гідроаеромеханіка	76	0	11	2.0
156	Гідромеханіка	66	0	6	2.0
157	Гійом де Лопіталь	18	0	2	1.0
158	Гільбертів простір	274	1	25	7.0
159	Гіпербола (математика)	1273	16	66	37.0
160	Гіпергеометричний розподіл	116	0	10	4.0
161	Гіперграф	11	0	2	0.0
162	Гіперповерхня	40	0	7	1.0
163	Гіпотеза Гольдбаха	61	0	7	2.0
164	Гіпотеза Пуанкаре	304	3	19	9.0
165	Гіпотеза Рімана	255	1	21	6.0
166	Гістограма	991	5	77	28.5
167	Голоморфна функція	131	0	14	5.0
168	Гомеоморфізм	70	0	10	2.0
169	Гомологічна алгебра	15	0	2	1.0
170	Гомоморфізм	148	1	13	3.0
171	Гомоморфізм груп	72	0	11	1.0
172	Гомоморфне шифрування	45	0	6	1.0
173	Гомотопія	22	0	3	1.0
174	Готлоб Фреге	79	0	13	2.0
175	Готфрід Вільгельм Ляйбніц	768	9	56	23.0
176	Гра без побічних платежів	2	0	1	0.0
177	Градієнтний спуск	418	1	41	10.0
178	Градієнтні методи	158	1	15	5.0
179	Границя	518	6	34	15.5
180	Границя функції в точці	496	4	35	13.5
181	Границя числової послідовності	288	2	23	8.5
182	Граф (математика)	1883	22	133	52.0
183	Група (математика)	315	1	31	9.0
184	Група Галуа	9	0	2	0.0
185	Група Лі	61	0	6	2.0
186	Густина імовірності	455	4	34	12.5
187	Ґратка (порядок)	107	0	21	3.0
188	Давид Гільберт	130	0	14	4.0
189	Дванадцяткова система числення	47	0	7	2.0
190	Девід Мамфорд	6	0	3	0.0
191	Декартова система координат	2087	21	165	59.5
192	Дельта-метод	35	0	3	1.0
193	Дельта-функція Дірака	188	2	19	5.0
194	Дерево (теорія графів)	713	2	43	22.0
195	Джеймс Клерк Максвелл	566	5	46	15.5
196	Джон Конвей	43	0	7	1.0
197	Джон Мілнор	12	0	3	0.0
198	Джон фон Нейман	361	4	23	9.5
199	Джон Форбс Неш	788	11	45	24.0
200	Джордж Буль	173	1	14	5.0
201	Джуліо Асколі	0	0	0	0.0
202	Дзета-функція Рімана	120	1	15	3.0
203	Диз'юнкт Горна	13	0	2	0.5
204	Динамічна гра	27	0	16	0.0
205	Динамічна система	392	2	23	11.5
206	Дискретна група	8	0	2	0.5
207	Дискретна математика	692	9	40	21.0
208	Дискретний логарифм	80	0	10	2.0
209	Дискримінант	565	7	43	17.0
210	Дисперсійний аналіз	1093	14	61	30.5
211	Дисперсія випадкової величини	2921	36	186	88.0
212	Дистрибутивність	200	0	17	5.5
213	Дифеоморфізм	26	0	5	1.0
214	Диференціальна геометрія	71	0	7	2.0
215	Диференціальне рівняння з частинними похідними	537	4	42	12.0
216	Диференціальне та інтегральне числення	170	0	18	5.0
217	Диференціальне числення	239	1	16	6.5
218	Диференціальні рівняння	2874	28	196	82.5
219	Диференційовний многовид	24	0	6	1.0
220	Дійсне число	3952	65	212	120.5
221	Дійснозначна функція	21	0	3	1.0
222	Ділення	989	2	62	34.5
223	Діофантові рівняння	326	2	27	8.5
224	Дія (фізика)	38	0	4	1.0
225	Добуток	4011	20	290	96.0
226	Довга арифметика	117	0	11	4.0
227	Доведення	241	2	16	8.0
228	Доведення з нульовим пізнанням	43	0	12	1.0
229	Довжина	1766	11	109	50.5
230	Довжина кривої	103	0	11	3.0
231	Довірчий інтервал	976	9	63	27.5
232	Додавання	717	9	41	19.5
233	Дональд Кнут	135	0	18	4.0
234	Досконале число	184	1	13	5.0
235	Дослідження операцій	462	6	28	14.0
236	Дотична	402	3	38	11.0
237	Дотичний простір	30	0	7	1.0
238	Дріб	3212	35	275	98.5
239	Друга похідна	248	0	14	8.0
240	Еварист Галуа	120	0	19	3.5
241	Евклід	476	2	37	13.5
242	Евклідів простір	390	4	31	10.0
243	Евклідова геометрія	402	5	26	12.0
244	Едвард Віттен	18	0	4	1.0
245	Експоненційний розподіл	660	6	44	21.5
246	Ексцентриситет	401	4	23	11.5
247	Елементарна математика	41	0	5	2.0
248	Елі Жозеф Картан	5	0	2	0.0
249	Еліпс	1021	11	54	33.5
250	Еліптична крива	258	2	42	7.0
251	Еліптична криптографія	227	1	22	6.5
252	Еліптична функція	16	0	3	1.0
253	Еммі Нетер	216	0	20	6.0
254	Емпірична функція розподілу	563	3	43	17.5
255	Ентропійна швидкість	6	0	2	0.0
256	Ентропія	3594	57	180	105.0
257	Ератосфен	342	2	26	10.0
258	Ергодичний розподіл	22	0	5	1.0
259	Ермітова форма	2	0	1	0.0
260	Ефект метелика (математика)	400	4	21	12.0
261	Жак Соломон Адамар	17	0	4	0.0
262	Жан-П'єр Серр	7	0	1	0.0
263	Житомирська Світлана Яківна	16	0	2	1.0
264	Життя (гра)	245	1	18	8.0
265	Жозеф-Луї Лагранж	123	1	11	3.5
266	Жорданова нормальна форма	196	0	15	5.0
267	Загальна лінійна група	17	0	2	1.0
268	Загальна теорія відносності	1378	10	109	43.0
269	Загальна топологія	20	0	2	1.0
270	Задання групи	13	0	4	1.0
271	Задача дробово-лінійного програмування	79	0	11	2.0
272	Задача про пакування в ємності	26	0	4	1.0
273	Задача розв'язності	42	0	6	1.0
274	Закон великих чисел	711	4	160	17.5
275	Закон виключеного третього	409	2	27	12.5
276	Закони Кеплера	2108	10	169	59.0
277	Закони Ланчестера	11	0	2	0.5
278	Закони Ньютона	10616	94	618	314.5
279	Замикання (математика)	62	0	6	2.0
280	Заперечення	477	4	33	15.0
281	Зв'язність (диференціальна геометрія)	3	0	1	0.0
282	Звичайні диференціальні рівняння	194	0	13	6.0
283	Згортка (математичний аналіз)	297	1	24	8.0
284	Зліченна множина	143	1	13	4.0
285	Знак рівності	460	5	26	13.5
286	Зовнішня алгебра	18	0	2	1.0
287	Зовнішня похідна	7	0	2	0.0
288	Золота спіраль	185	1	15	5.0
289	Золотий перетин	2403	43	118	74.5
290	Ізометрія (математика)	86	0	9	2.0
291	Ізоморфізм	300	1	19	10.0
292	Ізоморфізм груп	35	0	10	1.0
293	Імовірнісна логіка	17	0	3	1.0
294	Імовірність	1529	22	111	43.5
295	Імпульс (механіка)	6694	14	667	133.0
296	Індекс контура відносно точки	7	0	3	0.0
297	Індо-арабська система числення	639	3	80	17.0
298	Інтеграл	3594	48	253	106.5
299	Інтеграл Лебега	135	0	9	4.0
300	Інтегральна теорема Коші	172	1	17	5.0
301	Інтегральна формула Коші	92	0	10	2.5
302	Інтегральне правило Лейбніца	10	0	6	0.5
303	Інтегральне рівняння	108	0	34	2.0
304	Інтервал (математика)	189	0	20	5.0
305	Інтерполяція	1476	11	98	41.5
306	Інформаційна ентропія	955	7	61	28.5
307	Інформаційний критерій Акаіке	66	0	8	2.0
308	Інформація	7663	113	375	233.0
309	Ірраціональні числа	2055	24	153	57.0
310	Ісаак Ньютон	3253	20	233	95.5
311	Історія геометрії	250	0	28	7.0
312	Історія математики	1041	7	72	32.0
313	Історія математичних позначень	98	0	7	3.0
314	Істотний многовид	0	0	0	0.0
315	Ймовірнісний простір	133	0	38	3.0
316	Йоганн Кеплер	424	1	30	12.0
317	Калібрувальна інваріантність	52	0	5	1.0
318	Канонічна кореляція	37	0	4	1.0
319	Карл Вейєрштрасс	75	0	9	2.0
320	Карл Фрідріх Гаусс	438	5	30	13.0
321	Категорійна змінна	144	0	12	4.5
322	Категорійний розподіл	31	0	4	1.0
323	Квадрат	1721	21	95	50.0
324	Квадратична форма	242	1	22	7.0
325	Квадратичний закон взаємності	29	0	6	1.0
326	Квадратне рівняння	4294	59	266	123.5
327	Квадратний корінь	1551	17	84	45.5
328	Квантова електродинаміка	207	0	23	6.0
329	Квантова криптографія	136	0	14	4.0
330	Квантова логіка	17	0	2	1.0
331	Квантова механіка	1230	16	76	35.0
332	Квантова хромодинаміка	89	0	8	2.0
333	Квартет Анскомбе	13	0	2	1.0
334	Китайська теорема про остачі	131	1	14	3.0
335	Кільце (алгебра)	254	0	19	7.5
336	Кільце многочленів	36	0	6	1.0
337	Кінематика	977	9	72	30.5
338	Кінетична енергія	12174	36	1018	289.0
339	Клавдій Птолемей	635	8	53	18.5
340	Клас еквівалентності	166	1	19	5.0
341	Клас складності NP	183	0	16	6.0
342	Клас складності P	216	1	23	5.0
343	Клас складності PSPACE	26	0	9	1.0
344	Класична механіка	802	4	60	24.0
345	Кластеризація методом к–середніх	640	5	37	20.5
346	Коваріація	536	4	35	14.5
347	Коефіцієнт Баєса	28	0	5	1.0
348	Коефіцієнт Жаккара	132	0	15	3.0
349	Колмогоров Андрій Миколайович	126	1	9	3.0
350	Коло	2968	34	186	89.5
351	Комбінаторика	1639	13	150	45.0
352	Комбінаторна оптимізація	48	0	8	1.0
353	Комбінація (комбінаторика)	1049	13	73	29.0
354	Компактний простір	210	1	13	7.0
355	Комплексна площина	123	0	13	4.0
356	Комплексне число	1672	25	151	43.0
357	Комплексний аналіз	173	0	9	5.5
358	Композиція функцій	156	1	16	4.0
359	Компонента зв'язності графа	251	0	16	7.0
360	Комутативна алгебра	12	0	2	1.0
361	Комутативне кільце	26	0	3	1.0
362	Комутативність	413	3	33	9.5
363	Кон'юнкція	975	5	59	25.5
364	Конкатенація	226	2	18	6.5
365	Континуум-гіпотеза	67	0	8	2.0
366	Контрапозиція	44	0	8	2.0
367	Кооперативна гра (теорія ігор)	47	0	5	1.0
368	Кореляція і залежність	2252	22	151	66.5
369	Кортеж (інформатика)	198	1	15	5.0
370	Крайова задача	235	1	17	7.0
371	Крива	113	0	10	3.0
372	Кривина (математика)	126	1	10	3.0
373	Криві другого порядку	340	1	22	11.5
374	Криза основ математики	44	0	12	1.0
375	Криптоаналіз	362	4	28	10.0
376	Криптографічна геш-функція	303	1	20	10.0
377	Криптографічно стійкий генератор псевдовипадкових чисел	87	0	14	2.0
378	Криптографія	2245	29	137	75.5
379	Критерій Фішера	1365	15	106	41.0
380	Критична точка (математика)	336	1	27	9.0
381	Куб	1399	11	86	37.5
382	Куля (геометрія)	9	0	1	0.0
383	Курт Гедель	73	0	7	2.0
384	Кут	1441	12	87	43.0
385	Кутова швидкість	1326	12	80	44.0
386	Кутовий коефіцієнт	2061	36	117	63.5
387	Лагранжіан	97	0	10	3.0
388	Лазар Карно	30	0	4	1.0
389	Ланцюги Маркова	471	7	28	13.0
390	Ланцюги Маркова з неперервним часом	40	0	6	1.0
391	Ланцюговий дріб	156	0	16	4.0
392	Лейтзен Егберт Ян Брауер	11	0	4	0.0
393	Лексель Андрій Іванович	0	0	0	0.0
394	Лема Гронуолла—Беллмана	5	0	1	0.0
395	Лема Цорна	23	0	5	1.0
396	Леонард Ейлер	512	3	35	15.0
397	Лінійна алгебра	230	1	16	7.0
398	Лінійна комбінація	92	0	12	2.0
399	Лінійна регресія	1458	14	77	44.0
400	Лінійна функція	1343	20	66	39.0
401	Лінійне відображення	349	1	39	9.0
402	Лінійне програмування	1060	8	68	36.5
403	Лінійне рівняння	1472	21	78	44.5
404	Лінія	179	1	13	5.0
405	Логарифм	3139	30	365	80.0
406	Логарифмічно угнута функція	5	0	1	0.0
407	Логіка	2673	39	136	81.5
408	Логіка другого порядку	24	0	4	1.0
409	Логіка першого порядку	260	1	25	6.5
410	Логічний сполучник	211	1	16	7.0
411	Любич Михайло Юрійович	2	0	1	0.0
412	Ляпунов Олександр Михайлович	563	1	57	13.5
413	Майже періодична функція	27	0	3	1.0
414	Майкл Атія	27	0	5	1.0
415	Максимальний ідеал	29	0	4	1.0
416	Маргуліс Григорій Олександрович	21	0	4	1.0
417	Марковська властивість	33	0	3	1.0
418	Марковська модель	119	0	13	3.0
419	Марковський момент часу	11	0	2	1.0
420	Марковський процес	194	0	23	5.0
421	Марковський процес вирішування	79	0	14	2.0
422	Мартингал	41	0	5	1.0
423	Математик	345	1	25	9.0
424	Математика	3075	46	156	97.0
425	Математична індукція	260	1	21	9.0
426	Математична константа	155	1	14	4.0
427	Математична логіка	483	0	32	14.0
428	Математична статистика	683	7	51	17.5
429	Математична фізика	171	1	14	5.0
430	Математичне моделювання	885	10	52	28.0
431	Математичне сподівання	1993	24	141	58.0
432	Математичний аналіз	560	7	39	16.5
433	Матриця (математика)	1615	25	89	52.0
434	Матриця суміжності	1057	8	66	32.5
435	Машина Тюрінга	1096	7	75	33.5
436	Медаль Філдса	157	0	23	4.0
437	Медіана (статистика)	4021	38	402	104.0
438	Мероморфна функція	37	0	7	1.5
439	Метаматематика	20	0	3	1.0
440	Метамова	219	0	17	6.0
441	Метод Гауса	935	9	70	26.0
442	Метод Гауса — Жордана	230	1	27	5.5
443	Метод головних компонент	517	5	33	14.0
444	Метод групового урахування аргументів	91	0	12	3.0
445	Метод максимальної правдоподібності	360	0	27	11.0
446	Метод матриць переходу	9	0	2	0.5
447	Метод Монте-Карло	817	8	53	24.0
448	Метод невизначених множників	171	1	21	5.0
449	Метод Ньютона	611	6	63	15.5
450	Метод скінченних різниць	295	1	33	7.0
451	Метричний простір	251	1	23	8.0
452	Метричний тензор	54	0	6	1.0
453	Механіка Гамільтона	83	0	9	2.0
454	Мимобіжні прямі	1990	5	409	44.0
455	Міжнародна математична олімпіада	97	0	12	3.0
456	Мінімальна довжина повідомлення	1	0	1	0.0
457	Мінімізація булевих функцій за допомоги дужкових форм	43	0	5	2.0
458	Міра множини	102	1	11	3.0
459	Міра Хаара	12	0	2	1.0
460	Многовид	154	1	13	4.0
461	Многогранник	431	2	33	12.0
462	Многокутник	1509	16	114	45.5
463	Многочлен	1016	14	60	30.5
464	Множення	842	7	49	27.0
465	Множина	1916	26	121	56.0
466	Мода (статистика)	2647	29	161	77.5
467	Модель Барабаші — Альберт	16	0	3	1.0
468	Модель Блека — Шоулза	118	0	13	3.0
469	Модуль (математика)	1514	18	172	39.5
470	Модуль над кільцем	31	0	4	1.0
471	Модульна арифметика	270	2	18	7.0
472	Модулярна форма	12	0	2	1.0
473	Мультиіндекс	6	0	2	0.0
474	Мультимножина	45	0	6	2.0
475	Найбільше відоме просте число	406	4	27	12.5
476	Найбільший спільний дільник	1180	17	82	35.5
477	Найменше спільне кратне	1279	18	65	35.5
478	Накриття (топологія)	12	0	3	1.0
479	Напівмартингал	3	0	1	0.0
480	Нат (одиниця вимірювання)	37	0	5	1.0
481	Натуральні числа	4563	58	259	133.0
482	Начала Евкліда	133	0	12	4.0
483	Нго Бао Чау	4	0	1	0.0
484	Невластивий інтеграл	3	0	1	0.0
485	Недетермінований скінченний автомат	87	0	7	3.0
486	Неевклідова геометрія	251	1	23	7.0
487	Незалежність (теорія ймовірностей)	173	1	12	5.0
488	Незвідний многочлен	120	0	12	3.0
489	Неімплікація	28	0	5	1.0
490	Нелінійні диференціальні рівняння	9	0	2	0.0
491	Неперервна справа функція з лівосторонніми границями	19	0	5	0.0
492	Неперервна функція	646	5	55	19.0
493	Нерівність	1315	15	88	38.5
494	Нерівність Коші — Буняковського	406	4	27	12.5
495	Нерівність трикутника	295	0	28	8.0
496	Нерівність Чебишова	219	1	24	5.0
497	Нескінченність	495	7	26	14.0
498	Нечітка множина	342	1	26	11.0
499	Ніколя Бурбакі	43	0	5	1.0
500	Нільпотентна група	14	0	4	1.0
501	Нім (гра)	86	0	11	2.0
502	Норма (математика)	242	1	23	6.5
503	Норма (теорія полів)	8	0	7	0.0
504	Нормальна підгрупа	31	0	4	1.0
505	Нормальний розподіл	2104	22	138	59.5
506	Обернена функція	627	1	45	20.5
507	Обернені тригонометричні функції	880	12	92	24.0
508	Область визначення	4552	44	479	119.0
509	Область значень	1668	24	149	48.0
510	Область цілісності	38	0	6	1.0
511	Обчислювальна математика	103	0	10	3.0
512	Обчислювана функція	65	0	6	2.0
513	Оґюстен-Луї Коші	134	0	25	3.5
514	Одностороння функція	66	0	14	2.0
515	Окіл	137	0	11	3.5
516	Омар Хайям	13937	25	11245	47.5
517	Оператор Лапласа	248	1	25	7.0
518	Оптимізація (математика)	588	3	39	16.0
519	Оптимум Парето	486	3	42	15.5
520	Опукла комбінація	9	0	2	0.5
521	Опукла множина	156	1	11	4.0
522	Опукла функція	175	1	15	5.0
523	Ортогональна матриця	174	2	17	5.0
524	Ортогональність	297	1	18	8.0
525	Ортонормований базис	113	0	15	3.0
526	Оскар Зарицький	17	0	3	1.0
527	Основна теорема алгебри	176	1	13	5.0
528	Основна теорема арифметики	170	2	11	5.0
529	Оцінка апостеріорного максимуму	31	0	6	1.0
530	Оцінка густини	31	0	3	1.0
531	П'єр Рене Делінь	24	0	6	0.0
532	П'єр Ферма	171	0	18	4.0
533	П'єр-Симон Лаплас	172	0	12	5.5
534	П'ятикомірник	8	0	2	0.0
535	Пал Ердеш	34	0	4	1.0
536	Парабола	1725	20	100	53.0
537	Парадокс Банаха — Тарського	63	0	6	2.0
538	Парадокс Расселла	225	0	15	7.5
539	Паралельність	773	6	50	23.5
540	Параметр	444	1	43	11.0
541	Переважне приєднання	18	0	3	1.0
542	Перевірка відношенням правдоподібностей	48	0	6	2.0
543	Перевірка статистичних гіпотез	687	6	47	19.5
544	Перельман Григорій Якович	343	2	22	12.0
545	Перестановка	401	4	32	12.0
546	Перетворення Гільберта	32	0	8	1.0
547	Перетворення Лапласа	400	0	39	12.5
548	Перетворення Фур'є	844	8	61	22.0
549	Перетин множин	395	3	39	11.0
550	Перехресна ентропія	63	0	6	2.0
551	Перехресна перевірка	141	0	14	3.5
552	Периметр	617	4	49	15.0
553	Періодична функція	642	1	55	18.5
554	Періодичний стан	17	0	4	1.0
555	Підмножина	411	6	23	12.0
556	Піднесення до степеня	3191	48	198	89.5
557	Підстановка	20	0	3	1.0
558	Піфагор	1770	20	97	49.5
559	Планування експерименту	586	3	41	16.5
560	Площа	3515	45	186	104.0
561	Площа поверхні	96	0	8	3.0
562	Площина	799	3	66	21.5
563	Поверхневий інтеграл	294	2	35	7.0
564	Поверхня	339	1	38	9.0
565	Повний метричний простір	87	0	20	2.0
566	Подвійні числа	33	0	4	1.0
567	Подільність	182	1	15	4.5
568	Позиційні системи числення	626	4	37	16.5
569	Показникова функція	1297	12	89	34.0
570	Пол Джозеф Коен	15	0	2	0.5
571	Поле (алгебра)	226	0	18	6.0
572	Поле Галуа	216	1	20	6.0
573	Поліноми Ерміта	88	0	7	2.0
574	Поль Дірак	160	0	11	4.0
575	Полюс (комплексний аналіз)	45	0	8	1.0
576	Полярна система координат	757	7	43	23.0
577	Помилки першого і другого роду	565	3	49	15.0
578	Порядкове число	37	0	4	1.0
579	Послідовність	438	5	39	13.0
580	Послідовність Фібоначчі	1044	12	50	33.5
581	Потужність множини	333	2	30	9.0
582	Похибки та залишки	194	2	18	5.0
583	Похідна	5661	47	489	161.0
584	Правило висновування	43	0	6	1.0
585	Правило Лопіталя	643	4	136	13.5
586	Правильний многокутник	1599	9	145	44.5
587	Правильний трикутник	3346	36	225	100.0
588	Представлення групи	33	0	3	1.0
589	Приблизне баєсове обчислення	41	0	4	2.0
590	Прикладна математика	467	6	26	15.0
591	Принцип детальної рівноваги	16	0	2	1.0
592	Принцип Діріхле	205	2	20	5.0
593	Принцип максиміну	27	0	4	1.0
594	Припущення	218	2	15	6.5
595	Прискорення	5637	42	377	179.0
596	Пристосованість (статистика)	22	0	3	1.0
597	Проблема зупинки	218	0	42	5.0
598	Проблема чотирьох фарб	126	1	10	4.0
599	Проблеми Гільберта	180	0	20	5.0
600	Проективна геометрія	64	0	6	2.0
601	Проективний простір	32	0	4	1.0
602	Проста група	17	0	10	1.0
603	Просте число	2232	22	122	66.5
604	Простір Мінковського	86	0	8	2.0
605	Простір Шварца	5	0	2	0.0
606	Простір Lp	110	0	12	2.5
607	Просторово-часовий інтервал	149	1	23	4.5
608	Протокол узгодження ключів	69	0	24	2.0
609	Процес Леві	7	0	2	0.0
610	Пряма	1075	12	63	33.5
611	Пряма секретність	52	0	5	1.0
612	Прямий кут	278	1	23	8.0
613	Прямокутний трикутник	14098	133	792	417.5
614	Псевдотріангуляція	9	0	2	0.0
615	Пучок (математика)	10	0	2	0.5
616	Радіальна базисна функція	65	0	7	2.0
617	Радіан	844	9	50	23.5
618	Радіус	1995	16	123	58.5
619	Раціональна функція	85	0	11	2.0
620	Раціональні числа	3059	43	174	94.0
621	Регістр зсуву з лінійним зворотним зв'язком	84	0	9	2.0
622	Регресійний аналіз	1968	19	116	60.5
623	Регуляризація (математика)	51	0	5	1.0
624	Рене Декарт	2688	35	134	78.5
625	Рене Том	11	0	2	0.0
626	Рерайтинг (математика)	17	0	7	0.0
627	Римська система числення	4927	76	251	152.0
628	Рівність класів P і NP	207	0	17	5.0
629	Рівновага Неша	440	3	39	12.0
630	Рівномірна збіжність	109	0	12	3.0
631	Рівномірна обмеженість	12	0	3	1.0
632	Рівностепенева неперервність	14	0	4	0.0
633	Рівняння	1426	19	93	42.0
634	Рівняння Дірака	132	1	10	3.5
635	Рівняння конвекції-дифузії	56	0	5	1.5
636	Рівняння Лапласа	161	0	14	4.0
637	Рівняння Максвелла	1015	11	73	28.0
638	Рівняння Нав'є — Стокса	257	3	15	8.0
639	Рівняння Пелля	20	0	2	1.0
640	Рівняння теплопровідності	227	1	17	6.0
641	Рівняння Фоккера-Планка	58	0	13	1.0
642	Рівняння Чепмена — Колмогорова	53	0	13	1.0
643	Рівняння четвертого степеня	312	3	20	9.0
644	Рівняння Шредінгера	672	3	44	18.0
645	Ріманова поверхня	44	0	8	1.0
646	Ріхард Дедекінд	29	0	7	1.0
647	Річард Евен Борхердс	9	0	3	0.0
648	Роджер Пенроуз	60	0	6	1.5
649	Розбиття множини	160	1	10	5.0
650	Розв'язна група	16	0	3	1.0
651	Роздрібнена множина	1	0	1	0.0
652	Розмірність простору	128	0	10	4.0
653	Розподіл ймовірностей	666	7	41	18.5
654	Розподіл Коші	70	0	8	2.0
655	Розподіл Пуассона	704	7	48	20.5
656	Розподіл хі-квадрат	345	4	20	11.0
657	Розходження Кульбака — Лейблера	46	0	6	1.5
658	Розширений фільтр Калмана	48	0	5	1.0
659	Розширення поля	33	0	4	2.0
660	Рональд Фішер	45	0	6	1.0
661	Ряд (математика)	436	4	27	13.5
662	Ряд Тейлора	1031	10	62	30.5
663	Ряд Фур'є	1006	9	77	29.0
664	Саймон Дональдсон	5	0	2	0.0
665	Середнє арифметичне	1794	15	109	51.0
666	Середнє значення	1272	14	88	35.0
667	Сигма-алгебра	92	0	8	3.0
668	Символ Кронекера	55	0	4	2.0
669	Символ Похгаммера	2	0	1	0.0
670	Симетрична група	43	0	14	1.0
671	Симетрія	1864	19	113	57.5
672	Симетрія в математиці	313	0	21	9.0
673	Симплекс	97	1	7	3.0
674	Симплекс-метод	630	5	42	20.5
675	Сингулярний розклад матриці	187	1	13	6.0
676	Сингулярні гомології	1	0	1	0.0
677	Система координат	1821	18	105	53.0
678	Система лінійних алгебраїчних рівнянь	1565	20	89	45.5
679	Система числення	1523	11	83	46.0
680	Сімеон-Дені Пуассон	58	0	11	1.0
681	Скаляр	325	3	21	10.0
682	Скалярний добуток	3056	40	199	91.0
683	Скінченна множина	155	0	11	4.5
684	Скінченні різниці	126	0	14	4.0
685	Складано-ножева перевибірка	16	0	2	1.0
686	Складене число	1115	8	58	35.5
687	Соломон Лефшец	5	0	2	0.0
688	Спектральна теорема	12	0	2	1.0
689	Спеціальна теорія відносності	1237	6	77	35.0
690	Список математичних категорій	23	0	4	1.0
691	Список тригонометричних тотожностей	1748	16	229	39.0
692	Спільна ентропія	22	0	12	1.0
693	Спінор	15	0	3	0.0
694	Спліт-кватерніони	8	0	2	0.0
695	Спрямований ациклічний граф	142	1	19	3.0
696	Срініваса Рамануджан	224	0	27	6.0
697	Стандартна модель	231	0	21	7.0
698	Стандартне відхилення	3483	50	179	111.5
699	Статистика	2810	43	157	90.5
700	Статистична дисперсія	594	8	46	16.5
701	Статистична значущість	1079	13	72	32.5
702	Статистична механіка	96	0	8	3.0
703	Статистичне висновування	147	1	11	4.0
704	Стаціонарна точка	290	1	35	8.0
705	Степеневий ряд	390	3	23	12.0
706	Степінь трансцендентності	2	0	1	0.0
707	Стефан Банах	250	1	21	7.5
708	Стівен Смейл	8	0	2	0.0
709	Стохастична гра	30	0	5	1.0
710	Стохастична матриця	22	0	4	1.0
711	Стохастична модель	248	1	20	7.0
712	Стохастичне числення Іто	16	0	2	1.0
713	Сума	1202	13	77	35.5
714	Сфера	1711	5	156	49.0
715	Сфера Рімана	44	0	6	1.0
716	Сферична система координат	398	3	32	10.0
717	Сюр'єкція	303	2	36	7.0
718	Таблиця множення	380	5	23	11.0
719	Теза Черча — Тюрінга	155	0	15	4.5
720	Тензорний добуток	62	0	6	2.0
721	Теорема	417	8	29	10.5
722	Теорема Асколі — Арцела	18	0	4	1.0
723	Теорема Баєса	886	11	66	25.5
724	Теорема Банаха про нерухому точку	56	0	10	2.0
725	Теорема Гамільтона — Келі	20	0	3	1.0
726	Теорема Гана — Банаха	30	0	4	2.0
727	Теорема Кантора	69	0	8	2.0
728	Теорема косинусів	5345	77	372	149.0
729	Теорема Лагранжа	409	3	31	12.0
730	Теорема Лагранжа (теорія груп)	32	0	3	1.0
731	Теорема Льовенгейма — Сколема	3	0	1	0.0
732	Теорема Піфагора	6487	86	445	198.0
733	Теорема про планарне розбиття	84	0	27	1.0
734	Теорема про розподіл простих чисел	42	0	5	1.0
735	Теорема Рамсея	33	0	4	1.0
736	Теорема Рімана — Роха	5	0	1	0.0
737	Теорема синусів	2701	39	242	78.0
738	Теорема Скорохода про вкладення	17	0	3	1.0
739	Теорема Стокса	321	1	28	9.0
740	Теореми Веєрштраса у банахових просторах	7	0	5	0.0
741	Теореми Геделя про неповноту	222	1	20	7.0
742	Теореми про ізоморфізми	28	0	8	1.0
743	Теоретична інформатика	150	1	10	4.0
744	Теорія алгоритмів	458	6	33	14.0
745	Теорія Вапника — Червоненкіса	12	0	3	1.0
746	Теорія випадкових процесів	69	0	6	2.0
747	Теорія відносності	2127	22	122	64.0
748	Теорія Галуа	42	0	4	1.5
749	Теорія графів	1032	13	68	31.0
750	Теорія груп	140	0	11	4.0
751	Теорія ігор	1572	18	74	49.0
752	Теорія інваріантів	14	0	2	1.0
753	Теорія інформації	726	5	62	20.5
754	Теорія ймовірностей	2329	28	172	70.5
755	Теорія категорій	71	0	7	2.0
756	Теорія керування	231	2	13	7.5
757	Теорія кодування	340	1	28	9.5
758	Теорія масового обслуговування	243	0	18	7.0
759	Теорія мереж	97	0	8	3.0
760	Теорія множин	505	8	27	15.0
761	Теорія множин Цермело — Френкеля	26	0	3	1.0
762	Теорія наближень	17	0	3	1.0
763	Теорія обчислюваності	23	0	3	0.5
764	Теорія порядку	27	0	5	1.0
765	Теорія представлень	7	0	2	0.0
766	Теорія Серфа	2	0	1	0.0
767	Теорія складності обчислень	420	4	30	12.0
768	Теорія статистичного навчання	16	0	2	0.0
769	Теорія хаосу	548	6	42	14.5
770	Теорія чисел	241	3	16	7.0
771	Теплокарта	30	0	3	1.0
772	Теренс Тао	38	0	7	1.0
773	Тесеракт	395	3	27	10.5
774	Тімоті Гауерс	9	0	2	0.0
775	Топологічна група	17	0	3	0.0
776	Топологічний векторний простір	10	0	4	0.0
777	Топологічний простір	143	0	20	3.5
778	Топологія	341	2	19	9.5
779	Топологія Зариського	17	0	5	1.0
780	Тотожне відображення	47	0	8	1.0
781	Тотожність	2635	14	1146	47.5
782	Тотожність Ейлера	129	0	8	4.0
783	Точка	442	3	28	14.0
784	Точність до	6	0	2	0.0
785	Трансцендентне число	142	0	14	4.0
786	Трапеція	5907	79	330	180.5
787	Тривимірний опис об'єкта	326	3	28	9.5
788	Тригонометричні функції	6839	103	539	188.5
789	Тригонометрія	825	9	76	25.5
790	Трикутник	4247	39	264	129.5
791	Трикутник Рело	200	0	29	6.0
792	Тріангуляція (геометрія)	92	0	9	2.5
793	Узагальнена функція	44	0	6	1.0
794	Умови Коші — Рімана	99	0	10	3.0
795	Умовна ентропія	84	0	10	2.0
796	Умовне математичне сподівання	48	0	7	1.0
797	Уявна одиниця	221	1	13	7.0
798	Фазовий простір	112	0	12	3.0
799	Факторгрупа	41	0	4	1.0
800	Факторизація	198	1	11	6.5
801	Факторпростір	19	0	4	0.5
802	Фелікс Гаусдорф	10	0	3	0.0
803	Фелікс Кляйн	35	0	5	1.0
804	Фібоначчі	563	6	32	16.0
805	Фізика	5618	56	359	162.0
806	Філософія математики	55	0	7	1.0
807	Фільтр Калмана	229	0	38	5.0
808	Формальний степеневий ряд	21	0	2	1.0
809	Формула	552	5	39	14.0
810	Формула Гауса — Бонне	35	0	12	1.0
811	Формула Ейлера	677	7	49	18.0
812	Формула Муавра	142	1	13	3.5
813	Формула Ньютона — Лейбніца	1260	9	141	35.0
814	Формула Остроградського	274	3	24	7.5
815	Формула повної ймовірності	924	7	75	24.5
816	Формула Фейнмана — Каца	6	0	1	0.0
817	Фрактал	4012	26	279	92.5
818	Фрактальна розмірність	130	0	12	3.5
819	Франсуа Вієт	424	1	38	11.0
820	Фундаментальна група	9	0	2	0.0
821	Фундаментальна послідовність	93	0	10	3.0
822	Функтор	46	0	5	1.0
823	Функції Бесселя	158	1	11	5.0
824	Функціональна похідна	29	0	4	2.0
825	Функціональний аналіз	203	1	14	6.0
826	Функціональний ряд	363	2	20	10.5
827	Функція (математика)	3123	47	220	94.5
828	Функція внеску	22	0	3	1.0
829	Функція Ейлера	237	1	18	6.0
830	Функція Мебіуса	36	0	5	1.0
831	Функція правдоподібності	214	1	19	6.0
832	Функція розподілу (статистична фізика)	18	0	3	1.0
833	Функція розподілу ймовірностей	771	9	44	22.5
834	Характер представлення групи	20	0	3	0.0
835	Характеристика Ейлера	44	0	5	1.0
836	Характеристична функція	78	0	11	1.0
837	Хвильове рівняння	231	0	22	6.5
838	Хеш-функція	1172	11	97	35.5
839	Хроматичне число	187	1	20	4.0
840	Хроматичний індекс	27	0	4	1.0
841	Центральна гранична теорема	309	3	63	7.0
842	Центральний момент	150	0	11	5.0
843	Циклічний підклас	1	0	1	0.0
844	Циліндрична система координат	121	0	10	3.0
845	Цифри	1460	27	58	46.0
846	Ціла функція	26	0	3	1.0
847	Цілі числа	2285	27	223	64.0
848	Цілком впорядкована множина	23	0	3	1.0
849	Цілком неперервний оператор	5	0	1	0.0
850	Чарлз Сандерс Пірс	119	0	12	3.0
851	Час	1992	35	109	57.0
852	Часова область	23	0	3	1.0
853	Часовий ряд	1012	7	72	26.0
854	Часткова похідна	691	6	46	21.0
855	Частково впорядкована множина	212	1	17	6.0
856	Частота події	148	1	18	4.0
857	Чезаре Арцела	5	0	3	0.0
858	Чисельне інтегрування	241	0	24	6.0
859	Чисельні методи	819	6	53	26.5
860	Числа Бернуллі	59	0	6	2.0
861	Числення висловлень	280	2	22	7.0
862	Число	1184	18	71	36.0
863	Число пі	3638	62	163	116.0
864	Чиста математика	31	0	5	1.0
865	Чотири арифметичні дії	2313	15	209	68.5
866	Шарль Ерміт	10	0	3	0.0
867	Швидке перетворення Фур'є	419	3	43	10.0
868	Швидкість	5943	50	431	156.0
869	Шинтан Яу	13	0	2	0.0
870	Шифр	141	0	12	4.0
871	Шифрування	1056	4	72	29.5
872	Шіінг-Шен Черн	1	0	1	0.0
873	Шістнадцяткова система числення	863	14	45	28.5
874	Шлях (теорія графів)	144	0	11	4.0
875	Щербина Марія Володимирівна	20	0	3	1.0
876	Якобіан	77	0	8	2.0
877	Co-NP	4	0	1	0.0
878	E (число)	1371	18	62	42.0
879	EXPTIME	12	0	2	0.5
880	Gnuplot	19	0	4	0.5
881	Hashcash	27	0	4	1.0
882	Maple	143	0	13	3.0
883	Mathematica	117	0	11	3.0
884	MathML	53	0	5	2.0
885	NP-повна задача	217	1	14	6.5
886	NP-складна задача	84	0	5	3.0
887	PCP-теорема	8	0	4	0.0
888	T-критерій Стьюдента	2474	15	132	81.5
889	T-розподіл Стьюдента	405	3	25	12.0
