1	5-фторурацил	156	0	12	4.0
2	Абакавір	23	0	3	1.0
3	Абакавір/Ламівудин	13	0	3	0.0
4	Абарестезія	9	0	5	1.0
5	Абатестезія	9	0	4	0.5
6	Абдоміналізація серця	36	0	4	1.0
7	Абдомінопластика	124	1	11	3.0
8	Абсанс	423	5	22	12.0
9	Абсцес	2503	40	122	79.0
10	Абсцес легень	1511	14	81	46.5
11	Август Вагенманн	1	0	1	0.0
12	Авітамінози	2617	34	183	70.0
13	Австралійський кліщовий рикетсіоз	49	0	8	1.0
14	Автоімунні захворювання	1974	30	96	61.5
15	Агнозія	626	5	40	19.0
16	Агомелатин	70	0	7	2.0
17	Агорафобія	849	8	84	26.5
18	Агранулоцитоз	908	8	171	22.5
19	Адалімумаб	145	0	11	4.0
20	Адам Крістіян Тебезій	6	0	1	1.0
21	Аддералл	2121	47	106	62.5
22	Аддісонова хвороба	3260	32	219	96.0
23	Аделькі Негрі	4	0	2	0.0
24	Аденовіруси	732	6	54	20.0
25	Аденовірусна інфекція	1810	26	98	53.0
26	Аденома гіпофіза	232	1	20	6.5
27	Аденома щитоподібної залози	370	2	28	10.0
28	Адинамія	95	0	7	3.0
29	Адонізид	71	0	7	2.0
30	Адреналектомія	39	0	4	1.0
31	Адреногенітальний синдром	831	4	54	28.5
32	Адренокортикальна аденома	60	0	6	2.0
33	Адренокортикальна карцинома	52	0	6	1.0
34	Адренокортикотропний гормон	850	12	45	24.5
35	Адсорбована коклюшно-дифтерійно-правцева вакцина	1848	18	106	57.0
36	Аерофагія	65	0	8	2.0
37	Азеластин	26	0	3	1.0
38	Азилсартан	75	0	7	2.0
39	Азитроміцин	1198	18	59	36.0
40	Азлоцилін	12	0	2	0.5
41	Азооспермія	187	1	10	6.0
42	Азотемія	385	3	22	12.0
43	Азтреонам	28	0	4	1.5
44	Айван Магілл	3	0	1	0.0
45	Айзенберг Олександр Абрамович	5	0	1	0.0
46	Аймалін	50	0	5	2.0
47	Акінезія	86	0	8	3.0
48	Акне	2621	45	127	80.0
49	Акривастин	39	0	5	1.0
50	Акрихін	46	0	4	1.0
51	Акромегалія	1692	19	108	49.5
52	Актиномікоз	498	4	37	16.0
53	Актовегін	843	9	47	24.0
54	Акушерка	245	1	19	7.0
55	Алберт Аґуайо	10	0	2	0.0
56	Александер Флемінг	1064	6	130	29.0
57	Алексія	155	0	10	4.5
58	Алемтузумаб	39	0	6	1.0
59	Алергічний дерматит	607	9	34	19.5
60	Алергія на латекс	83	0	7	2.5
61	Алессандра Джиліані	13	0	10	1.0
62	Алкоголізм	5245	66	352	154.0
63	Алоїз Альцгеймер	81	1	5	3.0
64	Алоїз Капуано	4	0	1	0.0
65	Алпразолам	909	11	48	30.5
66	Альбендазол	418	4	24	12.0
67	Альберто Асколі	2	0	2	0.0
68	Альберто Бартон	11	0	3	0.0
69	Альбумінурія	62	0	6	2.0
70	Альдостерон	1390	21	78	42.0
71	Альфа-адреноблокатори	649	6	34	20.5
72	Альфа-клітина	20	0	3	1.0
73	Альфа-фетопротеїн	658	7	36	21.0
74	Альфонс Якоб	2	0	1	0.0
75	Альфред Вельпо	94	0	9	3.0
76	Альфузозин	35	0	3	1.0
77	Амбазон	64	0	8	2.0
78	Амбліопія	891	12	53	25.0
79	Амброксол	483	5	24	17.0
80	Амебіаз	963	12	64	30.5
81	Аменорея	1355	18	64	42.5
82	Американська колегія хірургів	5	0	2	0.0
83	Амізон	137	2	10	4.0
84	Амікацин	327	2	19	10.5
85	Амілоїд	140	2	9	5.0
86	Амілоїдоз	1370	18	66	40.5
87	Амімія	57	0	7	2.0
88	Аміноглікозиди	745	7	38	24.5
89	Амінотрансферази	173	0	12	5.0
90	Аміодарон	574	6	32	18.0
91	Амітриптилін	1754	29	79	56.0
92	Амлодипін	681	8	40	20.5
93	Амнезія	775	10	47	23.0
94	Амніоцентез	157	0	11	5.0
95	Амоксицилін	1373	22	61	44.5
96	Амоксицилін/клавуланова кислота	412	5	36	11.0
97	Амосов Микола Михайлович	4185	40	250	130.5
98	Ампренавір	3	0	1	0.0
99	Ампутація	280	3	16	9.0
100	Амрінон	14	0	3	1.0
101	Амтолметин гуацил	32	0	6	2.0
102	Амузія	41	0	6	1.0
103	Амфетамін	3948	95	148	121.5
104	Амфотерицин В	181	1	11	5.5
105	Анагрелід	19	0	4	0.5
106	Анапластичний рак щитоподібної залози	68	0	6	2.0
107	Анасарка	411	2	21	13.0
108	Анастомоз	276	2	17	8.0
109	Анастрозол	89	0	8	3.0
110	Анатоксин	440	1	46	11.0
111	Анатомічний театр Київського університету Св. Володимира	43	0	5	1.0
112	Анатомо-терапевтично-хімічна класифікація	234	0	18	6.5
113	Анафілаксія	482	6	29	14.0
114	Анафілактичний шок	3258	43	147	112.0
115	Ангіологія	54	0	6	1.0
116	Ангіома	473	2	30	14.0
117	Ангіосаркома	72	0	8	2.0
118	Ангіосаркома щитоподібної залози	9	0	2	0.0
119	Ангіоспазм	123	0	10	4.0
120	Андрейчин Михайло Антонович	185	1	16	5.5
121	Андрогени	1076	10	58	33.5
122	Андростендіон	115	1	10	3.0
123	Аневризма	1785	29	109	54.5
124	Аневризма аорти	969	6	74	24.5
125	Анемія	7729	140	353	262.5
126	Анестезія	1017	11	51	33.0
127	Анеуплоїдія	854	5	51	28.0
128	Анідулафунгін	5	0	1	0.0
129	Анізакіди	36	0	6	1.0
130	Анізакідоз	60	0	6	2.0
131	Анізокорія	617	8	33	19.0
132	Анкілоз	446	4	34	12.0
133	Анкілозуючий спондилоартрит	2055	30	100	65.0
134	Анкілостомози	350	3	23	10.5
135	Анорексія (симптом)	1579	28	72	49.0
136	Антагоністи альдостерону	149	0	15	4.0
137	Антиаритмічні препарати	685	4	40	20.0
138	Антигіпертензивні препарати	1386	16	79	42.5
139	Антитіла	2947	34	165	99.0
140	Антифосфоліпідний синдром	299	2	18	8.0
141	Антон Вексельбаум	6	0	2	0.0
142	Антоні Крупський	2	0	2	0.0
143	Антраль	1676	26	89	50.0
144	Антропоноз	728	8	42	22.0
145	Анурія	654	4	38	21.0
146	Аортальна недостатність	369	2	23	12.0
147	Апатія (медицина)	1544	27	104	46.5
148	Апендицит	3705	70	167	110.5
149	Апное	558	7	35	16.5
150	Апное уві сні	738	10	41	22.5
151	Аполіпопротеїн A1	21	0	4	1.0
152	Апраксія	479	5	27	14.5
153	Аптека	539	4	49	15.5
154	Арахноїдит	404	2	45	11.5
155	Арбідол	162	1	13	4.0
156	Арбовірусні хвороби	221	1	16	6.0
157	Аргентинська геморагічна гарячка	52	0	10	1.5
158	Арман Труссо	44	1	14	3.0
159	Артеріальна гіпертензія	7097	104	319	234.5
160	Артеріальна гіпотензія	1860	31	81	59.0
161	Артеріосклероз	94	0	8	3.0
162	Артерія м'яза-підіймача яєчка	7	0	1	0.0
163	Артерія сім'явивідної протоки	11	0	3	1.0
164	Артерія яєчка	61	0	5	2.0
165	Артралгія	386	5	19	12.5
166	Артремфіт	62	0	5	2.0
167	Артрит	2856	52	119	93.0
168	Артроз плечового суглоба	186	1	16	6.0
169	Артропластика	50	0	6	2.0
170	Артур Ернест Гведел	4	0	1	0.0
171	Асептика	879	6	57	25.5
172	Аскарида людська	2991	45	162	92.5
173	Аскаридоз	1632	26	93	50.0
174	Аспарагіназа	40	0	5	1.0
175	Аспергільоз	300	1	23	8.5
176	Астазія	97	0	11	3.0
177	Астемізол	35	0	3	1.5
178	Астенія	2067	41	96	64.5
179	Астма бронхіальна	3640	48	184	115.0
180	Асфіксія	2939	34	187	83.5
181	Асцит	793	9	38	27.0
182	Атазанавір	16	0	3	1.0
183	Атаксія	779	6	39	25.0
184	Атезолізумаб	70	0	8	2.0
185	Ателектаз легені	1412	16	78	42.5
186	Атеросклероз	5267	80	250	169.0
187	Атетоз	196	1	14	6.5
188	Атипова пневмонія	274	2	18	7.0
189	Атлант (анатомія)	213	1	15	6.5
190	Атоваквон	35	0	5	1.0
191	Атонія	244	1	19	7.0
192	Атропін	1467	20	71	45.0
193	Атрофія	705	10	40	22.5
194	Аура (симптом)	254	3	15	7.5
195	Аускультація	293	2	21	8.0
196	Аутопсія	421	3	32	13.0
197	Аутотрансплантація	455	2	52	9.0
198	Афект первинний	90	0	9	3.0
199	Афонія	173	1	14	5.0
200	Афти	124	0	10	3.0
201	Ахілів рефлекс	193	1	14	6.0
202	Ахондроплазія	395	4	26	11.0
203	Ацеклофенак	107	1	8	3.0
204	Аценокумарол	68	0	7	2.0
205	Ацетилсаліцилова кислота/гідроксид магнію	548	7	41	14.5
206	Ацетилцистеїн	451	3	24	14.5
207	Ацикловір	1031	10	64	31.5
208	Бабезіоз	323	2	20	10.0
209	Базиліксимаб	7	0	2	0.0
210	Базофілопенія	2	0	1	0.0
211	Бактеріємія	224	2	18	6.0
212	Балантидіаз	328	4	20	9.5
213	Барабанна струна	188	1	20	5.0
214	Бардах Яків Юлійович	30	0	5	1.0
215	Барлова хвороба	42	0	4	2.0
216	Баротравма	180	1	17	5.0
217	Бартолініт	42	0	4	1.0
218	Бартолінові залози	402	4	28	12.0
219	Бартонельози	71	0	8	2.0
220	Баттологія	30	0	5	1.0
221	Бацилярний ангіоматоз	35	0	4	1.0
222	Бацилярний пурпурний гепатит	21	0	5	1.0
223	Бевацизумаб	189	2	15	5.0
224	Бедаквілін	87	0	8	2.0
225	Безифлоксацин	6	0	3	0.0
226	Безоар	124	0	9	4.0
227	Безредка Олександр Михайлович	58	0	6	2.0
228	Безсоння	1382	14	91	36.5
229	Беклометазон	123	1	9	4.0
230	Беміпарин	19	0	2	1.0
231	Беназеприл	33	0	7	1.0
232	Бендамустин	87	0	8	2.0
233	Бенджамін Раш	22	0	3	1.0
234	Бенедикт Ваґнер	1	0	1	0.0
235	Бензатин бензилпеніцилін	172	1	13	5.0
236	Бензатин феноксиметилпеніцилін	18	0	3	1.0
237	Бензобарбітал	38	0	4	1.0
238	Бепридил	21	0	3	1.0
239	Бері-бері	1264	10	422	24.0
240	Бета-2-адреностимулятори	316	2	19	10.0
241	Бета-блокатор	1727	23	83	55.0
242	Бета-клітина	93	0	11	2.0
243	Бета-лактамази	181	1	13	5.5
244	Бетаксолол	29	0	5	1.0
245	Бешиха	5436	103	252	175.5
246	Бівалірудин	7	0	1	0.0
247	Бігуняк Володимир Васильович	23	0	3	1.0
248	Бікалутамід	29	0	3	1.0
249	Біла гарячка	1429	24	58	45.5
250	Біластин	163	1	12	5.0
251	Біль	1362	11	79	40.5
252	Біль за грудиною	86	0	8	2.5
253	Біодоступність	402	2	26	12.0
254	Біохімічний аналіз крові	4792	64	238	162.5
255	Біполярний афективний розлад	4140	94	167	131.0
256	Біфоназол	73	0	7	2.0
257	Бічний аміотрофічний склероз	1626	27	88	50.5
258	Бленорея	197	1	14	5.0
259	Блеоміцин	64	0	8	2.0
260	Блефарит	554	5	31	16.5
261	Близькосхідний коронавірусний респіраторний синдром	88	0	10	2.0
262	Бліда куля	121	0	13	2.0
263	Блокатори кальцієвих каналів	1091	12	70	33.5
264	Блокатори H2-гістамінових рецепторів	485	5	31	14.5
265	Блювання	559	8	37	17.0
266	Богданов Іван Лукіянович	0	0	0	0.0
267	Бокавірусна інфекція	38	0	5	1.0
268	Болівійська геморагічна гарячка	25	0	5	1.0
269	Бородавка	1508	28	61	49.0
270	Борозна (мозок)	427	1	29	13.0
271	Ботулізм	4447	76	403	127.0
272	Боцепревір	11	0	3	0.0
273	Брадикардія	1719	34	75	51.0
274	Брахідактилія	104	0	11	3.0
275	Браян Артур Селлік	7	0	2	0.0
276	Брентуксимаб ведотин	40	0	6	1.0
277	Бретилію тозилат	27	0	3	1.0
278	Бривудин	20	0	4	1.0
279	Брижа	329	3	23	9.0
280	Бринцидофовір	5	0	1	0.0
281	Бромгексин	784	14	37	24.0
282	Бронхіт	4270	54	195	134.5
283	Бронхоектатична хвороба	1941	16	111	53.5
284	Бронхоспазм	432	6	23	13.5
285	Бругіоз	93	1	10	2.0
286	Бруцельоз	2331	24	127	70.0
287	Бубновський Сергій Михайлович	368	5	22	11.0
288	Бубон (медицина)	518	2	149	7.0
289	Бубонна чума	5980	18	2157	43.5
290	Будесонід	321	3	18	9.5
291	Булімія	2258	44	106	66.0
292	Бупренорфін	201	3	61	10.0
293	Бупропіон	135	1	10	4.0
294	Бурсит	670	8	38	20.5
295	Бусерелін	12	0	3	1.0
296	Буспірон	340	4	21	10.0
297	Бусульфан	15	0	4	1.0
298	Бутоконазол	9	0	2	0.0
299	Буторфанол	59	0	12	2.5
300	Вавжинєц Прессен	6	0	1	0.0
301	Вагінальний кандидоз	3409	63	166	106.0
302	Вазоактивний інтестинальний пептид	35	0	6	1.0
303	Вазопресин	2605	37	173	85.0
304	Вакцина проти гепатиту А	124	0	10	4.0
305	Вакцина проти епідемічного паротиту	93	0	7	3.0
306	Вакцина проти кору	1097	11	63	31.0
307	Вакцинація	1446	17	105	46.0
308	Вакцини	3236	33	178	99.0
309	Вакцини проти холери	58	0	6	2.0
310	Валацикловір	135	0	10	4.0
311	Валганцикловір	25	0	3	1.0
312	Валсартан	187	1	11	6.5
313	Вальпроєва кислота	159	0	22	6.0
314	Варикоз	2611	59	114	83.0
315	Варфарин	639	5	41	19.5
316	Васкуліт	1087	16	54	36.0
317	Ведолізумаб	28	0	3	1.0
318	Везикульозний рикетсіоз	88	0	9	3.0
319	Великий кам'янистий нерв	99	0	12	3.0
320	Великогомілкова кістка	360	2	22	11.0
321	Венеричні хвороби	3649	43	251	106.0
322	Венерологія	180	1	11	5.5
323	Венесуельський енцефаломієліт	30	0	4	1.0
324	Венлафаксин	181	2	11	5.0
325	Верапаміл	668	3	38	21.0
326	Вернакалант	25	0	4	1.0
327	Вертикальний механізм передачі інфекції	191	1	20	6.0
328	Верхнє слиновидільне ядро	50	0	5	1.5
329	Верхній гортанний нерв	32	0	4	1.0
330	Верхньощелепна артерія	236	1	20	7.0
331	Верхньощелепна вена	6	0	2	0.0
332	Верхня гортанна артерія	10	0	2	1.0
333	Верхня щитоподібна артерія	32	0	4	1.0
334	Верхня щитоподібна вена	6	0	2	0.0
335	Випадкова смерть та інвалідність: знехтуване захворювання сучасного суспільства	7	0	2	0.0
336	Виразка Бурулі	69	0	11	2.0
337	Висип	1953	31	93	62.0
338	Високоактивна антиретровірусна терапія	570	2	36	16.0
339	Високович Володимир Костянтинович	65	0	8	2.0
340	Висотна хвороба	492	3	51	12.0
341	Висхідна глоткова артерія	23	0	4	1.0
342	Висхідна шийна артерія	8	0	2	0.0
343	Відрижка	463	6	28	13.5
344	Відшарування сітківки	671	5	38	19.0
345	Військова медицина в Україні	139	0	12	4.0
346	Військові медичні заклади України	185	1	13	5.0
347	Військово-лікарські комісії України	616	4	36	20.5
348	Віктор Бабеш	24	0	10	1.0
349	Вілем Душан Лямбль	9	0	2	0.0
350	Вілізієве коло	417	3	32	12.0
351	Вільгельм Ґрізінґер	5	0	2	0.0
352	Вільям Горгас	7	0	3	0.0
353	Віментин	25	0	4	1.0
354	Вінбластин	93	1	7	3.0
355	Вінорельбін	20	0	4	1.0
356	ВІПома	20	0	3	1.0
357	Вірус Епштейна — Барр	4142	77	192	135.0
358	Вірус Зіка	397	3	29	11.5
359	Вірус імунодефіциту людини	9089	74	620	258.0
360	Вірус Норуолк	126	1	14	4.0
361	Вірус папіломи людини	3538	55	177	111.5
362	Вірусемія	61	0	6	2.0
363	Віспа мавп	155	0	20	4.0
364	Вітамін B12	3851	78	165	120.5
365	Вітряна віспа	10443	210	415	330.0
366	Внутрішнє вухо	2589	17	180	76.5
367	Внутрішньоартеріальна ін'єкція	60	0	7	2.5
368	Внутрішньовенна ін'єкція	1867	29	116	54.5
369	Внутрішньолікарняна інфекція	1117	10	100	33.5
370	Внутрішньом'язова ін'єкція	1752	21	113	47.5
371	Внутрішньочерепна гіпертензія	889	17	50	26.5
372	Внутрішня грудна артерія	154	0	11	5.0
373	Внутрішня сонна артерія	313	2	23	9.5
374	Внутрішня яремна вена	452	3	34	11.0
375	Воєнно-медична доктрина України	94	0	8	2.0
376	Возіанова Жанна Іванівна	43	0	6	1.0
377	Войцех Жердинський	2	0	1	0.0
378	Волинська гарячка	104	0	13	3.0
379	Волянський Юрій Леонідович	17	0	3	1.0
380	Вориконазол	51	0	7	1.0
381	Вортіоксетин	80	0	8	2.0
382	Воші	1876	35	82	62.0
383	Всесвітній день боротьби з цукровим діабетом	29	0	4	1.0
384	Всеукраїнський центр професійної реабілітації інвалідів	157	1	12	4.0
385	Всеукраїнський центр радіохірургії	116	0	9	4.0
386	Вузлик	294	3	17	9.0
387	Вузликовий періартеріїт	651	3	47	20.5
388	Вухереріоз	169	0	16	4.0
389	Вушна раковина	344	1	29	8.0
390	Габапентин	575	5	32	18.0
391	Газова гангрена	1577	19	149	47.5
392	Галітоз	173	0	15	5.0
393	Галоперидол	1485	28	73	45.0
394	Галофантрин	10	0	3	0.0
395	Галюцинація	561	5	32	16.5
396	Гамалія Микола Федорович	734	4	67	19.5
397	Гангрена	1794	35	87	54.5
398	Ганс Сельє	186	0	16	5.0
399	Ганс Цінссер	7	0	2	0.0
400	Ганс-Герхард Кройцфельд	3	0	1	0.0
401	Ганцикловір	122	1	9	4.0
402	Гаплогрупа R1a	369	2	22	12.0
403	Гарячка	2387	28	163	71.5
404	Гарячка денге	517	7	36	14.5
405	Гарячка Західного Нілу	142	1	11	3.0
406	Гарячка Ласса	386	1	30	11.0
407	Гарячка лісу Семлікі	6	0	1	0.5
408	Гарячка паппатачі	129	0	11	3.5
409	Гарячка Ріфт Валлі	49	0	8	1.0
410	Гарячка Росс Рівер	28	0	4	1.0
411	Гарячка Сіндбіс	16	0	3	0.0
412	Гарячки від укусу пацюків	26	0	4	1.0
413	Гастринома	33	0	4	1.0
414	Гастрит	3730	51	197	113.5
415	Гастроезофагеальна рефлюксна хвороба	2246	40	97	70.0
416	Гатіфлоксацин	211	2	19	6.0
417	Гвайфенезин	691	11	31	21.0
418	Гексопреналін	25	0	4	1.0
419	Гельмінти	2658	45	133	78.0
420	Гельмінтози	1153	13	69	35.0
421	Гемартроз	154	1	13	4.5
422	Гематома	1678	32	79	52.5
423	Гематурія	622	6	34	19.0
424	Геміпарез	683	5	38	19.5
425	Геміфлоксацин	22	0	4	1.0
426	Гемолітична анемія	645	7	46	18.0
427	Гемоперикард	41	0	10	1.5
428	Геморагічна гарячка	484	0	31	15.5
429	Геморагічна гарячка з нирковим синдромом	447	2	32	13.5
430	Геморагічний васкуліт	2538	33	143	77.5
431	Геморагічний інсульт	1709	29	73	57.5
432	Геморой	5379	121	251	160.0
433	Гемофілія	3012	45	147	93.5
434	Гемофільна інфекція	1381	13	88	40.0
435	Гемохроматоз	338	4	25	9.5
436	Гемцитабін	60	0	7	2.0
437	Генетичні хвороби	2536	13	154	75.0
438	Генрик Кадий	10	0	2	1.0
439	Генрик Мосінг	28	0	7	1.0
440	Генріх Квінке	17	0	3	1.0
441	Гентаміцин	669	8	31	23.5
442	Георг Гаффкі	4	0	1	0.0
443	Георг Фернан Ізідор Відаль	7	0	2	0.0
444	Гепатит А	2285	32	120	73.0
445	Гепатит B	3998	53	221	131.0
446	Гепатит C	4047	62	194	130.0
447	Гепатит D	738	7	52	20.0
448	Гепатит E	591	5	50	17.5
449	Гепатомегалія	637	9	33	18.5
450	Гепатоцит	384	3	23	11.0
451	Герасун Борис Абрамович	35	0	4	1.0
452	Герпес простий	2590	35	123	81.5
453	Герпесвіруси	616	6	43	16.5
454	Герпесвірусні інфекції	1716	18	94	52.0
455	Гестаційний цукровий діабет	319	2	20	9.5
456	Гефітиніб	15	0	2	1.0
457	Гикавка	796	12	66	24.0
458	Гіаліноз	186	1	15	6.0
459	Гіалоїдна мембрана	24	0	4	1.0
460	Гібернома	88	1	7	3.0
461	Гігантоклітинний артеріїт	128	0	8	5.0
462	Гігієна	1330	11	72	42.0
463	Гідазепам	5403	110	267	166.0
464	Гідрокодон	42	2	21	7.0
465	Гідроксизин	170	0	13	5.0
466	Гідроксикарбамід	32	0	4	1.0
467	Гідроксиметилхіноксиліндіоксид	68	0	8	2.0
468	Гідроксихлорохін	106	0	31	2.0
469	Гідронефроз	1453	23	70	46.0
470	Гідроторакс	485	4	33	13.0
471	Гідрофобія (симптом)	46	0	5	1.0
472	Гідрохлоротіазид	822	13	55	25.0
473	Гідроцефалія	3019	51	162	88.5
474	Гійом Дюпюїтрен	7	0	1	0.0
475	Гіменолепідоз	741	9	43	22.0
476	Гінгівіт	1115	17	53	34.0
477	Гінеколог-ендокринолог	127	1	11	3.0
478	Гіперальдостеронізм	367	0	26	11.0
479	Гіперглікемічна кома	1951	35	96	58.5
480	Гіперглікемія	1178	18	63	35.0
481	Гіперемія	810	9	39	25.0
482	Гіперестезія	291	1	20	9.0
483	Гіперкаліємія	424	5	28	13.0
484	Гіперкапнія	293	3	22	8.0
485	Гіперліпідемія	297	3	22	8.5
486	Гіперпаратиреоз	495	4	30	15.0
487	Гіперпролактинемія	361	3	26	11.0
488	Гіпертензивний криз	1279	13	72	40.5
489	Гіпертиреоїдизм	624	9	33	17.5
490	Гіпноз	877	12	54	27.5
491	Гіповолемічний шок	1272	14	106	31.0
492	Гіповолемія	472	5	28	14.0
493	Гіпоглікемічна кома	1853	19	102	57.0
494	Гіпоглікемія	1278	20	57	40.0
495	Гіподинамія	1402	15	87	42.0
496	Гіпокаліємія	346	3	22	10.5
497	Гіпоксемія	462	4	27	13.0
498	Гіпоманія	376	5	40	10.0
499	Гіпопаратиреоїдизм	224	1	13	6.5
500	Гіпопіон	80	0	6	3.0
501	Гіпотермія	667	4	36	21.0
502	Гіпотиреоїдизм	2532	33	136	78.5
503	Гіпотонус	90	0	7	3.0
504	Гіпотрофія	502	1	43	13.0
505	Гіппократ	951	9	75	29.0
506	Гірська хвороба	465	4	37	13.0
507	Гістеректомія	426	4	31	13.0
508	Гістопатологія	33	0	5	1.0
509	Гістоплазмоз	220	0	18	7.0
510	Глатирамеру ацетат	81	0	8	2.0
511	Глаукома	2136	29	111	61.5
512	Глибока язикова артерія	1	0	1	0.0
513	Глибоке пахвинне кільце	184	1	12	5.0
514	Глібенкламід	270	2	20	8.0
515	Глікемічний індекс	977	13	43	30.0
516	Гліклазид	130	0	12	3.0
517	Гліобластома	697	8	45	20.0
518	Гліома	302	2	28	8.5
519	Гломерулонефрит	4337	53	201	152.5
520	Глузман Семен Фішельович	429	3	47	11.0
521	Глюкагон	1406	13	80	40.0
522	Глюкагонома	26	0	4	1.0
523	Глюкозурія	372	4	24	12.0
524	Глюкокортикоїди	1379	14	67	45.0
525	Гній (медицина)	426	6	29	12.5
526	Гноячок	166	1	11	4.0
527	Говард Тейлор Рікеттс	8	0	3	0.0
528	Гозерелін	178	1	14	5.0
529	Голімумаб	36	0	5	1.0
530	Голка хірургічна	210	1	13	6.0
531	Головна вена	55	0	6	1.0
532	Головне ядро трійчастого нерва	25	0	2	1.0
533	Головний біль	1131	15	57	35.0
534	Головний біль напруги	732	9	48	23.0
535	Головний мозок людини	6345	85	313	200.0
536	Голосові зв'язки	887	9	40	27.5
537	Голубовська Ольга Анатоліївна	205	1	31	4.5
538	Гомілка	655	9	36	20.0
539	Гомілковостопний суглоб	527	1	28	16.5
540	Гонорея	7407	103	552	230.0
541	Гончарук Євген Гнатович	33	0	5	1.0
542	Гормон росту 2	41	0	5	1.0
543	Городецький Марко Михайлович	20	0	4	1.0
544	Гортань	1425	18	94	37.5
545	Госпітальна пневмонія	230	0	15	6.5
546	Гостра респіраторна вірусна інфекція	3059	43	166	91.0
547	Гостра серцева недостатність	1365	17	75	43.0
548	Гостра судинна недостатність	1329	14	66	43.5
549	Гострий апендицит	2253	33	114	70.0
550	Гострий гастрит	1254	9	78	38.0
551	Гострий лімфобластний лейкоз	1205	11	73	37.5
552	Гострий мієлобластний лейкоз	640	7	50	19.0
553	Гострий панкреатит	2544	33	145	78.5
554	Гострий розсіяний енцефаломієліт	142	3	19	7.0
555	Гострий середній отит	2494	41	117	77.5
556	Гострий тонзиліт	6798	133	287	209.5
557	Гострі лейкози	707	9	37	20.5
558	Грепафлоксацин	11	0	2	0.5
559	Грижа	2159	36	99	65.5
560	Гризеофульвін	143	1	14	4.0
561	Грип	3943	32	284	114.5
562	Грицюк Олександр Йосипович	13	0	2	1.0
563	Громадське здоров'я	738	5	60	20.5
564	Громашевська Любов Леонтіївна	8	0	3	0.0
565	Громашевський Лев Васильович	38	0	7	1.0
566	Грудинно-ключично-соскоподібний м'яз	190	0	20	5.0
567	Грудинно-ключично-сосцеподібна артерія	1	0	1	0.0
568	Гуго Шоттмюллер	4	0	2	0.0
569	Гума (патологія)	241	2	17	7.0
570	Гураль Анатолій Леонтійович	9	0	1	1.0
571	Ґергард Гансен	14	0	3	0.0
572	Ґрелін	166	0	13	4.5
573	Дазатиніб	12	0	3	0.0
574	Дакарбазин	34	0	4	1.0
575	Даклізумаб	9	0	2	0.0
576	Далекозорість	1723	11	90	54.5
577	Дальтепарин	30	0	3	1.0
578	Данієль Алкідес Карріон	6	0	4	0.0
579	Данієль Елмер Сальмон	6	0	3	0.0
580	Дапсон	59	0	6	2.0
581	Даптоміцин	30	0	3	1.5
582	Дарунавір	15	0	2	0.5
583	ДВЗ-синдром	1332	19	67	40.5
584	Девід Брюс (мікробіолог)	11	0	3	0.0
585	Девід Веттер	59	0	8	2.0
586	Дегідратаційний шок	185	4	21	11.5
587	Дезлоратадин	301	3	18	9.0
588	Декаметоксин	647	8	34	20.0
589	Декваліній	102	0	9	3.0
590	Дексаметазон	5464	108	247	173.5
591	Дексібупрофен	80	0	8	2.0
592	Декскетопрофен	322	3	16	10.5
593	Декслансопразол	66	0	8	2.0
594	Декстрометорфан	32	2	19	11.0
595	Делавірдин	10	0	2	1.0
596	Делірій	1295	25	56	41.5
597	Дельта-клітина	12	0	3	0.0
598	Деменція	4275	73	195	132.5
599	Демієлінізуючі захворювання	605	6	32	19.0
600	Демодекоз	3272	65	163	103.0
601	Деносумаб	102	0	9	3.0
602	Деперсоналізація	791	11	49	23.5
603	Дерматологія	403	3	24	13.5
604	Дерматоміозит	857	9	51	26.5
605	Десвенлафаксин	41	0	4	1.0
606	Десмоїд	160	0	14	4.0
607	Десмопресин	152	0	13	3.5
608	Джгут	1482	11	88	51.0
609	Джеймс К. Стайнер	10	0	2	1.0
610	Джироламо Фракасторо	60	0	5	3.0
611	Джованні Баттіста Грассі	4	0	2	0.0
612	Джозаміцин	144	1	12	4.0
613	Джозеф Лістер	70	0	8	2.0
614	Джон Сноу	101	0	11	3.0
615	Джонатан Гатчінсон	7	0	2	0.5
616	Дивертикуліт	455	3	95	11.0
617	Дигітоксин	216	2	15	6.5
618	Диданозин	24	0	6	1.0
619	Дизартрія	943	10	50	29.5
620	Дизентерія	2161	27	127	70.0
621	Дизопірамід	22	0	6	1.0
622	Дийодтирозин	11	0	1	0.0
623	Дилтіазем	80	0	6	3.0
624	Дименгідринат	111	0	9	3.0
625	Диметилтриптамін	459	5	30	14.0
626	Диметинден	238	4	19	7.0
627	Дипілідіоз	130	1	10	3.5
628	Дипіридамол	308	2	20	9.5
629	Диплопія	270	2	19	8.0
630	Дирофіляріоз	635	9	36	19.0
631	Дисекція шиї	79	0	9	2.0
632	Дислокація мозку	102	1	9	3.0
633	Дисморфофобія	561	7	76	14.0
634	Диспансеризація	1082	7	80	32.5
635	Диспепсія	1278	23	59	39.5
636	Дисфагія	666	8	37	19.5
637	Дисфорія	493	7	36	15.5
638	Дифілоботріоз	733	8	57	21.5
639	Дифтерія	6145	93	337	197.0
640	Дифузний панбронхіоліт	27	0	4	1.0
641	Дифузний токсичний зоб	2542	34	196	69.0
642	Дихальна недостатність	1062	10	52	34.5
643	Дихання Біота	377	3	22	11.5
644	Дихання Куссмауля	550	5	31	17.0
645	Дихання Чейна — Стокса	567	2	39	14.5
646	Діабетична нефропатія	185	1	13	6.0
647	Діагностична тріада Стімсона	74	0	7	2.0
648	Діагностичний і статистичний посібник з психічних розладів	286	1	41	6.5
649	Діазепам	1134	19	58	36.0
650	Діапедез	100	1	9	3.0
651	Діарея	1801	29	73	58.5
652	Діарея мандрівників	207	3	17	6.0
653	Діацереїн	64	0	7	2.0
654	Дієта	1359	14	68	42.5
655	Дієти за Певзнером	320	3	19	10.5
656	Діурез	1892	27	107	53.0
657	Доброякісна гіперплазія передміхурової залози	1376	15	73	44.5
658	Доброякісна пухлина	2215	18	137	69.5
659	Доказова медицина	719	2	56	21.0
660	Доксазозин	538	3	43	14.0
661	Доксепін	181	1	14	5.0
662	Доксиламін	148	1	10	4.0
663	Доксициклін	1249	24	60	37.0
664	Долонно-підошовний синдром	43	0	5	1.0
665	Долутегравір	65	0	6	2.0
666	Домперидон	367	1	26	12.5
667	Дональд Гендерсон	12	0	4	0.0
668	Допінг-тест	44	0	5	2.0
669	Доріпенем	28	0	3	1.0
670	Доступні ліки	83	0	8	2.0
671	Дофамін	1995	36	93	64.0
672	Дофетилід	21	0	3	1.0
673	Доцетаксел	118	1	10	3.0
674	Дракункульоз	336	1	26	9.5
675	Дронедарон	32	0	4	1.0
676	Дротаверин	1587	28	90	46.0
677	Друга холерна пандемія	9	0	1	1.0
678	Дуга аорти	340	4	21	10.0
679	Дудченко Іван Степанович	7	0	4	0.0
680	Дулоксетин	173	1	17	4.5
681	Дутастерид	83	1	7	3.0
682	Дяченко Сергій Степанович	18	0	3	1.0
683	Ебастин	37	0	4	1.0
684	Ебола (вірус)	1888	19	98	58.5
685	Еверолімус	33	0	4	2.0
686	Едвард Дженнер	240	0	26	6.0
687	Езомепразол	134	1	11	4.0
688	Езофагіт	697	5	43	22.0
689	Ейфорія	1487	24	71	45.5
690	Екзема	3085	61	147	97.0
691	Екзофтальм	235	2	17	7.0
692	Еконазол	36	0	5	1.0
693	Ексеместан	34	0	4	1.0
694	Екстракорпоральна мембранна оксигенація	55	0	7	1.5
695	Екстрапірамідна система	690	7	51	21.0
696	Екстрастріарна кора	7	0	1	1.0
697	Екстрений медичний реагувальник	50	0	7	1.0
698	Екстрений медичний технік	94	0	9	2.5
699	Елвітегравір	5	0	4	0.0
700	Електрокардіографія	3394	31	223	105.5
701	Електротравма	2017	17	123	57.5
702	Еліс Кетрін Еванс	11	0	3	0.0
703	Емануель Махек	2	0	1	0.0
704	Емболія	1162	16	67	39.5
705	Еметин	56	0	5	2.0
706	Еміль Адольф фон Берінг	65	0	8	1.5
707	Еміль Шарль Ашар	8	0	2	0.0
708	Емоційно нестабільний розлад особистості	788	10	76	22.0
709	Емтрицитабін	28	0	4	1.0
710	Еналаприл	504	8	29	16.0
711	Ендартеріїт	480	3	29	14.0
712	Ендемічний висипний тиф	348	0	20	12.0
713	Ендемічний поворотний тиф	150	1	15	4.0
714	Ендемія	399	3	30	13.0
715	Ендокардит	937	8	56	28.0
716	Ендокринна хірургія	35	0	5	1.0
717	Ендокринні залози	12795	78	926	283.5
718	Ендорфіни	1513	25	68	45.0
719	Еноксапарин	167	1	12	5.0
720	Еноксацин	2	0	1	0.0
721	Енріке да Роше Ліма	4	0	1	0.0
722	Ентекавір	37	0	3	1.0
723	Ентерит	1038	15	60	30.5
724	Ентерична нервова система	185	0	14	5.0
725	Ентеробіоз	1457	16	77	47.5
726	Ентеровірусні інфекції	1778	30	88	54.0
727	Ентерогастральний гальмівний рефлекс	0	0	0	0.0
728	Ентероколіт	991	9	62	31.0
729	Ентеросорбент	302	4	17	8.0
730	Енурез	703	12	44	20.5
731	Енфувіртид	8	0	1	0.0
732	Енцефаліт	2539	44	128	72.0
733	Енцефаліт долини Муррея	4	0	2	0.0
734	Енцефаліт Росіо	9	0	2	0.0
735	Енцефаліт Сент-Луїс	23	0	3	1.0
736	Енцефалопатія	2698	46	121	84.5
737	Еозинофілія	3096	30	145	101.5
738	Епідеміологія	1172	14	66	36.0
739	Епідемічний висипний тиф	2114	17	113	64.0
740	Епідемічний паротит	2666	35	147	82.0
741	Епідемічний поворотний тиф	229	0	21	5.5
742	Епідемія	1443	14	81	43.0
743	Епікондиліт	502	4	29	15.5
744	Епірубіцин	39	0	6	1.0
745	Еплеренон	91	0	10	3.0
746	Епросартан	18	0	3	1.0
747	Ептифібатид	20	0	3	1.0
748	Ерадикація інфекційних хвороб	64	1	8	2.0
749	Ерготерапія	1174	15	83	35.0
750	Ерготизм	203	1	19	6.0
751	Ердостеїн	62	0	6	2.0
752	Еризипелоїд	646	5	50	20.0
753	Еритроміцин	982	13	51	31.0
754	Еритропоетин	481	2	37	14.0
755	Ерліхіоз	72	0	14	2.0
756	Ерлотиніб	23	0	5	1.0
757	Ертапенем	27	0	4	1.0
758	Есенціале	720	11	33	22.5
759	Есмолол	42	0	6	1.0
760	Естрадіол	939	11	52	27.5
761	Естрамустин	6	0	2	0.0
762	Есциталопрам	494	6	30	14.0
763	Етамбутол	147	0	11	4.5
764	Етанерцепт	39	0	6	1.0
765	Етацизин	52	0	5	2.0
766	Етифоксин	16	0	3	1.0
767	Етіологія (медицина)	952	13	53	28.0
768	Етодолак	59	0	7	1.0
769	Етопозид	58	0	7	2.0
770	Еторикоксиб	214	1	15	6.0
771	Етравірин	0	0	0	0.0
772	Етторе Маркіафава	21	0	5	1.0
773	Еутиреоз	180	1	11	6.0
774	Ефавіренз	62	0	12	2.0
775	Ехінокандини	18	0	3	0.0
776	Ехінокок звичайний	471	3	29	14.0
777	Ехінококоз	1027	9	48	31.5
778	Ехокардіографія	490	5	38	15.0
779	Ешерихіоз	1128	12	75	37.5
780	Європейська рада ресусцитації	35	0	3	1.0
781	Єрсиніоз кишковий	996	14	68	31.0
782	Єрсинія	243	2	19	7.0
783	Жан-Луї Прево	12	0	9	0.0
784	Жданов Віктор Михайлович	19	0	2	1.0
785	Жовта гарячка	806	3	46	27.0
786	Жовтяниця (медицина)	2963	45	160	90.5
787	Жовчнокам'яна хвороба	2138	27	107	70.0
788	Жозеф-Фредерік-Бенуа Шарр'єр	3	0	2	0.0
789	Жувальний м'яз	155	1	15	4.0
790	Заболотний Данило Кирилович	2546	26	175	69.5
791	Забуті тропічні хвороби	205	0	14	6.0
792	Загальна клубова артерія	217	0	23	6.0
793	Загальна сонна артерія	755	12	40	24.0
794	Задишка	533	7	37	16.0
795	Задній сегмент ока	7	0	4	0.0
796	Задня вушна артерія	11	0	2	0.0
797	Задня мозкова артерія	84	0	11	3.0
798	Закидання голови-виведення підборіддя	26	0	5	1.0
799	Законодавство в екстреній медицині	141	0	20	4.0
800	Залеплон	46	0	5	1.0
801	Зальцитабін	8	0	2	0.5
802	Занамівір	55	0	5	2.0
803	Заочеревинний простір	303	3	20	8.0
804	Запалення	2487	24	128	82.5
805	Запор	1342	27	64	40.5
806	Зарицький Анатолій Минович	36	0	8	0.0
807	Застуда	563	7	40	17.0
808	Затримка місячних	6448	103	305	198.0
809	Західний енцефаломієліт коней	14	0	3	1.0
810	Зв'язка (анатомія)	239	1	15	7.5
811	Звивина	272	1	34	7.0
812	Зворотний гортанний нерв	135	1	11	3.0
813	Здорове харчування	3898	16	228	115.5
814	Злоякісна анемія	527	3	32	16.5
815	Зміна поведінки (громадське здоров'я)	23	0	3	1.0
816	Знаменський Володимир Олексійович	4	0	2	0.0
817	Зневоднення організму	322	3	21	9.5
818	Зоб (хвороба)	2100	33	113	62.0
819	Зовнішній сітчастий шар	28	0	4	1.0
820	Зовнішня капсула	11	0	2	0.0
821	Зовнішня клубова артерія	108	1	10	3.0
822	Зовнішня сонна артерія	405	1	34	13.0
823	Зовнішня яремна вена	127	1	9	4.0
824	Золпідем	152	0	11	5.0
825	Зооноз	822	12	46	26.0
826	Зопіклон	192	1	12	5.5
827	Зоровий нерв	1437	16	70	44.5
828	Зофеноприл	52	0	5	1.0
829	Зсідання крові	3718	59	183	110.0
830	Зюков Анатолій Матвійович	5	0	2	0.0
831	Івабрадин	130	0	15	4.0
832	Іванов Вадим Миколайович	6	0	1	0.0
833	Івар Сандстрьом	6	0	1	0.0
834	Ідарубіцин	15	0	2	1.0
835	Ідіопатичний фіброзуючий альвеоліт	306	3	21	10.0
836	Ізоконазол	12	0	2	1.0
837	Ізоксуприн	12	0	3	0.0
838	Ізопреналін	173	0	15	5.0
839	Ізосорбіду динітрат	284	2	20	8.5
840	Іматиніб	77	0	8	2.0
841	Іміпенем	104	0	8	3.0
842	Іміпрамін	75	1	7	3.0
843	Імунітет (медицина)	5698	44	468	165.5
844	Імуногістохімія	323	1	20	9.5
845	Інвагінація кишечника	650	4	40	20.5
846	Інгібітори 5-альфа-редуктази	59	1	8	2.0
847	Інгібітори АПФ	1222	19	57	39.0
848	Інгібітори бета-лактамаз	112	0	12	3.0
849	Інгібітори протеази	165	0	13	5.0
850	Інгібітори рецепторів ангіотензину-ІІ	811	10	51	25.0
851	Інгібітори тирозинкінази	50	0	8	1.0
852	Індакатерол	27	0	5	1.0
853	Індапамід	335	5	20	10.0
854	Індинавір	9	0	2	0.0
855	Інозин	198	2	16	5.5
856	Інозин пранобекс	319	1	15	11.0
857	Інститут ендокринології та обміну речовин імені В. П. Комісаренка НАМН України	127	0	9	4.0
858	Інститут медичної реабілітації дітей з ураженням центральної нервової системи імені Януша Корчака	46	0	4	2.0
859	Інститут очних хвороб і тканинної терапії імені В. П. Філатова НАМН України	289	1	26	8.0
860	Інструктор курсів невідкладної допомоги	12	0	3	0.5
861	Інсулін	5379	71	300	151.5
862	Інсулінова помпа	285	2	29	8.0
863	Інсулінома	67	0	8	2.0
864	Інсулінотерапія	114	0	7	4.0
865	Інтерстиційний нефрит	256	2	20	7.0
866	Інтраопераційне гістологічне експрес-дослідження	53	0	6	2.0
867	Інтубація	137	0	24	4.0
868	Інфекційна еритема	1184	16	74	36.0
869	Інфекційний мононуклеоз	8035	133	363	263.0
870	Інфекційні захворювання	11484	113	611	376.5
871	Інфекція	2920	37	144	94.0
872	Інфекція, яку спричинює вірус Епштейна — Барр	2978	50	136	90.5
873	Інфекція, яку спричинює герпесвірус людини 6-го типу	219	2	15	7.0
874	Інфекція, яку спричинює герпесвірус людини 7-го типу	78	0	6	2.5
875	Інфекція, яку спричинює герпесвірус людини 8-го типу	145	1	9	4.0
876	Інфліксімаб	190	0	62	2.0
877	Іпохондрія	1641	26	72	50.5
878	Іпратропію бромід	258	2	17	8.5
879	Ірбесартан	57	0	6	2.0
880	Іринотекан	40	0	4	1.5
881	Ірит	254	0	15	7.5
882	Ісрадипін	17	0	2	1.0
883	Ітоприд	62	1	7	2.0
884	Ітраконазол	265	2	15	8.0
885	Іфосфамід	17	0	2	1.0
886	Ішемічна хвороба серця	4765	61	249	148.5
887	Ішемічний інсульт	2351	34	110	73.5
888	Ішурія	1025	11	57	28.5
889	Йододефіцит	6978	10	598	169.5
890	Кабазитаксел	8	0	1	0.0
891	Календар щеплень	770	6	42	21.0
892	Каліфорнійський енцефаліт	14	0	3	1.0
893	Кальцитонін	1226	15	76	37.0
894	Кальцитріол	248	1	17	7.0
895	Кампілобактеріоз	313	1	24	8.5
896	Канакінумаб	15	0	2	1.0
897	Каналопатія	52	0	6	1.0
898	Канаміцин	157	0	16	4.5
899	Кандидоз	4281	83	178	135.0
900	Канцерогени	1831	10	105	52.5
901	Капецитабін	119	0	9	3.0
902	Капреоміцин	34	0	5	1.0
903	Каптоприл	617	4	39	20.0
904	Карантин	767	6	48	19.5
905	Карбамазепін	1041	13	68	33.0
906	Карбоплатин	139	1	10	5.0
907	Карбоцистеїн	198	1	18	6.0
908	Карбункул (хвороба)	1575	25	82	44.5
909	Карведилол	321	3	27	9.5
910	Кардіалгія	156	0	13	4.0
911	Кардіоміопатія	1680	29	85	54.5
912	Кардіохірургія	120	0	11	3.0
913	Карл Вундерліх	38	0	7	2.5
914	Карл Йозеф Еберт	6	0	3	0.0
915	Карл фон Лібермейстер	36	0	12	3.0
916	Карлос Хуан Фінлей	3	0	1	0.0
917	Карлус Шагас	2	0	1	0.0
918	Кармустин	7	0	2	1.0
919	Каролінська університетська лікарня	11	0	4	1.0
920	Каротидний синус	121	0	9	4.0
921	Карфентаніл	99	1	9	3.0
922	Карциноїд	107	0	10	3.0
923	Карциноїдний синдром	105	0	8	3.0
924	Карцинома	4834	69	237	147.0
925	Каспофунгін	37	0	4	1.0
926	Катаракта	1797	31	116	55.0
927	Катастрофічний антифосфоліпідний синдром	24	0	2	1.0
928	Кафедра патологічної фізіології Національного медичного університету імені О. О. Богомольця	15	0	3	1.0
929	Кашель	781	11	48	24.0
930	Кветіапін	240	0	39	5.5
931	Квінаприл	20	0	2	1.0
932	Келвін Леунг	2	0	1	0.0
933	Кератит	842	10	48	26.5
934	Кертіс Лестер Мендельсон	2	0	1	0.0
935	Кесонна хвороба	777	14	36	23.0
936	Кетоацидоз	394	5	24	11.5
937	Кетоконазол	277	4	23	8.0
938	Кетопрофен	450	6	26	13.0
939	Кеторолак	375	2	20	11.5
940	Кетотифен	416	5	23	13.0
941	Київська міська психіатрична лікарня	520	5	34	16.0
942	Київське обласне психіатрично-наркологічне медоб'єднання	150	0	12	4.0
943	Київський міський клінічний госпіталь ветеранів війни	211	0	19	6.0
944	Кила Шморля	940	13	49	29.0
945	Кишенькова маска	11	0	2	0.0
946	Кишечник	2154	40	146	64.0
947	Кишкова непрохідність	2958	34	143	92.5
948	Кільця Кайзера — Флайшера	80	0	7	2.0
949	Кінезітерапія	922	10	61	30.0
950	Кір	15081	294	686	446.0
951	Кіркова речовина надниркової залози	575	2	44	13.5
952	Кіста	2347	39	111	78.0
953	Кіста зябрової дуги	30	0	4	1.0
954	Кісточка (анатомія)	285	1	17	9.0
955	Кітасато Сібасабуро	4	0	1	0.0
956	Кіфоз	864	11	49	25.5
957	Клавдій Гален	333	0	31	10.0
958	Клавуланова кислота	147	1	9	4.0
959	Кладрибін	22	0	9	1.0
960	Кларитроміцин	785	12	50	24.0
961	Класифікація кровотеч за Форестом	906	8	64	28.0
962	Кластер захворювання	16	0	3	1.0
963	Клемастин	154	0	9	4.5
964	Кленбутерол	190	1	13	5.0
965	Кліндаміцин	355	4	20	10.5
966	Клініка (медичний заклад)	268	3	18	7.5
967	Клінічна лікарня «Феофанія»	649	6	41	19.5
968	Клінічна настанова	89	0	16	2.0
969	Клінічний аналіз крові	2814	42	135	95.0
970	Клінічний аналіз сечі	2839	23	183	86.5
971	Кліщовий висипний тиф Північної Азії	130	0	12	3.5
972	Кліщовий енцефаліт	3249	48	168	107.0
973	Кліщовий пароксизмальний рикетсіоз	19	0	5	1.0
974	Клоксацилін	32	0	3	1.0
975	Кломіпрамін	49	0	5	1.0
976	Клоназепам	326	3	19	10.0
977	Клонорхоз	214	0	17	6.0
978	Клонус	132	0	13	3.0
979	Клотримазол	1136	23	47	34.5
980	Клофазимін	79	0	10	2.0
981	Ключиця	450	5	24	13.0
982	Клятва Гіппократа	1394	25	119	41.0
983	Коагулограма	2489	36	121	82.5
984	Коагулопатія	296	1	29	8.0
985	Козько Володимир Миколайович	22	0	3	1.0
986	Коклюш	2908	42	139	91.0
987	Коксиби	109	0	8	3.5
988	Колапс (медицина)	2578	38	131	81.5
989	Колінний суглоб	1252	19	72	39.5
990	Колінчастий вузол	32	0	5	1.0
991	Колістин	128	0	9	4.0
992	Колоноскопія	1623	20	98	50.5
993	Колорадська кліщова гарячка	50	1	7	1.0
994	Колоректальний рак	1079	21	51	34.0
995	Кома (медицина)	2281	45	93	74.0
996	Комісаренко Ігор Васильович	32	0	3	1.0
997	Конваллятоксин	30	0	4	1.0
998	Контагіозність	283	2	23	8.0
999	Контактний механізм передачі інфекції	371	3	24	11.0
1000	Контрактура Дюпюїтрена	473	6	26	14.5
1001	Конча-Заспа (санаторій)	152	0	11	4.0
1002	Кора головного мозку	2488	28	161	73.5
1003	Корбініан Бродман	4	0	2	0.0
1004	Корглікон	628	6	37	17.5
1005	Коров'яча віспа	94	1	12	6.0
1006	Корона голівки члена	171	2	10	5.0
1007	Коронавірусна інфекція	135	0	11	4.0
1008	Коронарна недостатність	479	6	38	14.5
1009	Короста	5428	111	255	166.0
1010	Короткозорість	2876	37	179	85.0
1011	Кортизол	2374	35	114	73.5
1012	Кортизон	447	5	26	13.0
1013	Кортикальний гомункулус	81	0	7	2.0
1014	Корчак-Чепурківський Овксентій Васильович	45	0	4	1.5
1015	Косоокість	811	11	51	21.5
1016	Крайня капсула	5	0	1	0.0
1017	Крайня плоть	856	2	42	26.5
1018	Краніофарингіома	71	0	7	2.0
1019	Краснуха	3195	36	147	96.5
1020	Крелін Юлій Зусманович	3	0	1	0.0
1021	Крим-Конго геморагічна гарячка	505	3	42	14.0
1022	Криптококоз	193	1	15	6.0
1023	Крістоф Вільгельм Гуфелянд	20	0	3	1.0
1024	Кров'яний тиск	1637	22	99	49.5
1025	Кронтовський Олексій Антонінович	5	0	1	0.0
1026	Кропив'янка (хвороба)	5235	120	198	166.5
1027	Круп	1428	11	70	43.5
1028	Ксантелазма	269	4	18	7.0
1029	Ксантома	391	5	25	12.0
1030	Ксипамід	14	0	2	1.0
1031	Ку-гарячка	318	1	26	9.5
1032	Кульшовий суглоб	1018	12	60	30.5
1033	Курортологія	93	0	8	3.0
1034	Куру (хвороба)	492	4	37	15.0
1035	Куряча сліпота (хвороба)	857	11	52	25.5
1036	Лабеталол	151	0	14	4.0
1037	Лагофтальм	127	0	10	3.0
1038	Лазарет	98	1	9	2.0
1039	Лакосамід	40	0	16	0.5
1040	Лакунарний інсульт	397	2	38	10.5
1041	Ламівудин	56	0	8	2.0
1042	Ламотригін	93	1	8	3.0
1043	Ланатозид C	41	0	4	1.0
1044	Лансопразол	118	0	11	3.0
1045	Ланцюг виживання	209	0	26	4.0
1046	Лапатиніб	17	0	3	1.0
1047	Лаппаконітину гідробромід	17	0	4	1.0
1048	Ларингіт	4392	72	206	136.0
1049	Ларингоспазм	576	7	32	18.5
1050	Латамоксеф	10	0	2	0.5
1051	Лацидипін	17	0	5	1.0
1052	Левамізол	420	5	22	11.5
1053	Леветирацетам	78	0	13	3.0
1054	Леворин	76	0	6	2.0
1055	Левотироксин	308	3	18	8.0
1056	Левофлоксацин	1185	8	70	38.0
1057	Левоцетиризин	505	6	26	15.5
1058	Легенева гіпертензія	1065	12	109	30.5
1059	Легеневе серце	1475	7	85	44.0
1060	Легіонельоз	651	7	32	20.0
1061	Лейкемічний провал	425	3	32	13.0
1062	Лейкоз	4619	80	212	144.5
1063	Лейкоцитарна формула	1150	12	68	36.0
1064	Лейоміома	479	1	29	13.5
1065	Лейпрорелін	28	0	4	1.0
1066	Лейшманіози	819	12	51	26.5
1067	Лектини С-типу	12	0	3	1.0
1068	Ленограстим	4	0	1	0.0
1069	Лепрозорій	232	1	26	6.0
1070	Лептин	354	2	20	11.0
1071	Лептоспіроз	3542	46	184	122.5
1072	Лерканідипін	64	0	6	2.0
1073	Летаргічний енцефаліт	202	1	14	6.0
1074	Летрозол	179	1	14	4.5
1075	Лефлуномід	67	1	6	2.0
1076	Леш Федір Олександрович	13	0	2	1.0
1077	Лихоманка	26	0	3	1.0
1078	Лицева артерія	115	0	11	3.0
1079	Лицевий нерв	1372	18	72	38.5
1080	Лікар	1148	13	92	28.5
1081	Лікар-ендокринолог	1846	19	92	68.0
1082	Лікарня	413	6	31	11.5
1083	Лікарня відновного лікування Міністерства внутрішніх справ України	355	2	32	11.5
1084	Лікарська рослина	2382	11	180	63.0
1085	Лікарський збірник	19	0	3	1.0
1086	Лікарські засоби	4377	55	235	130.0
1087	Ліктьовий суглоб	194	1	11	6.5
1088	Лімфангіт	349	0	19	11.0
1089	Лімфатичні філяріїдози	80	0	14	2.0
1090	Лімфогранулематоз	2632	32	187	78.0
1091	Лімфома	1266	21	60	39.0
1092	Лімфома щитоподібної залози	45	0	5	1.5
1093	Лімфорея	42	0	4	1.5
1094	Лімфоцитарний хоріоменінгіт	64	0	6	2.0
1095	Лімфоцитоз	461	4	27	14.5
1096	Ліндеман Володимир Карлович	12	0	3	0.5
1097	Лінезолід	162	1	12	4.5
1098	Лінкозаміди	121	0	11	3.5
1099	Лінкоміцин	1503	23	85	40.5
1100	Лістеріоз	807	4	69	20.5
1101	Літотрипсія	298	2	36	9.0
1102	Лоаоз	106	0	8	3.0
1103	Лобова частка (мозок)	829	9	41	23.5
1104	Лобово-скронева деменція	46	0	6	1.0
1105	Ловастатин	120	0	12	3.0
1106	Ломефлоксацин	30	0	4	1.0
1107	Лопатка	282	1	16	9.0
1108	Лоперамід	26	3	23	13.0
1109	Лопінавір	5	0	2	0.0
1110	Лопінавір/Ритонавір	22	0	3	1.0
1111	Лоразепам	447	4	71	12.0
1112	Лорноксикам	176	2	13	5.0
1113	Луї Пастер	1489	12	115	41.0
1114	Люмбальна пункція	1194	15	64	34.5
1115	Лямбліоз	1794	27	77	58.0
1116	М'язова атрофія	658	10	34	21.0
1117	М'який шанкр	466	4	31	13.5
1118	Магнітно-резонансна томографія	2926	48	138	90.0
1119	Макроглобулінемія Вальденстрема	141	0	16	4.0
1120	Макроліди	1045	16	50	34.5
1121	Мала гомілкова кістка	172	1	9	6.0
1122	Малеїн	14	0	5	1.0
1123	Малярія	4171	54	210	130.5
1124	Мапротилін	26	0	5	1.0
1125	Маравірок	12	0	3	1.0
1126	Марсельська гарячка	161	0	11	5.0
1127	Масаж	1725	19	89	58.0
1128	Мастит	1874	32	81	59.5
1129	Мастоїдит	538	6	33	15.0
1130	Мастопатія	1931	38	86	63.0
1131	Меатотомія	24	0	4	1.0
1132	Мебеверин	175	2	11	5.0
1133	Мебендазол	262	2	18	8.5
1134	Мебікар	836	6	37	27.5
1135	Мегестрол	53	0	4	2.0
1136	Медазепам	50	0	8	1.0
1137	Медаль Менсона	1	0	1	0.0
1138	Медицина	2820	36	173	82.0
1139	Медицина подорожей та хвороб мандрівників	56	0	8	1.0
1140	Медична акустика	329	4	21	9.0
1141	Медична діагностика	908	9	55	26.5
1142	Медичне сортування	2124	13	137	62.0
1143	Медичне страхування	1178	6	74	33.5
1144	Медичний факультет Київського імператорського університету Святого Володимира	111	1	8	3.0
1145	Медроксипрогестерон	37	0	6	1.0
1146	Медулярний рак щитоподібної залози	404	2	26	13.0
1147	Мексилетин	33	0	4	1.0
1148	Меланома	4751	59	516	113.0
1149	Мелатонін	2354	43	170	70.5
1150	Меліоїдоз	94	0	8	2.0
1151	Мелфалан	33	0	4	1.0
1152	Мельдоній	711	7	48	21.0
1153	Менінгеальний синдром	294	3	20	9.0
1154	Менінгеальні симптоми	819	7	50	26.0
1155	Менінгізм	159	1	14	4.0
1156	Менінгіт	3717	67	236	104.5
1157	Менінгокок	643	5	51	18.0
1158	Менінгококова інфекція	3843	49	435	105.5
1159	Меніск (анатомія)	1919	33	102	59.5
1160	Менопауза	1419	27	66	42.0
1161	Меркаптопурин	76	0	8	2.0
1162	Меропенем	180	1	12	4.5
1163	Месна	40	0	3	2.0
1164	Метаболізм лікарських засобів	561	4	29	17.0
1165	Метаквалон	177	1	11	5.0
1166	Метапневмовірусна інфекція	36	0	6	1.0
1167	Метастаз	1017	11	43	33.0
1168	Метациклін	51	0	8	1.0
1169	Метилпреднізолон	383	4	25	11.0
1170	Метилфенідат	311	3	18	10.0
1171	Метицилін	52	0	4	2.0
1172	Метод Сельдінгера	239	0	18	8.0
1173	Метоклопрамід	1257	18	73	35.5
1174	Метоксифлуран	56	0	8	2.0
1175	Метопролол	364	3	26	11.0
1176	Метотрексат	1078	18	56	34.0
1177	Метформін	1147	16	52	36.5
1178	Мефедрон	6959	129	280	230.5
1179	Мефлохін	23	0	2	1.0
1180	Механізм передачі інфекції	1505	10	106	45.0
1181	Механотерапія	345	2	25	10.0
1182	Мечников Ілля Ілліч	6860	48	508	183.5
1183	Мигдалики	1654	19	88	49.0
1184	Миготіння передсердь	778	11	46	22.0
1185	Миготіння шлуночків	312	4	25	8.5
1186	Міансерин	68	0	8	2.0
1187	Мігрень	2756	46	116	83.5
1188	Мідазолам	95	0	9	2.0
1189	Мідекаміцин	37	0	5	1.0
1190	Мідріаз	466	4	22	15.0
1191	Мієліт	228	1	27	6.0
1192	Мієлодиспластичні синдроми	147	0	13	4.0
1193	Мієломна хвороба	1942	38	106	60.5
1194	Міжнародна класифікація функціонування, обмеження життєдіяльності та здоров’я (МКФ)	356	5	36	8.5
1195	Міжнародне агентство з дослідження раку	33	0	4	1.0
1196	Міжнародне нормалізоване відношення	1301	11	143	38.5
1197	Міжнародний класифікатор хвороб	2260	21	158	76.0
1198	Міжнародні медико-санітарні правила 2005 року	146	1	16	3.0
1199	Міжхребцева кила	3057	55	138	96.5
1200	Міжхребцевий диск	403	5	27	12.0
1201	Мікафунгін	9	0	2	0.0
1202	Міконазол	210	2	15	5.5
1203	Мікоплазмоз урогенітальний	638	9	40	21.0
1204	Мікофенолова кислота	47	0	5	1.0
1205	Мікроцефалія	474	4	29	13.5
1206	Мікседема	2295	24	139	62.0
1207	Мілнаципран	13	0	2	1.0
1208	Мінералокортикоїди	536	4	42	15.5
1209	Міноксидил	656	10	32	20.0
1210	Мінх Григорій Миколайович	34	0	4	1.0
1211	Мінцер Озар Петрович	60	0	9	1.0
1212	Міозит	1346	23	79	41.5
1213	Міома матки	2116	24	100	70.0
1214	Міопатія	937	10	62	27.0
1215	Міофасціальний больовий синдром	308	3	21	8.0
1216	Міртазапін	404	1	30	12.0
1217	Мітоксантрон	43	0	4	2.0
1218	Мітоміцин	9	0	2	0.0
1219	МКХ-10: Клас I. Деякі інфекційні та паразитарні хвороби (A)	865	3	69	27.5
1220	МКХ-10: Клас I. Деякі інфекційні та паразитарні хвороби (B)	1113	6	63	37.5
1221	МКХ-10: Клас V. Розлади психіки та поведінки	2818	39	140	94.0
1222	МКХ-10: Клас VI. Хвороби нервової системи	2785	20	144	100.0
1223	МКХ-10: Клас VII. Хвороби ока та його придаткового апарату	1151	7	63	40.0
1224	МКХ-10: Клас VIII. Хвороби вуха та соскоподібного відростка	474	2	31	16.0
1225	МКХ-10: Клас XVI. Окремі стани, що виникають в перинатальному періоді	594	3	49	18.5
1226	МКХ-10: Клас XVII. Вроджені вади розвитку, деформації та хромосомні аномалії	1326	5	77	50.0
1227	Множинна ендокринна неоплазія	63	0	8	2.0
1228	Множинна ендокринна неоплазія тип 1	30	0	5	1.0
1229	Множинна ендокринна неоплазія тип 2А	20	0	3	1.0
1230	Множинна ендокринна неоплазія тип 2Б	17	0	3	1.0
1231	Мобільний армійський хірургічний шпиталь	6	0	1	0.0
1232	Моексиприл	3	0	1	0.0
1233	Мозкова речовина надниркової залози	294	1	29	7.5
1234	Мозковий кровообіг	980	13	49	30.0
1235	Мозолисте тіло	523	9	30	16.0
1236	Моксифлоксацин	179	1	13	6.0
1237	Монобактами	103	1	9	3.0
1238	Монойодтирозин	7	0	2	0.0
1239	Моноклональні антитіла	700	4	46	20.5
1240	Монтелукаст	279	2	17	8.5
1241	Морацизин	13	0	3	1.0
1242	Морська хвороба	316	2	22	8.5
1243	Мосаприд	29	0	5	1.0
1244	Мочутковський Йосип Йосипович	24	0	13	1.0
1245	Моямоя	88	0	9	3.0
1246	Муковісцидоз	5678	114	302	166.5
1247	Мупіроцин	61	0	6	2.0
1248	Мутизм	304	3	19	8.5
1249	Набряк	943	12	46	29.0
1250	Набряк Квінке	3390	57	171	105.5
1251	Набряк легень	2171	28	104	71.0
1252	Набутий імунітет	887	6	64	26.5
1253	Надгортанник	600	2	51	15.0
1254	Надіфлоксацин	2	0	1	0.0
1255	Надлопаткова артерія	19	0	2	1.0
1256	Надлопаткова вена	4	0	1	0.0
1257	Надниркова залоза	6448	54	410	168.0
1258	Надолол	16	0	3	0.0
1259	Надп'яткова кістка	112	0	13	3.0
1260	Надропарин	103	0	21	2.0
1261	Налбуфін	245	1	41	11.0
1262	Налідиксова кислота	66	0	8	2.0
1263	Напроксен	444	3	19	14.5
1264	Наталізумаб	31	0	7	1.0
1265	Натаміцин	99	0	12	3.0
1266	Натан Едвін Брілл	7	0	7	0.0
1267	Натуральна віспа	2977	34	142	94.5
1268	Науково-практичний центр профілактичної та клінічної медицини Державного управління справами	164	0	16	5.0
1269	Нафтифін	103	0	8	3.0
1270	Національна асоціація екстрених медичних техніків	68	0	11	2.0
1271	Національний військово-медичний клінічний центр «Головний військовий клінічний госпіталь»	883	7	50	28.5
1272	Національний інститут раку (Україна)	247	1	20	6.5
1273	Національний музей медицини України	225	1	46	5.0
1274	Національний реєстр екстрених медичних техніків (США)	3	0	1	0.0
1275	Небіволол	318	1	22	9.0
1276	Невірапін	18	0	4	1.0
1277	Неврит	834	10	46	26.0
1278	Неврома	126	1	23	3.0
1279	Негоджкінська лімфома	1149	14	60	36.0
1280	Негоспітальна пневмонія	557	8	32	15.0
1281	Нежить	1288	16	75	40.5
1282	Нейробластома	175	1	16	4.0
1283	Нейродерміт	806	16	40	25.0
1284	Нейроендокринна пухлина	121	0	11	4.0
1285	Нейроінфекції	676	9	43	20.0
1286	Нейропатія	950	14	51	30.0
1287	Нейрофіброматоз	464	5	31	14.0
1288	Нейрофіброматоз І типу	322	1	19	9.0
1289	Нейрофіброматоз II типу	70	0	8	2.0
1290	Некробацильоз	38	0	5	1.0
1291	Некроз	2663	29	157	81.0
1292	Некротичний фасциїт	1	0	1	0.0
1293	Нелфінавір	10	0	2	0.0
1294	Немоноксацин	6	0	2	0.0
1295	Ненуклеозидні інгібітори зворотньої транскриптази	29	0	3	1.0
1296	Неоміцин	142	1	11	4.0
1297	Непарна щитоподібна артерія	37	0	10	1.0
1298	Нервова анорексія	875	17	51	26.5
1299	Нервова система	8954	102	630	265.5
1300	Нервовий вузол	368	2	22	11.0
1301	Нереверсивна маска	39	0	5	1.0
1302	Неспецифічний виразковий коліт	1587	19	91	46.0
1303	Несправжній суглоб	192	1	15	5.0
1304	Нетилміцин	20	0	3	1.0
1305	Нефопам	35	0	4	1.0
1306	Нефротичний синдром	868	10	50	27.0
1307	Нецукровий діабет	1052	6	52	34.5
1308	Нещадименко Марко Петрович	17	0	6	0.5
1309	Нижня щитоподібна артерія	59	0	7	2.0
1310	Нижня щитоподібна вена	11	0	2	1.0
1311	Низько-диференційований рак щитоподібної залози	67	0	7	2.0
1312	Нізатидин	7	0	2	0.0
1313	Нікардипін	25	0	5	1.0
1314	Ніклас Сальгрен	2	0	1	0.0
1315	Нікольський Петро Васильович	5	0	1	0.0
1316	Нікорандил	18	0	3	1.0
1317	Ніктурія	426	3	29	11.0
1318	Нілотиніб	15	0	3	0.0
1319	Німесулід	895	13	48	28.5
1320	Німодипін	69	0	6	2.0
1321	Німоразол	25	0	3	1.0
1322	Німотузумаб	8	0	3	0.0
1323	Ністагм	839	8	51	25.0
1324	Нітразепам	172	1	14	5.0
1325	Нітрендипін	16	0	4	1.0
1326	Нітроксолін	676	11	37	20.0
1327	Нітрофурани	353	2	23	10.0
1328	Нітрофурантоїн	206	1	11	6.0
1329	Ніфедипін	925	15	51	28.5
1330	Ніфурател	73	0	7	2.5
1331	Ніфуроксазид	1074	19	44	34.0
1332	Нобелівська премія з фізіології або медицини	299	2	23	8.5
1333	Новоутворення ендокринних залоз	127	0	16	3.0
1334	Нога людини	766	13	35	25.0
1335	Ножиці атравматичні	12	0	1	1.0
1336	Нозологія	420	2	32	12.0
1337	Нома	310	2	28	8.0
1338	Норфлоксацин	464	7	22	15.0
1339	Носова канюля	33	0	7	1.0
1340	Носова кровотеча	567	5	32	16.5
1341	Нудота	346	6	19	10.0
1342	Нуклеозидні інгібітори зворотньої транскриптази	45	0	8	1.0
1343	Нюховий горбок	19	0	4	1.0
1344	О'ньйонг'ньйонг	16	0	5	1.0
1345	Обідкова частка	67	0	8	2.0
1346	Обінутузумаб	5	0	2	0.0
1347	Обличчя великої панди (ознака)	3	0	1	0.5
1348	Образцов Василь Парменович	88	0	12	3.0
1349	Обрамлене застереження	14	0	2	0.0
1350	Огорожа (анатомія)	34	0	4	1.0
1351	Одеська обласна клінічна лікарня	45	0	5	2.0
1352	Ожиріння в Україні	100	0	9	3.0
1353	Окоруховий нерв	426	4	31	12.5
1354	Оксаліплатин	87	0	6	3.0
1355	Оксацилін	105	0	9	2.0
1356	Оксибутинін	62	0	6	2.0
1357	Оксиками	67	0	17	2.0
1358	Оксикодон	88	4	25	9.5
1359	Оксиконазол	24	0	5	1.0
1360	Окситоцин	2563	41	125	81.0
1361	Окскарбазепін	31	0	11	1.0
1362	Окспренолол	9	0	2	1.0
1363	Олеандоміцин	29	0	4	1.0
1364	Олігурія	719	4	40	23.0
1365	Олмесартан	55	0	5	1.0
1366	Олопатадин	56	0	5	2.0
1367	Омалізумаб	58	0	5	2.0
1368	Омепразол	1265	20	78	37.0
1369	Омоконазол	12	0	2	0.0
1370	Онейроїд	175	1	15	5.0
1371	Оніхофагія	52	0	5	2.0
1372	Онкологія	3472	9	232	102.5
1373	Онкоцит	22	0	3	1.0
1374	Онхоцеркоз	172	2	10	5.0
1375	Операція Крайля	186	1	16	5.0
1376	Оперізуючий герпес	4175	63	200	127.5
1377	Опікова хвороба	754	3	57	22.0
1378	Опіковий шок	596	3	36	15.0
1379	Опісторхоз	1237	17	75	38.0
1380	Опортуністична інфекція	604	6	40	18.0
1381	Орієнтовний перелік основних лікарських засобів, розроблений ВООЗ	160	1	16	4.0
1382	Орнідазол	447	5	25	14.5
1383	Орнітоз	637	8	51	18.0
1384	Орхіт	390	3	23	11.5
1385	Орципреналін	43	0	5	1.0
1386	Остеопороз	2430	44	108	76.0
1387	Остеосинтез	237	0	15	7.5
1388	Острівцева кора	114	0	10	3.0
1389	Осьовий хребець	119	0	11	4.0
1390	Отопластика	104	0	17	3.0
1391	Отруєння	2613	30	154	82.5
1392	Отруєння грибами	1066	4	87	31.5
1393	Отруєння етиловим спиртом	500	3	57	14.0
1394	Отто Обермейер	2	0	1	0.0
1395	Офатумумаб	4	0	1	0.0
1396	Офлоксацин	652	5	33	21.0
1397	Офтальмологія	969	9	53	33.5
1398	Офтальмоплегія	118	1	11	4.0
1399	Очеревина	494	4	33	15.0
1400	Очерки гнойной хирургии	19	0	2	1.0
1401	Очна артерія	56	0	6	2.0
1402	Очна ямка	272	2	20	8.0
1403	П'єр Фідель Бретонно	14	0	6	0.0
1404	П'єр-Шарль Александр Луї	13	0	3	1.0
1405	П'ята холерна пандемія	12	0	2	0.0
1406	П'яткова кістка	103	0	10	3.0
1407	Падалка Борис Якович	22	0	7	0.0
1408	Паклітаксел	199	1	12	6.0
1409	Панарицій	731	7	65	19.5
1410	Пандемія	859	13	50	26.5
1411	Пандемія грипу H1N1 (2009)	49	0	6	2.0
1412	Пандемія хвороби, яку спричинює вірус Зіка	37	0	4	1.5
1413	Панкреатична нейроендокринна пухлина	32	0	4	2.0
1414	Пантопразол	417	5	23	12.0
1415	Панцитопенія	349	1	29	10.0
1416	Папілома	2001	37	97	60.0
1417	Папілярний рак щитоподібної залози	516	6	31	15.5
1418	Парааміносаліцилова кислота	69	0	6	2.0
1419	Парагангліома	37	0	5	1.0
1420	Парагонімоз	275	1	17	8.0
1421	Парагрип	1034	1	66	32.0
1422	Паразитарна інвазія	354	3	21	11.5
1423	Параліч	871	10	49	27.0
1424	Парамедик	442	5	27	12.0
1425	Паранеопластичний синдром	205	1	14	6.0
1426	Парапроктит	1893	17	99	56.5
1427	Паратгормон	2485	34	146	69.5
1428	Паратиреоїдектомія	40	0	6	1.5
1429	Паратифи	556	6	27	17.5
1430	Паратонзилярний абсцес	1330	16	62	42.0
1431	Паращитоподібна залоза	1444	16	93	42.0
1432	Парвовірус В19	782	5	51	22.5
1433	Парекоксиб	22	0	6	1.0
1434	Парентеральне введення	1646	18	86	50.5
1435	Пароксетин	340	4	22	10.0
1436	Пароксизм	293	1	25	7.0
1437	Пароксизмальна тахікардія	1609	22	78	50.0
1438	Паромоміцин	23	0	4	1.0
1439	Паротит	512	6	27	16.0
1440	Патісіран	3	0	2	0.0
1441	Патогенез	967	10	56	30.5
1442	Патогенез бічного аміотрофічного склерозу	19	0	3	1.0
1443	Патогномонічний симптом	187	2	13	5.0
1444	Патологічна анатомія	552	2	39	16.0
1445	Патрік Менсон (паразитолог)	6	0	2	0.0
1446	Пауль Лангерганс	13	0	3	0.0
1447	Пахвинна зв'язка	215	0	15	6.0
1448	Пахвинний канал	798	4	63	21.5
1449	Пахвова артерія	192	1	25	5.0
1450	Пахвова вена	31	0	5	1.0
1451	Пахова гранульома	323	1	24	10.0
1452	Пегільований інтерферон альфа-2а	116	0	17	3.0
1453	Пегільований інтерферон альфа-2b	63	0	8	2.0
1454	Пегфілграстим	27	0	4	1.0
1455	Педикульоз	1581	25	82	48.5
1456	Пелещук Анатолій Петрович	16	0	3	1.0
1457	Пембролізумаб	415	1	182	6.0
1458	Пеметрексед	87	0	8	3.0
1459	Пенетрація (медицина)	742	10	56	21.5
1460	Пеніцилін	3427	33	196	104.0
1461	Пентазоцин	0	0	0	0.0
1462	Пентамідин	42	0	8	1.0
1463	Пентобарбітал	164	1	16	5.0
1464	Пентоксифілін	956	14	44	29.5
1465	Пенцикловір	17	0	3	1.0
1466	Пептична виразка	1938	22	93	62.0
1467	Передменструальний синдром	2557	57	110	79.0
1468	Передня мозкова артерія	111	0	7	3.0
1469	Передня яремна вена	67	0	6	2.0
1470	Передсердний натрійуретичний фактор	455	2	33	12.0
1471	Передчасна еякуляція	1286	18	61	40.5
1472	Переливання крові	2836	45	140	84.0
1473	Перелік інфекційних хвороб людини	3028	25	175	95.5
1474	Перелік курсів екстреної медичної допомоги	18	0	3	1.0
1475	Перелік паразитарних хвороб людини	151	1	12	4.0
1476	Переломи кісток	4312	23	265	149.5
1477	Перикардит	870	8	61	26.0
1478	Перитоніт	3132	58	160	94.5
1479	Періодонтоз	718	3	39	22.0
1480	Перкусія	474	4	28	14.0
1481	Пероральний прийом лікарських засобів	1815	33	80	56.0
1482	Перстнещитоподібна артерія	1	0	1	0.0
1483	Пертузумаб	33	0	5	1.0
1484	Перша холерна пандемія	7	0	2	0.0
1485	Петер Крауснекер	5	0	1	0.0
1486	Петехія	383	2	28	11.0
1487	Пефлоксацин	41	0	4	1.0
1488	Печериста пазуха	185	0	19	5.0
1489	Печінка	5030	80	243	152.0
1490	Печінкова недостатність	1106	16	73	28.5
1491	Печія	1232	15	65	39.0
1492	Пирогов Микола Іванович	1714	27	82	54.0
1493	Півкулі головного мозку	1671	20	94	53.5
1494	Під'язикова артерія	14	0	5	1.0
1495	Підвисоцький Володимир Валеріанович	77	0	6	2.0
1496	Підвішуюча зв'язка щитоподібної залози	7	0	2	0.5
1497	Підключична артерія	438	5	34	13.0
1498	Підключична вена	110	0	8	4.0
1499	Підотимод	11	0	2	1.0
1500	Підпід'язикова артерія	2	0	2	0.0
1501	Підшкірна ін'єкція	1530	15	108	48.0
1502	Підшкірний мансонельоз	47	0	10	2.0
1503	Підшкірні філяріїдози	38	0	5	1.0
1504	Пієлонефрит	6361	104	301	222.5
1505	Пімозид	34	0	6	1.0
1506	Піндолол	13	0	3	0.0
1507	Пінеалобластома	3	0	2	0.0
1508	Пінеалома	21	0	4	1.0
1509	Пінта (хвороба)	68	0	6	2.0
1510	Піодермія	1096	15	57	32.0
1511	Піпемідова кислота	27	0	4	1.0
1512	Піперазин	347	3	18	11.0
1513	Піперацилін	31	0	5	1.0
1514	Піразинамід	141	0	12	4.0
1515	Пірамідна система	537	6	48	15.0
1516	Пірантел	628	6	37	18.0
1517	Піріметамін	51	0	6	1.0
1518	Піріметамін/сульфадоксин	14	0	2	1.0
1519	Пірліндол	25	0	5	1.0
1520	Піроксикам	183	0	14	6.0
1521	Пітавастатин	16	0	3	1.0
1522	Пітуіцитома	10	0	3	0.0
1523	Плазмодій	1987	16	141	51.5
1524	Платифілін	1013	13	50	32.0
1525	Плеврит	2726	38	144	83.0
1526	Плевромутилін	9	0	2	0.0
1527	Плечеголовна вена	72	0	7	2.0
1528	Плечоголовний стовбур	89	0	11	2.5
1529	Пліометрика	79	0	7	3.0
1530	Плоска бородавка	135	1	13	4.0
1531	Плоскоклітинна карцинома щитоподібної залози	47	0	6	1.5
1532	Пляма (висип)	258	3	20	8.0
1533	Плямиста гарячка Скелястих Гір	80	0	8	3.0
1534	Пневмоцистна пневмонія	380	1	27	10.5
1535	Побічна дія (медицина)	5646	124	222	175.5
1536	Поверхнева скронева артерія	79	0	8	3.0
1537	Повільні інфекції	189	1	20	4.0
1538	Повітряно-крапельний механізм передачі інфекції	468	1	31	14.5
1539	Поворотний тиф	415	4	24	11.5
1540	Подагра	8086	199	306	252.0
1541	Позаконазол	10	0	2	1.0
1542	ПоКіФоРо ІнРиКоЗ	10	0	2	1.0
1543	Поле Бродмана 4	12	0	4	0.0
1544	Поле Бродмана 5	5	0	1	0.0
1545	Поле Бродмана 6	7	0	2	0.0
1546	Поле Бродмана 7	4	0	1	0.0
1547	Поле Бродмана 8	5	0	2	0.0
1548	Поле Бродмана 9	5	0	1	0.0
1549	Поле Бродмана 10	8	0	2	0.0
1550	Поле Бродмана 11	4	0	2	0.0
1551	Поле Бродмана 12	4	0	1	0.0
1552	Поле Бродмана 13	8	0	2	0.0
1553	Поле Бродмана 14	7	0	2	0.0
1554	Поле Бродмана 15	9	0	3	0.0
1555	Поле Бродмана 16	2	0	2	0.0
1556	Поле Бродмана 20	11	0	4	0.0
1557	Поле Бродмана 21	2	0	1	0.0
1558	Поле Бродмана 22	6	0	1	0.0
1559	Поле Бродмана 23	22	0	7	0.5
1560	Поле Бродмана 24	3	0	1	0.0
1561	Поле Бродмана 25	30	0	12	1.0
1562	Поле Бродмана 26	11	0	7	0.0
1563	Поле Бродмана 27	14	0	4	0.5
1564	Поле Бродмана 28	18	0	4	1.0
1565	Поле Бродмана 29	10	0	2	0.0
1566	Поле Бродмана 30	9	0	3	0.0
1567	Поле Бродмана 31	5	0	2	0.0
1568	Поле Бродмана 32	8	0	3	0.0
1569	Поле Бродмана 33	4	0	1	0.0
1570	Поле Бродмана 34	7	0	2	0.0
1571	Поле Бродмана 35	4	0	2	0.0
1572	Поле Бродмана 36	7	0	3	0.0
1573	Поле Бродмана 37	19	0	7	1.0
1574	Поле Бродмана 38	12	0	3	0.0
1575	Поле Бродмана 39	11	0	2	1.0
1576	Поле Бродмана 40	11	0	3	1.0
1577	Поле Бродмана 43	5	0	2	0.0
1578	Поле Бродмана 44	6	0	2	0.0
1579	Поле Бродмана 45	55	0	7	2.0
1580	Поле Бродмана 46	9	0	3	0.5
1581	Поле Бродмана 47	7	0	2	0.0
1582	Поле Бродмана 48	2	0	1	0.0
1583	Поле Бродмана 49	1	0	1	0.0
1584	Поле Бродмана 52	8	0	2	0.0
1585	Поліартрит	1085	18	57	33.0
1586	Полідипсія	272	1	18	8.0
1587	Полієнові антибіотики	121	0	10	3.5
1588	Поліклініка № 1 Державного управління справами	97	0	9	3.0
1589	Поліневрит	383	3	28	11.0
1590	Поліноз	680	7	36	21.5
1591	Поліомієліт	6221	85	351	207.5
1592	Політравма	961	7	70	27.5
1593	Поліфагія (симптом)	150	1	15	4.0
1594	Поля Бродмана	172	0	24	4.0
1595	Поля Бродмана 17, 18, 19. Зорова кора.	71	0	6	2.0
1596	Поля Бродмана 41 і 42	19	0	4	1.0
1597	Поперечна артерія шиї	28	0	3	1.0
1598	Постцентральна звивина	75	0	7	2.0
1599	Потилична артерія	46	0	14	1.0
1600	Потилична частка	601	5	33	19.0
1601	Потрійний-А синдром	36	0	4	1.0
1602	Поясна кора	61	0	9	1.0
1603	Правастатин	24	0	4	1.0
1604	Правець	6168	93	292	203.0
1605	Правило Лібермейстера	28	0	5	1.0
1606	Правцева діагностична тріада	48	0	5	2.0
1607	Празиквантел	218	1	20	6.0
1608	Празозин	224	1	16	7.0
1609	Прамірацетам	33	0	6	1.0
1610	Прасугрель	16	0	3	1.0
1611	Прегабалін	1197	23	66	35.5
1612	Преднізолон	2339	51	98	71.0
1613	Примак Федір Якович	19	0	7	0.0
1614	Пріонові хвороби	1469	8	82	44.5
1615	Проба Шелестюка	169	0	15	5.0
1616	Прогестерон	2653	48	119	87.5
1617	Прогормон	24	0	5	1.0
1618	Прогресивний параліч	87	0	8	2.0
1619	Продромальний період	252	2	15	9.0
1620	Прозектор	30	0	4	1.0
1621	Проказа	2435	47	129	72.5
1622	Прокаїн	485	3	29	15.0
1623	Прокаїнамід	73	0	7	2.0
1624	Проктит	504	4	29	16.5
1625	Пролактин	1815	28	80	56.5
1626	Пролактинома	240	1	18	7.0
1627	Променева терапія	1056	11	57	31.0
1628	Променева хвороба	8749	59	609	253.5
1629	Променево-зап'ястковий суглоб	265	2	19	8.0
1630	Прометазин	119	1	12	3.0
1631	Пропафенон	77	0	6	2.0
1632	Пропілтіоурацил	39	0	13	0.0
1633	Пропранолол	774	11	41	23.5
1634	Пророксан	26	0	3	1.0
1635	Простагландини	774	11	43	23.5
1636	Простатит	4204	74	197	133.0
1637	Протиглисні засоби	270	2	16	8.0
1638	Протіонамід	19	0	2	1.0
1639	Протрузія міжхребцевого диска	1618	25	82	47.5
1640	Професійні хвороби	878	5	49	29.5
1641	Процедура Бенталла	27	0	5	1.0
1642	Псевдобульбарний синдром	591	6	36	18.5
1643	Псевдоефедрин	262	3	14	8.0
1644	Псевдотуберкульоз	564	6	31	14.5
1645	Психіатр	338	2	51	9.0
1646	Псоріаз	4852	109	211	152.0
1647	Пташиний грип	366	4	25	11.0
1648	Пульпозне ядро	34	0	4	1.0
1649	Пульс	4839	69	231	146.5
1650	Пульсометрія	121	1	9	3.5
1651	Пухир	272	2	18	8.0
1652	Пухлина головного мозку	2390	38	109	77.5
1653	Пухлинний маркер	655	5	41	21.0
1654	Рабдоміоліз	213	2	12	6.5
1655	Рабепразол	137	1	12	4.0
1656	Рак легені	3879	52	188	122.0
1657	Рак молочної залози	2537	36	158	79.5
1658	Рак паращитоподібної залози	80	0	7	2.0
1659	Рак підшлункової залози	854	16	45	25.5
1660	Рак шийки матки	1336	18	88	41.5
1661	Рак щитоподібної залози	956	8	52	29.0
1662	Раково-ембріональний антиген	182	0	12	5.0
1663	Ралтегравір	10	0	3	0.0
1664	Рандомізоване контрольоване дослідження	289	2	34	6.0
1665	Ранолазин	129	0	13	3.0
1666	Рауль Бенсауд	5	0	3	0.0
1667	Реактивний артрит	1099	20	61	34.5
1668	Реакція Асколі	192	0	24	5.0
1669	Реакція пасивної гемаглютинації	125	0	12	3.0
1670	Реанімація (медицина)	3108	27	206	93.0
1671	Ребаміпід	50	0	4	2.0
1672	Реберношийний стовбур	13	0	2	0.0
1673	Ревматизм	5985	94	290	187.5
1674	Ревматологія	579	5	38	17.0
1675	Рейкі	217	2	13	6.0
1676	Рене Лаенек	34	0	8	1.0
1677	Ренін	537	5	36	17.0
1678	Реовіруси	187	0	15	5.0
1679	Респіраторно-синцитіальна інфекція	637	5	50	17.0
1680	Рестриктивна кардіоміопатія	51	0	5	1.0
1681	Ретапамулін	6	0	2	0.0
1682	Реформа швидкої (екстреної) медичної допомоги в Україні з 2016 року	198	1	15	5.0
1683	Рецидив (медицина)	530	6	34	14.5
1684	Рибавірин	134	1	9	3.0
1685	Ривароксабан	251	2	15	7.0
1686	Ригідність потиличних м'язів	433	5	27	12.5
1687	Рикетсіози	350	3	35	10.0
1688	Римантадин	880	18	49	27.0
1689	Риновірусна інфекція	456	2	32	12.0
1690	Ритонавір	24	0	3	1.0
1691	Ритуксимаб	179	0	17	5.0
1692	Рифабутин	16	0	2	1.0
1693	Рифаксимін	98	0	8	3.0
1694	Рифаміцин	58	0	8	2.0
1695	Рифапентин	17	0	4	1.0
1696	Рідкісна хвороба	268	2	16	8.5
1697	Рілпівірин	4	0	1	0.0
1698	Роберт Кох	792	4	56	22.5
1699	Роботизована хірургія	100	0	10	3.0
1700	Рогівка	1283	8	82	37.5
1701	Родимка	1124	19	56	35.5
1702	Розлад особистості	542	8	30	17.0
1703	Розширена підтримка життя	110	0	13	2.0
1704	Роксатидин	10	0	2	0.0
1705	Рокситроміцин	55	0	5	2.0
1706	Рольфінг	32	0	4	1.0
1707	Ротавірусна інфекція	4179	82	170	136.5
1708	Рофекоксиб	62	0	11	2.0
1709	Рубець (медицина)	562	8	33	16.5
1710	Ручківський Сергій Никифорович	3	0	1	0.0
1711	С-клітина	52	0	9	1.0
1712	Савченко Іван Григорович	30	0	5	1.0
1713	Саквінавір	24	0	5	1.0
1714	Сальбутамол	1027	10	86	32.0
1715	Сальгренська Університетська Лікарня	3	0	1	0.0
1716	Сальметерол	78	0	7	2.0
1717	Сальмонельоз	5991	98	286	186.5
1718	Санація (медицина)	584	6	35	17.0
1719	Сап	361	1	27	9.5
1720	Сапроноз	216	3	12	7.0
1721	Саркоїдоз	1145	17	61	36.0
1722	Саркома	2480	40	126	72.0
1723	Саркома Капоші	788	6	43	24.5
1724	Саркома Юінга	606	5	47	16.0
1725	Свен Івар Сельдінгер	5	0	1	0.0
1726	Світлобоязнь	74	0	5	2.0
1727	Севофлуран	144	1	9	4.0
1728	Сезонний афективний розлад	141	0	11	4.0
1729	Секнідазол	191	1	15	6.0
1730	Секретин	365	3	28	10.0
1731	Сепсис	4354	62	208	132.0
1732	Септичний шок	944	16	52	28.0
1733	Середньомозкове ядро трійчастого нерва	16	0	3	1.0
1734	Середня мозкова артерія	182	1	11	5.0
1735	Середня щитоподібна вена	10	0	8	0.0
1736	Серозні мансонельози	13	0	2	1.0
1737	Серозні філяріїдози	8	0	2	1.0
1738	Серотонін	2387	51	97	72.5
1739	Сертаконазол	41	0	4	1.0
1740	Сертралін	453	2	33	12.5
1741	Серце людини	6079	100	318	185.0
1742	Серцева недостатність	4390	57	201	133.5
1743	Серцево-судинні захворювання	2917	29	151	90.5
1744	Сехіфенадин	6	0	2	0.0
1745	Сечокам'яна хвороба	1826	18	103	53.5
1746	Сибірка	3212	33	172	102.0
1747	Силікоз	938	8	66	29.5
1748	Силодозин	34	0	6	1.0
1749	Симпатикотонія	68	0	8	2.0
1750	Симптом	627	9	44	18.0
1751	Симптом Аарона	14	0	3	1.0
1752	Симптом Абаді	1	0	1	0.0
1753	Симптом блідого носогубного трикутника	127	0	10	3.0
1754	Симптом випорожнень по типу «рисового відвару»	59	0	5	2.0
1755	Симптом Вінтерботтома	8	0	1	1.0
1756	Симптом Гієна	20	0	3	1.0
1757	Симптом Годельє	553	2	45	13.5
1758	Симптом двобічного збільшення потиличних лімфатичних вузлів	91	1	7	3.0
1759	Симптом Добровольської-Ніколадоні	2	0	1	0.0
1760	Симптом каптура	26	0	3	1.0
1761	Симптом каптура (психіатрія)	52	0	8	2.0
1762	Симптом Керніга	500	2	33	13.5
1763	Симптом Кіарі	36	0	3	1.5
1764	Симптом Копліка	947	14	51	29.0
1765	Симптом Курвуазьє	1187	14	76	36.5
1766	Симптом Левіна	7	0	1	1.0
1767	Симптом Лессажа	66	0	6	2.0
1768	Симптом малинового желе	235	1	26	6.0
1769	Симптом малинового язика	325	3	23	8.0
1770	Симптом Мюссе	666	2	53	15.5
1771	Симптом Падалки	308	4	22	9.0
1772	Симптом Пастіа	133	1	10	4.0
1773	Симптом Піка	65	1	6	2.0
1774	Симптом Романьї	12	0	2	1.0
1775	Симптом рукавичок і шкарпеток	74	0	9	2.0
1776	Симптом Стімсона	40	0	5	1.0
1777	Симптом Стокса	53	0	6	2.0
1778	Симптом триніжка	118	1	8	3.0
1779	Симптом Фаже	26	0	4	1.0
1780	Симптом Феррарі	15	0	3	1.0
1781	Симптом Флатау	30	0	5	1.0
1782	Симптом Форчгеймера	30	0	3	1.0
1783	Симптом Щоткіна-Блюмберга	577	9	41	16.0
1784	Симптоми Брудзинського	411	3	37	10.0
1785	Симптоми Тауссіга	1	0	1	0.0
1786	Синдактилія	233	1	16	6.5
1787	Синдром	727	12	35	22.0
1788	Синдром Аазе — Сміта	30	0	3	1.0
1789	Синдром Аарскога	74	0	7	2.0
1790	Синдром Абдалла — Девіса — Фарража	13	0	4	1.0
1791	Синдром Авелліса	20	0	3	1.0
1792	Синдром Адамса—Олівера	79	0	8	2.0
1793	Синдром Аді	74	0	9	2.0
1794	Синдром Аді—Крітчлі	4	0	2	0.0
1795	Синдром Аєрзи	56	0	7	2.0
1796	Синдром Акерманів	14	0	4	0.0
1797	Синдром Алажілля	67	0	9	2.0
1798	Синдром Аллана—Герндона—Дадлі	25	0	5	1.0
1799	Синдром Аллена—Гайнса	54	1	6	2.0
1800	Синдром Аллена—Мастерса	78	1	7	2.5
1801	Синдром Алстрема	63	0	6	1.0
1802	Синдром Альвареса	35	0	4	1.0
1803	Синдром Альпорта	155	1	12	5.0
1804	Синдром Андерманна	26	0	4	1.0
1805	Синдром Андерсен	42	0	6	2.0
1806	Синдром Антлі—Бікслера	35	0	4	2.0
1807	Синдром Аперта	60	0	6	2.0
1808	Синдром Аракава I	8	0	1	0.5
1809	Синдром Аракава II	5	0	1	0.0
1810	Синдром Аспергера	2381	49	163	70.5
1811	Синдром Ачора—Сміта	1	0	1	0.0
1812	Синдром Ашара	50	0	5	2.0
1813	Синдром Ашара — Тьєра	29	0	3	1.0
1814	Синдром Ашера	37	0	4	1.0
1815	Синдром Ашермана	239	1	18	7.5
1816	Синдром Бадда — Кіарі	353	3	20	11.0
1817	Синдром Бехчета	338	1	31	9.0
1818	Синдром Бруннера	63	0	5	2.0
1819	Синдром Вегенера	821	7	131	17.0
1820	Синдром відміни	1441	25	75	44.0
1821	Синдром Вільямса	266	1	16	8.0
1822	Синдром Вольфа-Паркінсона-Вайта	788	12	55	23.0
1823	Синдром Герстмана — Штройслера — Шейнкера	50	0	8	1.0
1824	Синдром Гієна — Барре	1415	24	84	40.0
1825	Синдром гіпоплазії лівих відділів серця	104	0	10	3.0
1826	Синдром Горнера	851	9	44	25.5
1827	Синдром Гудпасчера	191	1	20	5.5
1828	Синдром Дабіна — Джонсона	126	0	11	3.5
1829	Синдром де Тоні — Дебре — Фанконі	151	0	12	4.0
1830	Синдром Денді—Волкера	205	1	15	6.0
1831	Синдром Доріана Грея	85	0	12	3.0
1832	Синдром Дресслера	630	3	65	18.0
1833	Синдром Едвардса	1114	14	68	34.0
1834	Синдром Ейкарді	46	0	6	2.0
1835	Синдром Елліса — ван Кревельда	53	0	7	1.0
1836	Синдром Жильбера	1910	22	118	58.0
1837	Синдром зап'ястного каналу	896	13	42	28.5
1838	Синдром Золлінгера — Еллісона	433	6	25	12.5
1839	Синдром Кавасакі	498	1	41	13.5
1840	Синдром Кейтеля	14	0	5	1.0
1841	Синдром китайського ресторану	58	0	7	2.0
1842	Синдром Корсакова	562	6	40	17.0
1843	Синдром космічної адаптації	28	0	4	1.0
1844	Синдром Котара	282	1	21	7.0
1845	Синдром котячого крику	1205	11	90	36.0
1846	Синдром Криглера — Найяра	187	1	15	6.0
1847	Синдром Лаєлла	1445	15	102	43.0
1848	Синдром Лауна — Ґанонґа — Левайна	235	1	19	7.0
1849	Синдром Лея	53	0	8	1.0
1850	Синдром Маккюна—Олбрайта	357	5	23	10.0
1851	Синдром Марфана	1514	25	91	42.5
1852	Синдром Морганьї — Адамса — Стокса	604	6	44	17.0
1853	Синдром Морріса	328	3	22	10.0
1854	Синдром Неємія Ашерсона	25	0	5	1.0
1855	Синдром Неймеген	86	0	8	2.0
1856	Синдром Патау	1459	19	77	43.5
1857	Синдром Пейтца — Єгерса	198	0	13	6.0
1858	Синдром передчасного збудження шлуночків	68	0	6	2.0
1859	Синдром подразненого кишечника	1536	22	72	48.0
1860	Синдром порушення активності та уваги	1059	16	75	30.0
1861	Синдром раптової дитячої смерті	308	3	21	9.0
1862	Синдром Ретта	416	3	26	13.0
1863	Синдром Рея	4898	14	1404	38.0
1864	Синдром Ротора	106	0	12	3.0
1865	Синдром Сваєра	63	0	7	2.0
1866	Синдром системної запальної відповіді	419	2	54	10.0
1867	Синдром слабкості синусового вузла	351	0	26	10.0
1868	Синдром Стендаля	203	0	17	6.0
1869	Синдром Стівенса — Джонсона	1629	14	89	52.5
1870	Синдром струшеної дитини	477	6	41	13.0
1871	Синдром Такаясу	315	1	21	9.0
1872	Синдром Тернера	1472	22	76	45.5
1873	Синдром тривалої гарячки невідомого походження	206	2	15	6.0
1874	Синдром Ундіни	96	0	8	3.0
1875	Синдром хронічної втоми	1223	18	64	38.5
1876	Синдром Шегрена	838	8	91	23.0
1877	Синостоз	104	1	8	3.0
1878	Синхондроз	64	0	6	2.0
1879	Сироваткова хвороба	359	3	27	10.0
1880	Сиролімус	70	0	14	1.5
1881	Система винагород	119	1	8	3.5
1882	Система груп крові AB0	423	6	22	13.0
1883	Системна склеродермія	1101	4	70	32.5
1884	Системний бартонельоз	34	0	4	1.0
1885	Системний червоний вовчак	2534	56	119	78.5
1886	Сифіліс	10439	170	533	317.0
1887	Сім'яний канатик	370	2	22	11.0
1888	Сім'яні залози	2475	17	155	60.0
1889	Сіра речовина	1902	12	112	49.5
1890	Сіріл Гарнем	5	0	3	0.0
1891	Сітківка	2220	12	148	69.5
1892	Сказ	6771	98	332	215.5
1893	Скальпована рана	73	0	7	3.0
1894	Скарлатина	14208	235	800	430.0
1895	Сколіоз	1849	25	98	60.5
1896	Скронева кістка	492	6	27	14.0
1897	Скронева частка	558	6	32	18.5
1898	Скроневий м'яз	81	0	8	2.0
1899	Слоновість	323	4	21	10.0
1900	Смугасте тіло	259	0	17	7.0
1901	СНІД	18356	127	1221	503.0
1902	Содоку	91	0	7	3.0
1903	Сокол Олександра Семенівна	12	0	3	1.0
1904	Соліфенацин	16	0	3	1.0
1905	Соматосенсорна система	71	0	13	2.0
1906	Соматостатин	335	4	20	10.0
1907	Соматостатинома	12	0	3	0.0
1908	Соматотропний гормон	1976	22	110	61.5
1909	Сонна хвороба	887	10	85	27.0
1910	Сорафеніб	53	0	7	1.5
1911	Соталол	84	0	9	2.0
1912	Софосбувір	227	0	23	6.5
1913	Сочевицеподібне ядро	63	0	7	2.0
1914	Спадкові захворювання	4716	24	405	138.0
1915	Спалах інфекційної хвороби	57	0	5	2.0
1916	Спарганоз	14	0	3	0.5
1917	Спарфлоксацин	15	0	3	1.0
1918	Спектиноміцин	36	0	3	1.0
1919	Спинномозкова рідина	1327	12	82	40.5
1920	Спинномозкове ядро трійчастого нерва	29	0	4	1.0
1921	Список лауреатів Нобелівської премії з фізіології або медицини	969	11	105	22.0
1922	Список спадкових хвороб	2277	4	183	49.5
1923	Спінальна анестезія	630	3	32	21.0
1924	Спіраміцин	115	0	8	4.0
1925	Спіраприл	8	0	2	0.0
1926	Спленомегалія	262	1	17	8.0
1927	Справжня поліцитемія	1187	13	73	37.0
1928	Стабілізатор мастоцитів	22	0	3	1.0
1929	Ставудин	2	0	1	0.0
1930	Станіслав фон Провасек	12	0	6	0.0
1931	Статини	947	18	56	28.0
1932	Стафілокок	6345	107	301	215.0
1933	Стафілокок золотистий	2045	27	88	71.0
1934	Стафілококова інфекція	4355	70	213	140.0
1935	Стеноз	517	5	33	16.0
1936	Стеноз мітрального клапана	406	4	28	13.0
1937	Стефанський В'ячеслав Карлович	17	0	3	1.0
1938	Стравохід	1542	21	81	46.0
1939	Стрептобацильоз	42	0	5	1.0
1940	Стрептококовий фарингіт	1101	20	48	35.5
1941	Стригучий лишай	437	2	36	11.5
1942	Стрічка Брозлоу для екстреної педіатричної допомоги	24	0	9	1.0
1943	Стронгілоїдоз	782	9	48	24.5
1944	Строфантин	395	3	24	12.0
1945	Стьожак	376	3	20	11.0
1946	Субарахноїдальний крововилив	1100	18	70	34.0
1947	Субдуральна гематома	737	4	42	22.0
1948	Субталамічне ядро	53	0	9	1.0
1949	Суглоб	1591	25	72	52.0
1950	Сулодексид	180	0	11	6.0
1951	Сульбактам	141	1	14	4.0
1952	Сульпірид	661	6	41	19.5
1953	Сульфадиметоксин	221	2	13	6.0
1954	Сульфадимідин	22	0	4	1.0
1955	Сульфадіазин	50	0	8	1.5
1956	Сульфадоксин	54	0	8	1.0
1957	Сульфаметоксазол	117	0	12	3.0
1958	Сульфаметоксазол/триметоприм	417	7	26	11.5
1959	Сульфаметрол	11	0	3	0.0
1960	Сульфаніламід	475	7	31	14.0
1961	Сульфацетамід	105	0	13	3.0
1962	Сунітиніб	56	0	4	2.0
1963	Суперечка щодо насичених жирів	15	0	4	1.0
1964	СХ614	1	0	1	0.0
1965	Східний енцефаломієліт коней	17	0	4	1.0
1966	Сьома холерна пандемія	39	1	3	1.0
1967	Т-клітинна терапія лейкозу	18	0	3	1.0
1968	Таблетки, що розпадаються в ротовій порожнині	63	0	5	2.0
1969	Таксани	35	0	4	1.0
1970	Таласемія	731	10	39	21.0
1971	Талінолол	23	0	3	1.0
1972	Тамоксифен	382	4	22	11.0
1973	Тамсулозин	145	1	10	4.0
1974	Тегасерод	22	0	3	1.0
1975	Тегафур	10	0	3	0.5
1976	Тедизолід	23	0	3	1.0
1977	Теїксобактин	23	0	5	0.5
1978	Тейкопланін	45	0	5	1.0
1979	Телапревір	9	0	2	0.0
1980	Телбівудин	8	0	3	0.0
1981	Телемедицина	601	0	45	14.5
1982	Телітроміцин	6	0	3	0.0
1983	Телмісартан	89	0	11	2.0
1984	Темозоломід	37	0	5	1.0
1985	Теніази	63	0	7	1.5
1986	Теніаринхоз	437	2	28	13.0
1987	Теніоз	593	8	31	17.0
1988	Теноксикам	68	0	9	2.0
1989	Тенонітрозол	8	0	2	1.0
1990	Тенофовір	151	1	12	5.0
1991	Тенофовір/Емтрицитабін	54	0	5	2.0
1992	Теобальд Сміт	13	0	3	1.0
1993	Тепловий удар	1816	18	102	57.5
1994	Теразозин	37	0	4	1.0
1995	Тератома	843	6	54	25.0
1996	Тербінафін	192	2	11	6.0
1997	Тербуталін	31	0	3	1.0
1998	Теризидон	9	0	4	0.0
1999	Термінальний нерв	33	0	4	1.0
2000	Терфенадин	65	0	6	2.0
2001	Тестостерон	2338	47	107	69.0
2002	Тетраплегія	197	2	15	6.0
2003	Тикагрелор	169	0	18	4.0
2004	Тикарцилін	36	0	5	1.0
2005	Тиклопідин	52	0	10	1.0
2006	Тимолол	71	0	7	2.0
2007	Тинзапарин	12	0	3	0.0
2008	Тинідазол	219	3	13	7.0
2009	Типранавір	6	0	2	0.0
2010	Тиреоглобулін	448	2	27	14.0
2011	Тиреоїдектомія	399	4	22	12.0
2012	Тиреоїдит Хашимото	1809	27	94	53.5
2013	Тиреопероксидаза	286	2	17	8.0
2014	Тиреотропний гормон	2563	22	128	81.5
2015	Тироксин	2345	23	169	60.5
2016	Тиротрицин	210	1	14	6.0
2017	Тиф	960	13	46	30.0
2018	Тіамазол	122	1	10	4.0
2019	Тіамфенікол	19	0	5	0.0
2020	Тіанептин	72	0	7	2.0
2021	Тігециклін	31	0	4	1.0
2022	Тім'яна частка	544	8	33	17.0
2023	Тіогуанін	10	0	2	1.0
2024	Тіопентал натрію	398	2	32	12.0
2025	Тіотриазолін	1155	22	54	35.0
2026	Тіотропію бромід	63	0	8	2.5
2027	Тітов Михайло Борисович	8	0	3	1.0
2028	Тобраміцин	153	0	14	4.0
2029	Токсичний багатовузловий зоб	287	1	17	8.5
2030	Токсокароз	1200	15	73	34.5
2031	Токсоплазмоз	3796	53	187	123.0
2032	Толтеродин	30	0	5	1.0
2033	Томас Сиденгам	10	0	2	0.0
2034	Тонкоголкова аспіраційна пункційна біопсія	205	2	15	6.0
2035	Топотекан	28	0	4	1.0
2036	Тореміфен	35	0	4	1.0
2037	Тоцилізумаб	38	0	4	1.0
2038	Трандолаприл	15	0	3	1.0
2039	Трансмісивний механізм передачі інфекції	860	11	47	27.0
2040	Трансплантат	182	0	16	4.0
2041	Трансплантація	7977	23	614	235.0
2042	Трансплантація печінки	253	1	22	6.0
2043	Трансплантологія	688	2	54	19.0
2044	Трапецієподібний м'яз	312	4	22	8.5
2045	Трастузумаб	198	1	16	6.0
2046	Трахеїт	1350	24	70	41.5
2047	Трахома	390	1	29	11.5
2048	Трематодози	92	0	8	3.0
2049	Третиноїн	90	0	8	2.0
2050	Третій шлуночок	137	1	10	4.0
2051	Третя пандемія чуми	125	0	27	3.0
2052	Третя холерна пандемія	7	0	3	0.0
2053	Триамцинолон	197	1	15	5.0
2054	Трийодтиронін	491	4	32	15.5
2055	Трикутник Пирогова	249	0	22	6.5
2056	Тримебутин	126	0	10	3.5
2057	Тримеперидин	303	2	17	10.0
2058	Триметазидин	258	3	13	8.0
2059	Триметоприм	133	0	11	5.0
2060	Трипаносомози	200	0	18	5.0
2061	Трипторелін	20	0	3	1.0
2062	Трифлузал	26	0	3	1.0
2063	Трихінельоз	986	9	48	30.5
2064	Трихомоноз	4721	53	234	148.5
2065	Трихоцефальоз	798	8	44	24.5
2066	Трициклічні антидепресанти	590	4	30	19.0
2067	Тріада Гатчінсона	147	1	14	4.0
2068	Трійчастий вузол	53	0	8	2.0
2069	Трійчастий нерв	2016	28	104	59.5
2070	Тровафлоксацин	9	0	1	1.0
2071	Тромбоемболія легеневої артерії	2498	43	117	79.5
2072	Тромбоз	1057	10	50	32.0
2073	Тромбоз глибоких вен	696	11	44	22.0
2074	Тромбофлебіт	1633	28	90	52.0
2075	Тромбоцитопенія	1139	15	61	34.5
2076	Тропічна медицина	24	0	3	1.0
2077	Тропічні хвороби	77	0	8	2.0
2078	Троподифен	17	0	6	1.0
2079	Тропонін	719	5	46	22.0
2080	Туберкульоз	15738	144	883	471.5
2081	Туберозний склероз	124	1	10	3.0
2082	Туляремія	2408	27	226	58.5
2083	Тулярин	45	0	6	1.0
2084	Тяжкий гострий респіраторний синдром	264	2	18	9.0
2085	Увеїт	686	5	42	21.0
2086	Ударний об'єм	138	1	11	4.0
2087	Українська військово-медична академія	280	0	23	7.5
2088	Українська спілка психотерапевтів	59	0	8	2.0
2089	Український лепрозорій	162	1	21	4.0
2090	Ундециленова кислота	40	0	6	2.0
2091	Урапідил	112	1	12	2.0
2092	Уремія	1025	14	85	28.0
2093	Уропепсин	12	0	2	1.0
2094	Устекінумаб	37	0	4	1.0
2095	Фавіпіравір	8	0	2	1.0
2096	Фамотидин	145	1	10	4.0
2097	Фамцикловір	57	0	10	2.0
2098	Фарбування гематоксиліном-еозином	126	0	11	3.0
2099	Фарбування за ван Гізоном	38	0	6	1.0
2100	Фарбування за Цілем — Нільсеном	226	0	18	6.0
2101	Фарингіт	4988	97	238	147.5
2102	Фармацевтика	180	1	13	5.0
2103	Фармація	339	3	21	10.0
2104	Фасціольоз	739	8	57	22.0
2105	Фасція (анатомія)	456	4	30	13.5
2106	Фатальне сімейне безсоння	338	1	27	9.0
2107	Фекально-оральний механізм	534	4	34	16.0
2108	Фексофенадин	132	0	9	4.0
2109	Фелодипін	196	1	19	5.0
2110	Фенетилін	116	0	17	3.0
2111	Фенілбутазон	36	0	6	1.0
2112	Феніндіон	19	0	3	1.0
2113	Фенітоїн	155	1	9	5.0
2114	Феноксиметилпеніцилін	40	0	5	1.0
2115	Фенотерол	198	1	16	5.0
2116	Фенспірид	184	1	11	5.5
2117	Фентиконазол	44	0	9	1.0
2118	Фентоламін	425	0	31	13.0
2119	Феохромоцитома	610	9	36	17.0
2120	Фердинанд Штехер	5	0	2	0.0
2121	Фіброгастродуоденоскопія	256	2	22	8.0
2122	Фіброзне кільце	98	0	9	3.0
2123	Філатов Володимир Петрович	764	8	58	21.0
2124	Філграстим	84	0	9	2.0
2125	Філіппо Пачіні	8	0	4	0.0
2126	Філяріїдози	323	1	20	10.0
2127	Фінастерид	185	1	14	5.0
2128	Фінголімод	18	0	4	1.0
2129	Флегмона	1499	18	79	49.0
2130	Флекаїнід	95	1	7	2.0
2131	Флувастатин	22	0	3	1.0
2132	Флувоксамін	46	0	6	1.5
2133	Флударабін	7	0	2	0.0
2134	Флуконазол	1142	23	57	34.0
2135	Флуоксетин	1252	22	60	37.5
2136	Флурбіпрофен	78	0	6	2.0
2137	Флутамід	159	1	14	5.0
2138	Флуцитозин	23	0	3	1.0
2139	Флюоресцентна гібридизація in situ	89	0	9	3.0
2140	Фозиноприл	30	0	5	1.0
2141	Фолікулярна клітина	206	1	15	6.5
2142	Фолікулярний рак щитоподібної залози	135	0	11	4.0
2143	Фондапаринукс	58	0	6	2.0
2144	Формотерол	55	0	6	2.0
2145	Фосампренавір	2	0	1	0.0
2146	Фоскарнет	59	0	9	2.0
2147	Фосфазид	7	0	2	0.0
2148	Фосфоміцин	394	4	25	12.0
2149	Фотемустин	7	0	2	0.0
2150	Фрамбезія	116	1	9	4.0
2151	Фраміцетин	51	0	5	2.0
2152	Франц Бабель де Фронсберґ	3	0	1	0.0
2153	Франц де Пауля Нойгаузер	2	0	1	0.0
2154	Фрідріх Гаас	24	0	4	1.0
2155	Фталилсульфатіазол	65	0	7	2.0
2156	Фтивазид	64	0	6	2.0
2157	Фторлак	19	0	3	1.0
2158	Фторхінолони	969	10	62	28.0
2159	Фузафунгін	82	1	6	2.0
2160	Фузидова кислота	55	0	13	1.0
2161	Фульвестрант	14	0	2	1.0
2162	Фуразидин	148	1	13	4.0
2163	Фуразолідон	668	8	38	19.0
2164	Фурункульоз	2802	51	131	87.0
2165	Хантавірусний легеневий синдром	25	0	5	1.0
2166	Харчові отруєння	2949	30	139	96.5
2167	Хасімото Хакару	4	0	1	0.5
2168	Хвороба «рука-нога-рот»	155	1	16	10.0
2169	Хвороба Альцгеймера	5325	90	260	163.5
2170	Хвороба Андерсен	40	0	12	1.0
2171	Хвороба Боуена	417	4	26	13.0
2172	Хвороба Верльгофа	1482	19	91	45.0
2173	Хвороба Вільсона	878	14	66	24.0
2174	Хвороба Вільяма Александера	171	0	51	3.0
2175	Хвороба Гантінгтона	1040	16	52	33.5
2176	Хвороба Гюнтера	178	1	10	6.0
2177	Хвороба Іценка — Кушинга	1007	10	52	28.5
2178	Хвороба К'ясанурського лісу	21	0	3	1.0
2179	Хвороба котячих подряпин	1437	12	277	31.0
2180	Хвороба Кройцфельда — Якоба	723	7	69	22.0
2181	Хвороба Лайма	13403	274	931	386.0
2182	Хвороба Менкеса	43	0	7	1.0
2183	Хвороба Паркінсона	6041	81	293	198.0
2184	Хвороба Пейроні	102	1	8	3.0
2185	Хвороба Пертеса	590	6	39	18.0
2186	Хвороба Пламмера	4	0	2	0.0
2187	Хвороба Рандю — Ослера	219	1	22	6.0
2188	Хвороба Рейно	1652	18	87	51.5
2189	Хвороба Росаі — Дорфман	15	0	2	1.0
2190	Хвороба Тея — Сакса	502	5	36	16.0
2191	Хвороба Фарбера	51	0	5	2.0
2192	Хвороба Шагаса	485	3	35	13.5
2193	Хвороба Шамберга	71	0	9	2.0
2194	Хвороба, яку спричинює вірус Ебола	1543	19	85	45.5
2195	Хвороба, яку спричинює вірус Зіка	290	1	22	8.0
2196	Хвороба, яку спричинює вірус Марбург	361	3	31	11.5
2197	Хвороби, що передаються статевим шляхом	8143	54	519	233.0
2198	Хвостате ядро	189	1	14	5.0
2199	Хидей Ногучі	15	0	5	1.0
2200	Хілоторакс	132	0	17	3.0
2201	Хілурія	67	0	9	1.5
2202	Хінідин	88	1	8	2.0
2203	Хінолони	122	0	10	4.0
2204	Хірургічна операція	1273	14	65	39.5
2205	Хірургія	607	6	34	19.0
2206	Хіфенадин	31	0	3	1.0
2207	Хламідійна лімфогранульома	405	0	24	12.0
2208	Хламідіоз	4368	55	197	140.5
2209	Хлорамбуцил	19	0	3	1.0
2210	Хлорамфенікол	602	5	36	19.0
2211	Хлордіазепоксид	50	0	6	1.0
2212	Хлоропірамін	328	1	18	11.0
2213	Хлорохін	78	1	7	2.5
2214	Хлорфенамін	133	2	8	4.0
2215	Хлорхінальдол	22	0	3	1.0
2216	Холангіт	530	8	35	16.0
2217	Холера	4195	55	211	136.0
2218	Холерний вібріон	684	8	57	19.0
2219	Холестатичний синдром	1183	18	61	37.0
2220	Холецистектомія	476	3	30	15.0
2221	Хоменко Григорій Гнатович	8	0	1	1.0
2222	Хондрит (хвороба)	22	0	4	1.0
2223	Хоріонічний гонадотропін	1963	18	105	62.0
2224	Хоріосклероз	56	0	5	2.0
2225	Хржонщевський Никанор Адамович	40	0	4	1.0
2226	Хромафінні клітини	19	0	3	1.0
2227	Хронічна ниркова недостатність	1578	17	87	52.0
2228	Хронічний гастрит	1234	13	68	38.5
2229	Хронічний гепатит	875	6	65	25.5
2230	Хронічний лімфолейкоз	373	5	26	11.0
2231	Хронічний мієлоцитарний лейкоз	335	3	23	9.0
2232	Хронічний панкреатит	1554	21	97	47.5
2233	Цві Ларон	1	0	1	0.0
2234	Целекоксиб	451	1	32	11.5
2235	Центральний госпіталь Міністерства внутрішніх справ України	391	3	25	12.5
2236	Центральний госпіталь Служби безпеки України	365	2	20	11.0
2237	Центральний клінічний госпіталь Державної прикордонної служби України	257	1	25	7.0
2238	Ценуроз	47	0	6	1.5
2239	Церивастатин	10	0	3	0.0
2240	Цетиризин	472	8	30	13.5
2241	Цетуксимаб	29	0	3	1.0
2242	Цефадроксил	32	0	4	1.0
2243	Цефазолін	391	1	31	12.0
2244	Цефаклор	24	0	2	1.0
2245	Цефалексин	232	1	20	7.0
2246	Цефалоспорини	1125	19	58	36.0
2247	Цефалотин	37	0	4	1.0
2248	Цефамандол	19	0	3	1.0
2249	Цефепім	250	2	18	8.5
2250	Цефіксим	373	5	19	11.0
2251	Цефоперазон	149	0	13	4.0
2252	Цефотаксим	596	11	29	18.0
2253	Цефпірамід	14	0	2	1.0
2254	Цефпіром	21	0	5	1.0
2255	Цефподоксим	288	2	17	8.5
2256	Цефпрозил	34	0	7	1.0
2257	Цефрадин	33	0	5	1.0
2258	Цефтазидим	175	1	12	5.0
2259	Цефтаролін	38	0	4	1.0
2260	Цефтібутен	12	0	2	1.0
2261	Цефтізоксим	11	0	2	0.0
2262	Цефтобіпрол	36	0	6	1.0
2263	Цефтріаксон	2238	34	108	68.5
2264	Цефуроксим	349	6	21	10.0
2265	Цеце	590	5	38	19.5
2266	Цидофовір	15	0	2	1.0
2267	Цизаприд	95	0	8	3.0
2268	Циклосерин	52	0	4	1.0
2269	Циклоспорин	396	3	34	10.5
2270	Циклофосфамід	109	0	7	3.0
2271	Цилазаприл	8	0	3	0.0
2272	Цилостазол	93	0	10	2.5
2273	Циметидин	94	1	8	3.0
2274	Цинаризин	969	14	48	30.0
2275	Ципрогептадин	118	0	9	3.5
2276	Ципрофлоксацин	1031	14	46	33.5
2277	Цироз печінки	2743	41	134	82.5
2278	Цисплатин	203	2	16	5.0
2279	Цистит	4216	97	176	127.5
2280	Цистицеркоз	747	4	38	23.0
2281	Циталопрам	151	1	9	4.5
2282	Цитарабін	32	0	4	1.0
2283	Цитиколін	417	3	25	12.0
2284	Цитомегаловірус	2069	33	106	69.5
2285	Цитомегаловірусна інфекція	2194	38	112	69.5
2286	Ціп'як бичачий	1676	23	90	51.0
2287	Ціп'як свинячий	1030	2	59	32.0
2288	Ціп'як собачий	154	0	14	5.0
2289	Цукровий діабет	12197	166	623	370.5
2290	Цукровий діабет тип 1	641	9	33	21.5
2291	Цукровий діабет тип 2	3367	57	140	106.5
2292	Цуцугамуші	98	0	32	2.0
2293	Червоне ядро	120	0	10	4.0
2294	Черевний тиф	3315	38	148	110.5
2295	Черепні нерви	3924	53	200	127.5
2296	Черепно-мозкова травма	2795	37	137	98.5
2297	Чернов Василь Єгорович	6	0	2	0.0
2298	Четверта холерна пандемія	7	0	2	0.0
2299	Четвертий шлуночок	234	1	21	6.0
2300	Чікунгунья	61	0	6	2.0
2301	Чоловіча статева система	10022	168	467	299.5
2302	Чорна речовина	180	1	13	5.0
2303	Чорна смерть	2438	37	407	52.0
2304	Чорна Тамара Трохимівна	7	0	4	0.0
2305	Чума	8010	99	512	252.0
2306	Чума Юстиніана	470	3	100	8.5
2307	Чумна паличка	346	3	30	9.5
2308	Шагома	1	0	1	0.0
2309	Шарлотта Кліверлі-Бісман	23	0	4	0.5
2310	Шарль Манту	40	0	6	1.0
2311	Шевчук Віктор Григорович	29	0	6	1.0
2312	Шигелла Бойда	7	0	2	0.5
2313	Шигельоз	1901	13	105	59.5
2314	Шизофренія	8936	159	725	273.5
2315	Шийний відділ хребта	757	12	54	21.0
2316	Шина (медицина)	781	3	55	22.5
2317	Шистосомози	310	3	20	8.5
2318	Шия	348	4	21	10.0
2319	Шкала Франкеля	129	0	29	3.0
2320	Шкурба Андрій Вікторович	33	0	7	1.0
2321	Шлунково-кишкова кровотеча	2058	20	136	60.5
2322	Шлунок	3599	54	221	114.5
2323	Шок (медицина)	3924	27	212	123.5
2324	Шоста холерна пандемія	5	0	1	0.0
2325	Шпательний тест	21	0	4	1.0
2326	Шпиталь	202	1	14	6.0
2327	Щербак Юрій Миколайович	794	6	70	17.5
2328	Щитоподібна залоза	11398	106	750	322.0
2329	Щитоподібний хрящ	108	0	19	2.0
2330	Щитошийний стовбур	31	0	3	1.0
2331	Щока	103	0	7	3.0
2332	Юкстагломерулярний апарат	336	2	38	9.0
2333	Юстинус Кернер	17	0	4	1.0
2334	Яворовський Олександр Петрович	30	0	5	1.0
2335	Ядро Едінгера-Вестфаля	86	0	10	2.0
2336	Ядро лицевого нерва	53	0	6	1.0
2337	Ядро одинокого шляху	60	0	5	2.0
2338	Ядро окорухового нерва	54	0	6	1.0
2339	Язикова артерія	60	0	8	1.0
2340	Язикова вена	11	0	2	1.0
2341	Яйцеклітина	26905	50	2154	559.0
2342	Ящур	658	6	36	19.0
2343	Aedes albopictus	61	0	6	2.0
2344	Anoplura	80	0	9	2.0
2345	ATC код A	40	0	5	1.0
2346	ATC код B	23	0	4	1.0
2347	ATC код C	33	0	4	1.0
2348	ATC код G	18	0	3	1.0
2349	ATC код H	6	0	2	0.0
2350	ATC код J	26	0	7	1.0
2351	ATC код L	6	0	1	0.0
2352	ATC код N	31	0	4	1.0
2353	ATC код P	12	0	2	0.0
2354	ATC код S	14	0	3	0.5
2355	BMJ	52	0	6	2.0
2356	BRCA1	68	0	6	2.0
2357	Chlamydophila psittaci	51	0	6	1.5
2358	Clostridium botulinum	462	1	26	14.5
2359	D-димер	819	5	44	26.5
2360	Déviation conjuguée	25	0	3	1.0
2361	Francisella tularensis	89	0	7	3.0
2362	G-клітина	44	0	6	1.0
2363	H5N1	39	0	5	2.0
2364	Helicobacter pylori	3282	55	156	102.0
2365	HeRAMS	15	0	3	0.0
2366	International Trauma Life Support	16	0	4	1.0
2367	Medscape	38	0	5	1.0
2368	Mycobacterium ulcerans	12	0	6	0.0
2369	OMIM	82	0	7	2.5
2370	Plasmodium falciparum	160	0	21	5.0
2371	Plasmodium knowlesi	21	0	5	1.0
2372	Plasmodium malariae	524	2	44	13.5
2373	Plasmodium ovale	86	0	11	2.0
2374	Plasmodium vivax	204	1	18	5.0
2375	PubMed	334	2	89	7.5
2376	SAMPLE	125	0	14	4.0
2377	Tc-99m-MIBI	22	0	5	1.0
2378	Terminologia Anatomica	10	0	1	1.0
2379	The Lancet	46	0	6	1.0
2380	Torch-інфекції	4033	54	220	135.5
2381	UniProt	31	0	4	1.0
2382	Whonamedit?	5	0	1	0.0
2383	Yersinia enterocolitica	187	1	30	5.0
2384	Yersinia pseudotuberculosis	26	0	3	1.0
2385	ZMapp	11	0	4	0.0
