1	Аврора біла	1011	2	91	27.0
2	Аґапантіїні	4	0	2	0.0
3	Аґапантія	9	0	3	0.0
4	Акантоліда жовтоголова	5	0	1	0.5
5	Акантоліда сланцева	4	0	2	0.0
6	Акарапідоз	37	0	7	1.0
7	Акариформні кліщі	63	0	7	2.0
8	Акарициди	189	1	15	5.5
9	Акарологія	67	0	7	2.0
10	Американський білий метелик	177	0	13	5.0
11	Анадримадуза Ретовського	127	1	12	4.0
12	Анатомія комах	537	5	36	18.0
13	Андрена велика	202	1	16	6.0
14	Андрена золотонога	211	1	26	6.5
15	Андрена ошатна	100	0	9	3.5
16	Андрена степова	112	0	14	3.0
17	Андрена червоноплямиста	69	0	7	3.0
18	Андреніди	34	0	7	1.0
19	Аністиди	8	0	3	0.0
20	Аноплій самарський	246	2	19	8.0
21	Антени (біологія)	67	0	7	2.0
22	Антофора коренаста	86	0	8	2.0
23	Антофора чорновійчаста	67	0	8	2.5
24	Апростема Карпентера	3	0	2	0.0
25	Апростема Пелетьє	2	0	1	0.0
26	Аранеоморфні	35	0	8	1.0
27	Арахнологія	81	0	9	2.0
28	Аргасові кліщі	320	2	26	9.0
29	Арге Беккера	85	0	8	2.0
30	Арге Фрівальдського	9	1	2	1.0
31	Аргіопа тигрова	721	11	44	21.0
32	Артроплевра	76	0	10	2.0
33	Архіметаболія	11	0	2	1.0
34	Архостемати	6	0	2	0.0
35	Аскалаф строкатий	122	0	15	3.0
36	Аскалафові	1	0	1	0.0
37	Афелінус	3	0	1	0.0
38	Африканізована бджола	64	0	8	1.0
39	Бабка перев'язана	776	2	61	21.5
40	Бабки	1193	19	62	37.0
41	Багатозв'яз гірський український	131	0	13	3.0
42	Барвниця грушева	54	0	5	2.0
43	Бджола (геральдика)	20	0	2	1.0
44	Бджола (рід)	253	2	25	6.5
45	Бджола велика	51	0	4	1.0
46	Бджола східна	13	0	2	1.0
47	Бджола-муляр Лефебвра	103	0	15	3.0
48	Бджоли	2780	39	138	88.0
49	Бджолині	84	0	8	3.0
50	Бджоловидка	11	0	2	0.0
51	Бджоловидка звичайна	31	0	5	1.0
52	Бджоловидка лісова	2	0	1	0.0
53	Безвусикові	25	0	4	1.0
54	Бей-Бієнко Григорій Якович	16	0	2	1.0
55	Білан брукв'яний	32	0	3	1.0
56	Білан гірський	14	0	2	1.0
57	Білан жилкуватий	71	0	8	2.0
58	Білан капустяний	634	6	46	18.0
59	Білан ріпаковий	46	0	6	1.0
60	Біланові	48	0	4	1.5
61	Білокрилки	28	0	3	1.0
62	Білюх степовий	14	0	2	1.0
63	Білюшок Дюпоншеля	12	0	3	1.0
64	Білюшок Морзе	9	0	2	0.5
65	Бірміт	6	0	2	0.0
66	Бірроїдні	1	0	1	0.0
67	Блискітники	6	0	1	0.0
68	Блідий луговий метелик	33	0	6	1.0
69	Блідонога садова мурашка	37	0	7	1.0
70	Блішка бурякова звичайна	64	0	5	2.0
71	Блішка бурякова південна	25	0	4	1.0
72	Блішка льонова синя	50	0	5	2.0
73	Блішка смугаста хлібна	44	0	4	2.0
74	Блішки лляні	2	0	1	0.0
75	Блохи	1141	15	67	34.0
76	Богомол звичайний	425	3	26	12.0
77	Богомоли	394	4	24	11.0
78	Богомольчик Гельдрейха	3	0	1	0.0
79	Богомольчик кримський	12	0	2	1.0
80	Боліварія короткокрила	84	0	9	3.0
81	Больбелязм однорогий	121	0	10	3.0
82	Борошнистий червець	25	0	4	1.0
83	Борошнисті червеці	35	0	6	1.0
84	Борошняний кліщ	166	1	13	5.0
85	Бражник дубовий	363	2	36	10.0
86	Бражник карликовий	74	0	7	2.0
87	Бражник Комарова	2	0	1	0.0
88	Бражник Маака	0	0	0	0.0
89	Бражник мертва голова	986	5	65	28.5
90	Бражник олеандровий	75	0	6	2.5
91	Бражник очкастий	60	0	7	2.0
92	Бражник південний молочайний	50	0	11	2.0
93	Бражник підмаренниковий	30	0	15	0.0
94	Бражник прозерпіна	153	0	12	5.5
95	Бражник скабіозовий	104	0	10	2.0
96	Бражник тополевий	33	0	3	1.0
97	Бражник тютюновий	8	0	2	0.0
98	Бражник хорватський	56	0	6	2.0
99	Бражникові	298	2	20	9.0
100	Браконіди	19	0	4	1.0
101	Брахіцерус зморшкуватий	31	0	5	1.0
102	Бренівкові	25	0	5	1.0
103	Бронзівка волохата	572	7	46	15.5
104	Бронзівка гладка	108	0	8	2.0
105	Бронзівка мармурова	79	0	7	2.0
106	Бронзівка особлива	139	0	19	4.0
107	Бронзівки	167	0	12	4.0
108	Бронтоскорпіо	14	0	7	0.0
109	Букарка	78	0	7	3.0
110	Бупрестоїдні	1	0	1	0.0
111	Буравниця борщевична	18	0	2	1.0
112	Ванесса чорно-руда	101	0	17	3.0
113	Ведмедиці	49	0	10	2.0
114	Ведмедиця велика	833	2	59	21.0
115	Ведмедиця Геба	54	0	5	2.0
116	Ведмедиця Гера	85	0	18	2.0
117	Ведмедиця кайя	38	0	5	1.0
118	Ведмедиця-господиня	473	1	33	11.0
119	Велетенський мурашиний лев західний	190	0	22	3.0
120	Великий в'язовий заболонник	46	0	4	2.0
121	Великокрильці	12	0	2	1.0
122	Веслокрилі	43	0	5	1.0
123	Веснянка велика	34	0	5	1.0
124	Веснянки (комахи)	85	0	7	3.0
125	Віллі Хенніг	4	0	2	0.0
126	Вільгельм Фердинанд Еріхсон	3	0	2	0.0
127	Віялокрилі	13	0	2	1.0
128	Вовчок звичайний	1308	20	71	40.0
129	Вогнівка акацієва	19	0	4	1.0
130	Вогнівка інжирна	33	0	4	1.0
131	Вогнівка яблунева	33	0	3	1.0
132	Вогнівки	51	0	6	2.0
133	Вогнівки-трав'янки	6	0	2	0.0
134	Водомірки	479	2	32	13.0
135	Водяні скорпіони	86	1	7	2.0
136	Волохокрилець звичайний	28	0	9	1.0
137	Волохокрильці	212	1	24	5.5
138	Воші	1876	35	82	62.0
139	Всеїдні жуки	22	0	3	1.0
140	Вузьконадкрил	0	0	0	0.0
141	Вузьконадкрил рудий	4	0	1	0.0
142	Вусач дубовий	63	0	7	2.0
143	Вусач дубовий великий західний	304	1	27	7.5
144	Вусач дубовий малий	79	0	6	2.0
145	Вусач земляний Мокржецького	45	0	8	1.5
146	Вусач ліщиновий	59	0	8	2.0
147	Вусач пахучий	8	0	2	0.0
148	Вусач пахучий мускусний	86	0	6	3.0
149	Вусач сірий кленовий	52	1	6	2.0
150	Вусач-великозуб оленерогий	4	0	2	0.0
151	Вусач-коренеїд	8	0	2	1.0
152	Вусач-коренеїд елегантний	35	0	5	1.5
153	Вусач-коренеїд кримський	1	0	1	0.0
154	Вусач-коренеїд хрестоносець	76	0	9	2.0
155	Вусач-пурпуронадкрил Келера	18	0	3	1.0
156	Вусач-стенокор дубовий	4	0	1	0.5
157	Вусач-титан	4	0	2	0.0
158	Вусач-титан велетенський	37	0	8	1.0
159	Вусач-товстун	4	0	1	0.0
160	Вусач-товстун вербовий	45	0	7	1.0
161	Вусачик-акмеопс	0	0	0	0.0
162	Вусачик-акмеопс семикрапковий	23	0	4	1.0
163	Вусачі	506	6	29	16.0
164	Вусачі Українських Карпат	103	0	10	3.0
165	Вуховертка звичайна	157	1	12	4.0
166	Вуховертки	56	0	8	2.0
167	Гал (біологія)	115	1	9	4.0
168	Галеруцини	11	0	6	0.0
169	Галиці	34	0	6	1.0
170	Галиця виноградна	19	0	3	1.0
171	Галиця вічкова	20	0	3	1.0
172	Галиця пагонова смородинова	15	0	3	1.0
173	Галиця плодова грушева	16	0	3	1.0
174	Гармонія азійська	159	1	13	4.0
175	Гарячка паппатачі	129	0	11	3.5
176	Гемолімфа	275	4	17	7.0
177	Гемоціанін	123	0	8	3.5
178	Гігантський азійський шершень	296	2	21	8.5
179	Гілл-топпінг	11	0	2	1.0
180	Гіляров Меркурій Сергійович	37	0	8	1.0
181	Гіперметаморфоз	11	0	3	0.0
182	Гірняк Евриала	12	0	3	0.0
183	Гірняк полонинець	13	0	4	1.0
184	Гірняк Проноя	9	0	2	0.5
185	Гірняк темнорудий	13	0	3	1.0
186	Гниди	295	3	25	9.0
187	Гнойовик звичайний	265	1	22	8.0
188	Гнус	467	5	25	14.0
189	Голова комах	70	0	8	1.0
190	Головогруди	29	0	3	1.0
191	Головотрубка	4	0	1	0.0
192	Головчак Актеон	7	0	2	0.0
193	Головчак Андромеда	6	0	2	0.0
194	Головчак великий рожаний	26	0	19	0.0
195	Головчак гратчастий	5	0	2	0.0
196	Головчак жилкуватий	8	0	1	1.0
197	Головчак карчоховий	5	0	1	0.0
198	Головчак кома	9	0	3	0.0
199	Головчак крокісовий	6	0	1	1.0
200	Головчак кружало	5	0	1	0.0
201	Головчак лісовий	8	0	2	1.0
202	Головчак мальвовий	17	0	3	1.0
203	Головчак мозаїчний	6	0	2	0.0
204	Головчак Морфей	8	0	2	0.5
205	Головчак Палемон	12	0	4	0.0
206	Головчак поцяткований	17	0	3	1.0
207	Головчак Прото	9	0	2	0.5
208	Головчак серпійний	6	0	2	0.0
209	Головчак сида	6	0	2	0.0
210	Головчак строкатий	8	0	3	0.0
211	Головчак східний	26	0	10	1.0
212	Головчак Таґес	11	0	2	1.0
213	Головчак тире	7	0	2	0.0
214	Головчак французький	6	0	2	1.0
215	Головчак чистецевий	8	0	3	0.0
216	Головчак-лісовик	6	0	3	0.0
217	Головчаки	10	0	3	0.0
218	Голометабола	18	0	3	0.5
219	Горохова попелиця	38	0	5	1.0
220	Гохгут Йоганн Хайнріх	14	0	3	0.0
221	Гребенников Віктор Степанович	19	0	5	1.0
222	Грибоподібні тіла	10	0	2	0.0
223	Грилоблатиди	4	0	1	0.0
224	Груди комах	58	0	10	1.0
225	Губоногі	85	0	9	2.0
226	Гусениця	433	6	25	13.0
227	Густав Майр	24	0	22	0.5
228	Ґедзі	1064	14	71	31.0
229	Ґедзь бичачий	98	0	12	2.0
230	Давньокрилі	19	0	6	1.0
231	Данаєць Хрисипп	21	0	4	1.0
232	Данилевський Олександр Сергійович	24	0	6	1.0
233	Двокрилі	639	6	33	21.0
234	Двопарноногі багатоніжки	71	0	6	2.0
235	Двопорі	8	0	3	0.0
236	Дендрометріни	2	0	2	0.0
237	Деревинник дубовий	41	0	3	1.0
238	Деревний богомол закавказький	11	0	2	1.0
239	Джміль	1727	26	78	56.5
240	Джміль альпійський	5	0	1	0.0
241	Джміль золотисто-підперезаний	6	0	2	0.0
242	Джміль мінливий	9	0	2	0.0
243	Джміль полярний	7	0	2	0.0
244	Джон Обадія Вествуд	25	0	11	0.0
245	Джордж Генрі Горн	1	0	1	0.0
246	Дзвінцеві	25	0	4	1.0
247	Дзюрчалки	110	1	12	3.0
248	Дибка степова	268	1	23	7.0
249	Династес	6	0	2	0.0
250	Династес Мая	2	0	1	0.0
251	Династес титис	2	0	1	0.0
252	Дихальце	32	0	8	1.0
253	Діапауза	84	0	12	2.0
254	Діаприїди	6	0	2	0.0
255	Довговус	7	0	3	0.0
256	Довговусі	24	0	7	1.0
257	Довговусі прямокрилі	15	0	3	1.0
258	Довговуска білоплямиста	12	0	3	0.5
259	Довгоніжка шкідлива	55	0	4	2.0
260	Довгоносик бульбочковий сірий щетинистий	46	0	4	2.0
261	Довгоносик бульбочковий смугастий	55	0	8	2.0
262	Довгоносик буряковий звичайний	292	3	21	8.5
263	Довгоносик візерунковий	26	0	4	1.0
264	Довгоносик грушевий листковий	36	0	3	1.0
265	Довгоносик двокільовий	36	0	4	1.0
266	Довгоносик землистий	44	0	4	1.5
267	Довгоносик комірний	318	3	26	9.0
268	Довгоносик ліщиновий	77	0	6	2.0
269	Довгоносик малиново-суничний	77	1	7	2.0
270	Довгоносик рисовий	52	0	4	1.0
271	Довгоносик сірий бруньковий	53	0	4	2.0
272	Довгоносик сірий буряковий	82	0	8	3.0
273	Довгоносик стебловий	32	0	3	1.0
274	Довгоносики	431	5	26	13.0
275	Довгоносикоподібні	45	0	5	2.0
276	Дозорець-імператор	239	1	21	7.0
277	Домашній чорний павук	298	2	15	9.0
278	Дріофториди	5	0	2	0.0
279	Дрозофіла чорночерева	86	0	7	2.5
280	Дрозофіли	470	4	37	15.0
281	Дукачик блакитнуватий	16	0	4	1.0
282	Дукачик бурий	20	0	4	1.0
283	Дукачик ватрак	16	0	6	0.0
284	Дукачик обочень	11	0	2	1.0
285	Дукачик Терсамон	13	0	3	0.5
286	Дукачик фіялковий	8	0	2	0.0
287	Дядечко Микола Платонович	17	0	2	1.0
288	Евцера вірменська	8	0	2	0.0
289	Евцера далматська	7	0	2	0.0
290	Ейлія іржава	12	0	3	1.0
291	Екдізон	5	0	1	0.0
292	Екологія комах	235	1	21	7.0
293	Елія гостроголова	30	0	6	1.0
294	Ембії	8	0	2	0.0
295	Емпуза	20	0	7	1.0
296	Емпуза піщана	80	1	8	3.0
297	Емпуза смугаста	126	0	13	3.0
298	Емпузові	3	0	1	0.0
299	Ентомологічна зброя	29	0	3	1.0
300	Ентомологічний сачок	24	0	4	1.0
301	Ентомологія	457	5	29	14.0
302	Ентомохорія	11	0	4	0.0
303	Ентоцид (Метаризин)	148	1	9	4.5
304	Ернст Людвиг Ташенберг	1	0	1	0.0
305	Євген Йоганн Крістоф Еспер	2	0	1	0.0
306	Жалібниця	66	0	7	2.0
307	Жало (тварин)	148	0	11	4.0
308	Жан Анрі Фабр	13	0	3	0.0
309	Жан Гійом Авдінет-Сервіль	8	0	5	0.0
310	Жирове тіло	111	0	11	3.0
311	Життєвий цикл комах	2371	15	229	54.5
312	Жовтюх	12	0	4	0.0
313	Жовтюх альфакарець	14	0	2	1.0
314	Жовтюх помаранчик	24	0	4	1.0
315	Жовтюх шапранець	12	0	2	1.0
316	Жужелиця дама	48	0	7	1.0
317	Жужелиця Шеврола	15	0	2	1.0
318	Жук малиновий	75	0	5	3.0
319	Жук музейний	43	0	4	1.0
320	Жук хлібний	127	1	16	3.0
321	Жук-Геркулес	70	0	8	2.0
322	Жук-носоріг європейський	888	7	74	19.0
323	Жук-олень	3953	46	204	116.5
324	Жук-самітник	202	0	21	5.0
325	Жуки-бомбардири	51	0	5	1.0
326	Жуки-гнойовики	755	2	67	22.5
327	Жуки-точильники	222	2	13	6.0
328	Жуки-хижаки	48	0	6	1.0
329	Заболонник	10	0	3	1.0
330	Заболонник грабовий	27	0	3	1.0
331	Західна бурякова муха	31	0	3	1.0
332	Західний квітковий трипс	41	0	7	1.0
333	Зелена цитрусова попелиця	3	0	2	0.0
334	Зеленоочка	13	0	3	1.0
335	Земледухи	1015	14	76	30.5
336	Зернова міль	53	0	7	1.0
337	Зерноїд гороховий	62	0	6	2.0
338	Златка блискуча	84	0	15	2.0
339	Златка бронзова дубова	45	0	5	1.0
340	Златка смородинова вузькотіла	41	0	3	2.0
341	Златка чорна	56	0	4	2.0
342	Златки	61	0	5	2.0
343	Знойко Дмитро Васильович	8	0	1	0.0
344	Золотогуз	53	0	5	1.0
345	Золотоочки	108	0	14	3.0
346	Зораптери	13	0	6	0.0
347	Зоряниця Аврора	44	0	7	1.0
348	Зубарик стегнуватий	20	0	3	1.0
349	Зубарик чорнолапий	49	0	5	1.5
350	Іксодові кліщі	1280	23	59	39.0
351	Імаго	656	6	50	17.0
352	Інсектициди	1569	18	93	48.0
353	Ірис плямистий	219	0	21	6.0
354	Історія диптерології	10	0	2	0.0
355	Їздці	147	1	12	4.5
356	Їздці-іхневмоніди	38	0	6	1.0
357	Йоганн Зігфрід Хуфнагель	1	0	1	0.0
358	Йоганн Ігнац Шіффермюллер	1	0	1	0.0
359	Йоганн Карл Вільгельм Іллігер	4	0	1	0.0
360	Йоганн Каспар Фюсслі	2	0	1	0.0
361	Йоганн Фрідріх Вільгельм Гербст	2	0	1	0.0
362	Казарка (комаха)	79	0	7	2.0
363	Каліфориди	78	0	7	2.5
364	Каптурники	10	0	2	0.0
365	Карадрина	30	0	3	1.0
366	Каракурт	1841	34	86	57.5
367	Карл Пенеке	13	0	2	1.0
368	Касти комах	23	0	3	1.0
369	Катаптерикс кримський	15	0	3	1.0
370	Квіткоїд грушевий	44	0	6	1.0
371	Квіткоїд ріпаковий	48	0	5	1.5
372	Квіткоїд яблуневий	95	0	7	3.0
373	Кененії	16	0	2	1.0
374	Кератофаги	7	0	2	0.0
375	Кержнер Ізяслав Мойсейович	3	0	1	0.0
376	Кириченко Олександр Миколайович	7	0	1	0.0
377	Ківсяки	122	0	23	3.5
378	Кістянки	47	0	4	1.0
379	Кліщ собачий	534	5	37	17.0
380	Кліщі	3085	69	138	95.5
381	Клоп грушевий	16	0	3	1.0
382	Клоп маврський	19	0	4	1.0
383	Клоп шкідлива черепашка	162	0	12	5.0
384	Клоп щавлевий	28	0	3	1.0
385	Клоп-арлекін	8	0	2	0.0
386	Клопи	1020	19	46	30.5
387	Книжковий скорпіон	55	0	8	1.0
388	Кобилка (Прямокрилі)	17	0	2	1.0
389	Кобилка хрестова	13	0	3	1.0
390	Ковалик смугастий	78	0	8	2.0
391	Ковалики	313	3	21	9.0
392	Коконопряди	11	0	3	1.0
393	Коконопрядоподібні	1	0	1	0.0
394	Колемболи	106	0	8	3.0
395	Колорадський жук	1397	22	63	43.5
396	Кольпа Клюге	3	0	1	0.0
397	Комар блискучий	6	0	2	1.0
398	Комар звичайний	666	8	41	18.5
399	Комарик черенковий	11	0	2	1.0
400	Комарі	2765	38	208	68.5
401	Комахи	5572	74	284	169.5
402	Комахи в культурі	152	0	17	4.5
403	Комахозапилення	491	3	31	14.0
404	Коник блакитнокрилий	19	0	6	1.0
405	Коник зелений	870	7	68	25.0
406	Кордулегастер кільчастий	28	0	4	1.0
407	Коренегриз звичайний	35	0	4	1.0
408	Коретра	14	0	2	1.0
409	Корнєєв Валерій Олексійович	89	0	9	2.0
410	Короїд	281	2	19	8.0
411	Короїд зморшкуватий	58	1	6	2.0
412	Короїд непарний багатоїдний	55	0	6	2.0
413	Короїд непарний західний	65	1	5	2.0
414	Короїди	127	0	15	3.5
415	Коромисла	34	0	3	1.0
416	Коромисло (рід)	30	0	3	1.0
417	Коротковусі двокрилі	20	0	4	1.0
418	Коротковусі прямокрилі	26	0	8	1.0
419	Кортодера волохата	3	0	2	0.0
420	Коршунов Юрій Петрович	3	0	1	0.0
421	Косарики (ентомологія)	181	2	17	5.0
422	Косатцеві	60	0	7	2.0
423	Косатці	6	0	2	0.0
424	Косатцюваті	14	0	3	0.0
425	Костянтин Гормузакі	10	0	3	0.0
426	Краброніди	10	0	2	1.0
427	Кравчик-головач	198	2	12	6.0
428	Красновуска Маккара	9	0	3	1.0
429	Красотіл пахучий	177	0	22	4.0
430	Красуня блискуча кримська	50	0	8	2.0
431	Красуня діва	244	0	23	7.0
432	Крила комах	297	2	20	9.0
433	Крилаті комахи	57	0	10	1.5
434	Круглошовні мухи	12	0	5	0.0
435	Круліковський Леонід Костянтинович	15	0	7	0.0
436	Крупноголови	1	0	1	0.0
437	Ксєнжопольський Антон Владиславович	17	0	6	1.0
438	Ксилокопа	111	1	8	2.0
439	Ксилокопа звичайна	776	4	117	21.0
440	Ксилокопа райдужна	65	0	9	2.5
441	Ксилокопа фіолетова	330	2	23	9.0
442	Ктир велетенський	45	0	4	1.0
443	Ктир шершенеподібний	56	0	9	2.0
444	Кубіталія чорна	34	0	5	1.0
445	Кукуїформні	6	0	2	0.0
446	Кукуйоїдні	7	0	4	0.0
447	Кутикула безхребетних	111	0	12	3.0
448	Левкоринія білолоба	34	0	6	1.0
449	Легіт березовий	11	0	2	0.5
450	Легіт дубовий	8	0	2	0.0
451	Лептура	2	0	1	0.0
452	Лептура етіопка	0	0	0	0.0
453	Лептура золотиста	24	0	3	1.0
454	Лептура кривонога	1	0	1	0.0
455	Лептура червоноспинкова	0	0	0	0.0
456	Лептура чотирисмуга	0	0	0	0.0
457	Лептурини	10	0	3	0.0
458	Листоблішка грушева	41	0	4	2.0
459	Листоблішка зонтична	12	0	2	1.0
460	Листоблішка яблунева	19	0	4	1.0
461	Листоблішки	6	0	2	0.0
462	Листоїд в'язовий	71	0	6	2.0
463	Листоїд рудий	4	0	1	1.0
464	Листоїд фіолетовий вільховий	37	0	4	1.0
465	Листоїди	237	0	17	5.0
466	Листокрутка брунькова	45	0	5	1.5
467	Листокрутка вербова кривовуса	12	0	2	1.0
468	Листокрутка виноградна	23	0	4	1.0
469	Листокрутка вишнева	23	0	3	1.0
470	Листокрутка кривовуса ліщинова	12	0	3	1.0
471	Листокрутка кривовуса смородинова	12	0	3	1.0
472	Листокрутка полохлива	15	0	3	1.0
473	Листокрутка різноколірна плодова	16	0	2	1.0
474	Листокрутка розанова	25	0	3	1.0
475	Листокрутка свинцевосмугаста	4	0	1	0.0
476	Листокрутка сітчаста	17	0	2	1.0
477	Листокрутка строкато-золотиста	11	0	3	1.0
478	Листокрутка сунична	8	0	2	0.0
479	Лівшиц Іссахар Зельманович	23	0	3	1.0
480	Ліксус катрановий	19	0	3	1.0
481	Лук'янович Федір Костянтинович	4	0	1	0.0
482	Лунка срібляста	19	0	4	1.0
483	Луски	236	1	14	7.0
484	Лускокрилі	1610	25	87	47.0
485	Лусочниця звичайна	146	1	11	4.0
486	Людвіг Гангльбауер	6	0	4	0.0
487	Людовико ді Капоріакко	1	0	1	0.0
488	Лялечка	321	1	20	9.0
489	Ляміїні	7	0	1	0.0
490	М'якотілки	104	0	10	3.0
491	Макрофія тевтонська	1	0	1	0.0
492	Максили	45	0	9	1.0
493	Мальпігієві судини	195	1	36	4.5
494	Малярійні комарі	383	2	30	10.5
495	Мандибули	104	0	9	3.0
496	Мантиспові	6	0	2	0.0
497	Мариковський Павло Іустинович	18	0	2	1.0
498	Маріо Бецці	1	0	1	0.0
499	Матка (бджільництво)	487	6	25	15.0
500	Махаон (комаха)	2352	11	179	72.5
501	Мацумура Шенен	2	0	1	0.0
502	Мегалара гаруда	8	0	2	1.0
503	Мегахілиди	8	0	2	0.0
504	Мей Беренбаум	0	0	0	0.0
505	Мереживниця Галатея	22	0	3	1.0
506	Мертвоїди	58	0	11	2.0
507	Метелівкові	39	0	4	2.0
508	Міксофаги	5	0	1	0.5
509	Міль бурякова мінуюча	22	0	3	1.0
510	Міль довговуса зелена	8	0	3	1.0
511	Міль зонтична	25	0	4	1.0
512	Міль капустяна	71	0	8	2.0
513	Міль листкова	15	0	3	1.0
514	Міль плодова	40	0	4	1.5
515	Міль серпокрила персикова	12	0	2	0.5
516	Міль цибулева	15	0	4	1.0
517	Міль яблунева	64	0	6	2.0
518	Мінери	30	0	3	1.0
519	Мінливець великий	80	0	14	2.0
520	Мінливець Метис	18	0	5	1.0
521	Мокреці	112	0	8	3.0
522	Мокржецький Сигізмунд Олександрович	30	0	4	1.0
523	Молі довговусі	17	0	10	0.0
524	Молі-строкатки	17	0	4	1.0
525	Мольорх малий	0	0	0	0.0
526	Монарх (метелик)	429	2	26	12.5
527	Морімус	2	0	1	0.0
528	Морімус блакитний	33	0	5	1.0
529	Морімус справжній	23	0	3	1.0
530	Морфо	63	0	9	1.0
531	Москіт	145	0	13	4.0
532	Москіти	177	0	14	5.0
533	Мотиль	197	1	16	6.0
534	Мурахи	3151	56	150	95.5
535	Мурашиний лев звичайний	100	0	8	3.0
536	Мурашині леви	65	0	5	2.0
537	Муха вишнева	73	0	8	2.0
538	Муха гессенська	80	0	7	3.0
539	Муха капустяна весняна	75	0	6	2.0
540	Муха кімнатна	1382	17	187	37.0
541	Муха морквяна	35	0	5	1.0
542	Мухи	732	10	45	21.5
543	Мухи-стрічкокрилки	10	0	2	0.0
544	Мухоловка звичайна	783	17	39	24.0
545	Надкрила	70	0	8	2.0
546	Наличник (біологія)	11	0	3	0.0
547	Настінні павуки-краби	9	0	3	0.0
548	Непарний шовкопряд	92	0	8	3.0
549	Неуротома фауста	2	0	1	0.0
550	Нівелія кров'янистонадкрила	20	0	2	1.0
551	Німфа (біологія)	196	1	15	5.0
552	Новокрилі	62	0	8	1.0
553	Ноги комах	319	3	15	10.0
554	Ноліди	2	0	1	0.0
555	Носачка-листовидка	53	0	8	1.0
556	Носачки	6	0	2	0.0
557	Нотум	17	0	3	1.0
558	Образцов Микола Сергійович	6	0	2	0.0
559	Оводи	643	10	80	18.5
560	Оглоблін Дмитро Олексійович	4	0	1	0.0
561	Оглоблін Олександр Олексійович	6	0	2	0.0
562	Одноденки	213	2	18	5.0
563	Однопорі	6	0	2	0.0
564	Оксамитниця аретуса	13	0	3	1.0
565	Оксамитниця Тарпея	7	0	2	0.5
566	Оксамитниця Ютта	10	0	2	1.0
567	Онтофаг	9	0	3	0.0
568	Опариш	326	4	27	9.0
569	Опістосома	16	0	3	1.0
570	Опостегіди	2	0	1	0.0
571	Орусус паразитичний	22	0	3	1.0
572	Орхідейний богомол	19	0	3	1.0
573	Оса	1254	22	69	38.0
574	Осадець білозір	10	0	1	1.0
575	Осадець великий	22	0	5	1.0
576	Осадець Егерія	18	0	3	1.0
577	Осадець Мегера	13	0	3	1.0
578	Осмія руда	85	0	11	2.0
579	Очняк жовтогарячий	14	0	3	1.0
580	Очняк квітковий	15	0	2	1.0
581	Очняк ферульний	9	0	3	0.5
582	П'явиця синя	45	0	5	1.5
583	П'ядун аґрусовий	25	0	4	1.0
584	П'ядун березовий	52	0	5	1.0
585	П'ядун зимовий	32	0	6	1.0
586	П'ядун обведений	7	0	3	0.0
587	П'ядун щавлевий	3	0	1	0.0
588	П'ядуни	42	0	5	1.0
589	Павук жовтий	546	8	33	17.0
590	Павук-краб	26	0	4	1.0
591	Павук-сріблянка	495	9	27	15.5
592	Павук-хрестовик	1383	24	61	41.5
593	Павуки	2328	44	119	68.5
594	Павуки роду Argiope	2	0	1	0.0
595	Павуки-краби	71	0	8	2.0
596	Павуки-тенетники	43	0	6	1.0
597	Павукоподібні	1671	20	90	52.0
598	Павутинні кліщі	96	0	8	3.0
599	Панцирні кліщі	36	0	3	1.0
600	Паперові оси	101	0	9	4.0
601	Паразитоформні кліщі	77	0	5	2.0
602	Пауроподи	29	0	3	1.0
603	Пахіта	1	0	1	0.0
604	Пахіта смугаста	0	0	0	0.0
605	Пахіта чотириплямиста	1	0	1	0.0
606	Пацюкова блоха	62	0	6	2.0
607	Педикульоз	1581	25	82	48.5
608	Пелекоцера широколоба	2	0	1	0.0
609	Первиннобезкрилі комахи	98	0	15	3.0
610	Передньоспинка	6	0	2	0.0
611	Перетинчастокрилі	463	4	26	14.0
612	Періодичні цикади	89	0	13	2.0
613	Перламутрівка ніоба	62	0	7	1.5
614	Перлівець Геката	5	0	1	0.0
615	Перлівець Дафна	9	0	2	0.0
616	Перлівець Евномія	5	0	3	0.0
617	Перлівець Єфросина	9	0	2	0.0
618	Перлівець Іно	11	0	3	0.0
619	Перлівець малий	17	0	5	1.0
620	Перлівець північний	9	0	2	1.0
621	Перлівець Селена	5	0	2	0.0
622	Перлівець Титанія	8	0	3	0.0
623	Петрункевич Олександр Іванович	14	0	3	1.0
624	Печерний коник кавказький	0	0	0	0.0
625	Пилкоротиця південна	4	0	1	0.5
626	Пилкохвіст	1	0	1	0.0
627	Пилкохвіст український	38	0	4	1.0
628	Пилові кліщі	373	5	21	11.5
629	Пильщик березовий	24	0	5	1.0
630	Пильщики	138	0	10	4.0
631	Північна бурякова муха	20	0	3	1.0
632	Піґулочники	2	0	1	0.0
633	Підсрібник габовий	7	0	3	0.0
634	Підсрібник Лаодіка	8	0	2	1.0
635	Підсрібник Латонія	12	0	3	1.0
636	Підсрібник Пандора	8	0	3	0.0
637	Плавунець облямований	133	1	13	4.0
638	Плавунець широкий	37	0	4	1.0
639	Плавунцеві	265	1	19	7.0
640	Плавунці	26	0	3	1.0
641	Пластинчастовусі	150	0	9	5.0
642	Платтяна воша	308	3	29	8.0
643	Плішивий шершень	120	1	13	3.0
644	Плодожерка яблунева	206	1	14	6.0
645	Плоский червоний кліщ	44	0	5	1.0
646	Плоскотілка червона	20	0	3	1.0
647	Плоскотілки	9	0	1	0.5
648	Політ комах	81	0	8	2.0
649	Пономаренко Олександр Георгійович	3	0	1	0.0
650	Попелиці	1340	20	73	39.0
651	Попелиця баштанна	54	0	5	2.0
652	Порчинський Йосип Алоїзович	7	0	2	1.0
653	Постільний клоп	1163	22	57	35.0
654	Примарові	117	0	16	3.0
655	Прихованохоботник стебловий капустяний	42	0	3	1.0
656	Прихованощелепні	22	0	5	1.0
657	Прочанок Арканія	9	0	3	0.0
658	Прочанок Глікеріон	9	0	3	0.0
659	Прочанок Едип	4	0	2	0.0
660	Прочанок Леандр	10	0	3	1.0
661	Прочанок памфіл	18	0	4	1.0
662	Прус італійський	35	0	6	1.0
663	Прусак	74	0	6	3.0
664	Прусак рудий	263	2	21	7.5
665	Прямокрилі	317	3	21	10.0
666	Псарус черевастий	7	0	1	0.0
667	Псевдоскорпіони	191	0	63	3.0
668	Псевдофаенопс Якобсона	0	0	0	0.0
669	Псевдощитівки	13	0	2	1.0
670	Птахокрилка королеви Олександри	10	0	2	0.0
671	Птеростих	7	0	3	0.0
672	Пухоїди	64	0	9	2.0
673	Ранатра звичайна	32	0	5	1.0
674	Рафідофоріди	13	0	2	1.0
675	Рицинулеї	5	0	2	0.0
676	Рівнокрилі	136	0	11	3.0
677	Рівнокрилі бабки	69	0	7	2.0
678	Різнокрилі	41	0	4	2.0
679	Рогач малий	131	0	22	3.0
680	Рогачі	115	0	17	3.0
681	Рогохвіст-авгур	43	0	8	2.0
682	Рогохвости	21	0	5	1.0
683	Родендорф Борис Борисович	23	0	21	1.0
684	Ротовий апарат комах	608	2	42	18.0
685	Руднєв Дмитро Федорович	1	0	1	0.0
686	Рябець Аврелія	18	0	3	1.0
687	Рябець Авринія	34	0	20	1.0
688	Рябець Аталія	25	0	19	0.0
689	Рябець Бритомартида	11	0	7	0.0
690	Рябець великий	12	0	3	1.0
691	Рябець діаміна	3	0	1	0.0
692	Рябець звичайний	12	0	2	1.0
693	Рябець рудий	20	0	4	1.0
694	Сарана	603	4	39	18.0
695	Сарана марокська	17	0	3	0.0
696	Сарана перелітна	255	0	22	7.0
697	Саранові	29	0	3	1.0
698	Сатир боровий південний	7	0	1	1.0
699	Сатир Брісеїда	13	0	2	1.0
700	Сатир буковий	7	0	1	0.0
701	Сатир Герміона	5	0	1	0.0
702	Сатир Персефона	18	18	18	18.0
703	Сатир Цирцея	6	0	1	0.0
704	Сатурнієві	19	0	5	1.0
705	Сатурнія (метелик)	31	0	4	1.0
706	Сатурнія велика	361	1	24	10.5
707	Світлякові	176	1	11	5.0
708	Сидячечеревні	23	0	3	1.0
709	Сизириди	1	0	1	0.0
710	Симфіли	34	0	7	1.0
711	Синдром руйнування колоній	70	0	7	2.0
712	Синявець Алькон	9	0	2	0.0
713	Синявець Альцет	6	0	2	0.0
714	Синявець Антерос	8	0	1	1.0
715	Синявець Аргирогномон	9	0	3	0.0
716	Синявець Аргіад	7	0	2	1.0
717	Синявець Аргус	5	0	1	0.0
718	Синявець Аріон	9	0	3	0.5
719	Синявець Вікрама	3	0	2	0.0
720	Синявець голуб'як	6	0	3	0.0
721	Синявець гороховий	8	0	2	0.0
722	Синявець Дамон	11	0	2	1.0
723	Синявець Дамоне	3	0	1	0.0
724	Синявець евмедон	2	0	1	0.0
725	Синявець Ідас	4	0	1	0.0
726	Синявець Ікар	63	0	10	1.5
727	Синявець карликовий	4	0	1	0.0
728	Синявець конюшиновий	6	0	2	0.0
729	Синявець Коридон	3	0	1	0.0
730	Синявець кримський	1	0	1	0.0
731	Синявець крушиновий	12	0	2	0.5
732	Синявець Мелеагр	8	0	2	0.0
733	Синявець Озиріс	3	0	1	0.0
734	Синявець Оріон	1	0	1	0.0
735	Синявець Піритой	4	0	1	0.5
736	Синявець приязний	6	0	2	0.0
737	Синявець Рипарта	4	0	2	0.0
738	Синявець Телей	2	0	1	0.0
739	Синявець Терсит	4	0	1	0.0
740	Синявець торфовищний	5	0	2	0.0
741	Синявець туркусовий	10	0	3	0.0
742	Синявець хазарський	2	0	1	0.0
743	Синявець чорнуватий	4	0	2	0.0
744	Синявцеві	73	0	6	2.0
745	Система Комстока-Нідема	1	0	1	0.0
746	Систематичний перелік родин жуків світу	35	0	4	1.0
747	Сінниця Геро	41	0	6	3.0
748	Сіноїди	27	0	3	1.0
749	Сітчастокрилі	92	0	7	2.0
750	Скарабей	67	0	6	2.0
751	Скарабей священний	611	9	40	18.0
752	Сколія-гігант	737	1	136	10.0
753	Сколопендра	738	11	41	21.0
754	Сколопендра гігантська	101	0	12	3.0
755	Сколопендра кільчаста	36	0	6	2.0
756	Сколопендра товста	8	0	2	1.0
757	Скорпіон кримський	242	1	18	6.0
758	Скорпіони	1014	12	59	30.5
759	Скорпіонові мухи	44	0	6	1.0
760	Слимакоїд кримський	154	0	16	4.0
761	Сліпняк буряковий	19	0	5	1.0
762	Сліпняк люцерновий	48	0	19	1.0
763	Слоник люцерновий	36	0	4	1.5
764	Совинський Вадим Васильович	2	0	1	0.0
765	Совка Агриппіна	15	0	3	1.0
766	Совка капустяна	44	0	4	1.5
767	Совка озима	118	1	10	3.0
768	Совка пірамідальна	20	0	3	1.0
769	Совка соснова	32	0	4	1.0
770	Совка-гамма	77	0	9	2.5
771	Совки	183	1	17	5.0
772	Совки-п'ядуни	5	0	1	0.0
773	Сольпуга звичайна	103	0	8	3.0
774	Сольпуги	183	2	12	6.0
775	Соміти	60	0	10	1.0
776	Сонечка	1902	35	102	55.5
777	Сонечко двокрапкове	150	1	14	4.0
778	Сонечко семикрапкове	553	7	32	16.0
779	Сонцевик адмірал	147	1	13	4.0
780	Сонцевик будяковий	753	1	104	16.5
781	Сонцевик кропив'яний	259	0	39	7.0
782	Сонцевик павиче око	381	3	34	10.5
783	Сонцевик фау-біле	40	0	4	1.0
784	Сонцевики	264	1	38	7.0
785	Сонцевичок змінний	27	0	3	1.0
786	Список аністид України	10	0	3	1.0
787	Список бабок Польщі	4	0	1	0.0
788	Список бабок Росії	1	0	1	0.0
789	Список бабок України	91	0	7	3.0
790	Список богомолів Алжиру	4	0	1	0.0
791	Список богомолів В'єтнаму	5	0	1	0.0
792	Список богомолів Європи	8	0	2	0.0
793	Список богомолів Непалу	2	0	1	0.0
794	Список богомолів України	94	0	10	2.0
795	Список богомолів Шрі-Ланки	2	0	1	0.0
796	Список видів бджіл Ізраїлю	6	0	2	0.0
797	Список видів джмелів України	245	1	59	5.0
798	Список видів мурах Грузії	0	0	0	0.0
799	Список видів мурах Данії	8	0	2	1.0
800	Список видів мурах Польщі	6	0	1	0.0
801	Список видів мурах роду Camponotus	5	0	1	0.5
802	Список видів мурах роду Crematogaster	23	0	23	0.0
803	Список видів мурах Росії	1	0	1	0.0
804	Список видів мурах Швеції	3	0	1	0.0
805	Список видів мурах Шрі-Ланки	2	0	1	0.0
806	Список видів роду джміль	51	0	7	1.0
807	Список видів роду Aedes	5	0	2	0.0
808	Список видів роду Cicindela	1	0	1	0.0
809	Список двокрилих Польщі	23	0	3	1.0
810	Список денних метеликів Азербайджану	6	0	1	1.0
811	Список денних метеликів Алжиру	1	0	1	0.0
812	Список денних метеликів Вірменії	4	0	2	0.0
813	Список денних метеликів Ірану	1	0	1	0.0
814	Список денних метеликів Російської Федерації	1	0	1	0.0
815	Список денних метеликів Санкт-Петербурга і Ленінградської області	1	0	1	0.0
816	Список денних метеликів Туреччини	1	0	1	0.0
817	Список денних метеликів України	1093	10	76	32.0
818	Список комах, занесених до Червоної книги України	419	1	32	9.5
819	Список лускокрилих Австрії	1	0	1	0.0
820	Список лускокрилих Албанії	2	0	1	0.0
821	Список лускокрилих Андорри	3	0	1	0.0
822	Список лускокрилих Бельгії	3	0	2	0.0
823	Список лускокрилих Білорусі	0	0	0	0.0
824	Список лускокрилих Болгарії	1	0	1	0.0
825	Список лускокрилих Боснії і Герцеговини	2	0	1	0.0
826	Список лускокрилих Греції	1	0	1	0.0
827	Список лускокрилих Данії	2	0	1	0.0
828	Список лускокрилих Естонії	3	0	2	0.0
829	Список лускокрилих Ірану	3	0	1	0.0
830	Список лускокрилих Кіпру	1	0	1	0.0
831	Список лускокрилих Латвії	2	0	1	0.0
832	Список лускокрилих Литви	2	0	1	0.0
833	Список лускокрилих Ліхтенштейну	0	0	0	0.0
834	Список лускокрилих Люксембургу	1	0	1	0.0
835	Список лускокрилих Молдови	1	0	1	0.0
836	Список лускокрилих Норвегії	1	0	1	0.0
837	Список лускокрилих Острова Пасхи	0	0	0	0.0
838	Список лускокрилих Островів Святої Єлени, Вознесіння і Тристан-да-Кунья	0	0	0	0.0
839	Список лускокрилих Північної Македонії	2	0	1	0.0
840	Список лускокрилих Польщі	0	0	0	0.0
841	Список лускокрилих Російської Федерації	2	0	1	0.0
842	Список лускокрилих Румунії	1	0	1	0.0
843	Список лускокрилих Сербії, Чорногорії та Косова	1	0	1	0.0
844	Список лускокрилих Словаччини	4	0	3	0.0
845	Список лускокрилих Танзанії	3	0	1	0.0
846	Список лускокрилих Угорщини	1	1	1	1.0
847	Список лускокрилих України	89	0	12	3.0
848	Список лускокрилих Фінляндії	3	0	1	0.0
849	Список лускокрилих Хорватії	3	0	2	0.0
850	Список лускокрилих Чехії	1	0	1	0.0
851	Список лускокрилих Швеції	2	0	1	0.0
852	Список лускокрилих Шрі-Ланки	2	0	1	0.0
853	Список метеликів родини Coleophoridae Туреччини	0	0	0	0.0
854	Список молей Туреччини	2	0	1	0.5
855	Список павуків Польщі	42	0	6	1.0
856	Список павуків Шрі-Ланки	4	0	2	0.0
857	Список скорпіонів Шрі-Ланки	1	0	1	0.0
858	Список совок Туреччини	0	0	0	0.0
859	Список тарганів Польщі	3	0	1	0.0
860	Список турунів Білорусі	5	0	1	1.0
861	Список турунів Естонії	1	0	1	0.0
862	Список турунів Молдови	0	0	0	0.0
863	Справжні ківсяки	17	0	3	1.0
864	Справжні клопи	145	0	11	4.0
865	Справжні коники	530	5	37	15.0
866	Справжні оси	65	0	7	2.0
867	Справжні попелиці	227	2	19	6.0
868	Справжні цвіркуни	89	0	8	3.0
869	Стафілін волохатий	39	0	4	1.0
870	Стафілін пахучий	79	0	7	2.5
871	Стебельчасточеревні	35	0	4	1.0
872	Стенурелла	2	0	1	0.0
873	Стерніт	33	0	4	1.0
874	Странгалія	1	0	1	0.0
875	Странґаліна вузькотіла	16	0	2	1.0
876	Стрибуни	14	0	3	1.0
877	Стрілка (бабка)	25	0	5	1.0
878	Стрілка Ліндена	27	0	3	1.0
879	Стрілка Меркурія	16	0	3	1.0
880	Стрілки (родина)	31	0	4	1.0
881	Стрільчатка псі	6	0	2	0.0
882	Стрільчатка тризубець	3	0	1	0.0
883	Стрільчатка щавлева	8	0	2	0.0
884	Стрічкарка диз'юнктивна	4	0	1	0.0
885	Стрічкарка орденська малинова	65	1	11	2.5
886	Стрічкарка тополева	58	0	5	2.0
887	Стрічкарка червоно-жовта	3	0	1	0.0
888	Стрічкарки	3	0	1	0.0
889	Строкатки (метелики)	53	0	5	2.0
890	Строкатокрилки	31	0	8	1.0
891	Тагма	15	0	3	1.0
892	Тарантул	973	13	52	30.0
893	Тарантул південноруський	1053	14	94	30.0
894	Тарган чорний	232	3	12	7.0
895	Таргани	846	16	42	27.0
896	Тарганові перегони	7	0	2	0.0
897	Тарганоподібні	17	0	2	1.0
898	Твердокрилі	1054	17	59	32.0
899	Теленга Микола Абрамович	15	0	2	1.0
900	Тельсон	10	0	2	0.0
901	Тенебріоноїдні	7	0	2	0.0
902	Теодор Генрі Фрісон	7	0	2	1.0
903	Тер-Мінасян Маргарита Єрвандівна	3	0	1	0.0
904	Тергіт	27	0	3	1.0
905	Терміти	362	3	24	11.0
906	Томарес Каллімах	2	0	1	0.0
907	Томас Волластон	3	0	1	0.0
908	Тонкі ківсяки	9	0	2	0.0
909	Тонкопряди	8	0	2	0.0
910	Тонкочеревець Фонсколомба	10	0	2	1.0
911	Торакс (зоологія)	71	0	25	1.5
912	Трахеї	262	1	22	7.5
913	Трахейнодишні	45	0	4	2.0
914	Триктенотоміди	5	0	3	0.0
915	Трипси	171	1	12	5.0
916	Тріскачка ширококрила	9	0	2	1.0
917	Тромбідіформні кліщі	37	0	5	1.0
918	Трубкокрут дубовий	28	0	4	1.0
919	Трубкокрути	19	0	5	1.0
920	Трубконосики	2	0	1	0.0
921	Трутень	904	13	45	28.0
922	Турун	271	2	18	7.5
923	Турун бесарабський	19	0	3	1.0
924	Турун Менетріє	17	0	6	0.0
925	Турун печерний Дублянського	2	0	1	0.0
926	Турун угорський	28	0	6	1.0
927	Турун Фабра	2	0	1	0.0
928	Турун Фабра український	29	0	3	1.0
929	Турун хлібний	88	1	7	2.0
930	Турун Щеглова	9	0	2	0.0
931	Туруни	382	4	27	12.0
932	Туруноїдні	5	0	2	0.0
933	Фасеткове око	238	3	15	7.0
934	Філоксера виноградна	107	1	7	4.0
935	Фредерік Мур	2	0	1	0.0
936	Френсіс Песко	1	0	1	0.0
937	Хвостюшки	4	0	1	0.0
938	Хвостюшок акацієвий	3	0	1	0.0
939	Хвостюшок в'язовий	0	0	0	0.0
940	Хвостюшок падубник	4	0	2	0.0
941	Хвостюшок підзелень	28	0	19	0.5
942	Хвостюшок сливовий	5	0	2	0.0
943	Хвостюшок терновий	3	0	1	0.0
944	Хижі жуки	54	0	5	2.0
945	Хітин	1328	12	93	37.0
946	Хоботкові метелики	23	0	2	1.0
947	Хребтоплав звичайний	45	0	7	1.0
948	Хризоліна	2	0	1	0.0
949	Хризомеліни	1	0	1	0.0
950	Хрущ	1379	12	96	40.5
951	Хрущ волохатий	167	0	22	5.0
952	Хрущ мармуровий	207	0	17	6.0
953	Хрущ травневий	3419	33	223	101.5
954	Хрущак борошняний	118	1	12	4.0
955	Хрущі	708	5	51	21.5
956	Царічкова Діана Борисівна	4	0	2	0.0
957	Цвіркун польовий	232	1	16	7.0
958	Цвіркуни	254	1	15	7.0
959	Целонітес абревіатус кримський	6	0	3	0.0
960	Церамбікоїдні	6	0	2	0.0
961	Цератофій багаторогий	54	0	5	2.0
962	Цеце	590	5	38	19.5
963	Цикади	436	4	41	11.5
964	Цикадки	39	0	3	1.0
965	Чарльз Ротшильд	5	0	1	0.0
966	Червеці	28	0	4	0.5
967	Червець	751	10	35	22.5
968	Червиця пахуча	40	0	9	1.5
969	Червоноклоп червоний	976	14	54	28.0
970	Червонолоб	2	0	1	0.0
971	Червчик Комстока	12	0	2	1.0
972	Черевце	44	0	5	1.0
973	Черевце комах	77	0	6	2.0
974	Чорнотілки	79	0	8	2.0
975	Чубатка пишновуса	3	0	2	0.0
976	Шапіро Дора Самійлівна	4	0	2	0.0
977	Шведські мухи	73	0	7	2.0
978	Шелюжко Лев Андрійович	43	0	7	1.0
979	Шершень	2299	27	134	73.5
980	Шершень звичайний	713	6	47	23.0
981	Шершень східний	58	0	9	2.0
982	Шизоміди	26	0	7	1.0
983	Шкіроїди	99	0	9	3.0
984	Шовкопряд шовковичний	309	1	21	8.5
985	Шовкопряди	18	0	3	1.0
986	Шовкопряди похідні	10	0	2	1.0
987	Щербатка c-біле	27	0	3	1.0
988	Щетинкохвості	30	0	4	1.0
989	Щитівки	69	0	6	2.0
990	Щитники	47	0	11	1.0
991	Щупальця	41	0	5	1.0
992	Явище флюоресценції у скорпіонів	46	0	18	2.0
993	Яйцеклад	48	0	5	1.0
994	Aaaba	4	0	1	0.0
995	Aaata finchi	1	0	1	0.0
996	Abax	19	0	2	1.0
997	Abiromorphus anceyi	1	0	1	0.0
998	Acalyptratae	9	0	2	0.0
999	Acanthaeschna victoria	3	0	1	0.0
1000	Acanthopsychops triaina	3	0	2	0.0
1001	Acanthopteroctetidae	3	0	1	0.0
1002	Aconurella	1	0	1	0.0
1003	Acorius	0	0	0	0.0
1004	Acostemminae	3	0	1	0.0
1005	Acraea horta	3	0	1	0.0
1006	Acronicta	0	0	0	0.0
1007	Actenicerus	5	0	2	0.0
1008	Adela cuprella	4	0	1	0.0
1009	Adelowalkeria	2	0	1	0.0
1010	Adelpholeon lithophorus	3	0	2	0.0
1011	Adosomus	16	0	2	1.0
1012	Adrapsa	1	0	1	0.0
1013	Adrapsoides	1	0	1	0.0
1014	Aedes	102	0	10	3.0
1015	Aedes aegypti	60	0	10	1.5
1016	Aedes albopictus	61	0	6	2.0
1017	Aedes dorsalis	2	0	1	0.0
1018	Aedes nigromaculis	2	0	1	0.0
1019	Aenictus	0	0	0	0.0
1020	Aethiocarenus	5	0	2	0.0
1021	Afghanocleonus	0	0	0	0.0
1022	Afrolarinus	0	0	0	0.0
1023	Agabinae	3	0	1	0.0
1024	Agapanthia amicula	0	0	0	0.0
1025	Agapanthia angelicae	0	0	0	0.0
1026	Agapanthia annularis	0	0	0	0.0
1027	Agapanthia asphodeli	0	0	0	0.0
1028	Agapanthia detrita	0	0	0	0.0
1029	Agapanthia pesarinii	0	0	0	0.0
1030	Agelenidae	17	0	6	0.0
1031	Agelenoidea	0	0	0	0.0
1032	Ageleradix	0	0	0	0.0
1033	Ageleradix cymbiforma	0	0	0	0.0
1034	Ageleradix otiforma	0	0	0	0.0
1035	Agonum	2	0	1	0.0
1036	Agonum dolens	3	0	1	0.0
1037	Agonum ericeti	1	0	1	0.0
1038	Agonum gracilipes	2	0	1	0.0
1039	Agonum lugens	1	0	1	0.0
1040	Agonum sexpunctatum	2	0	1	0.0
1041	Agonum versutum	2	0	1	0.0
1042	Agraulis vanillae	5	0	1	0.0
1043	Aguriahana	1	0	1	0.0
1044	Albicostella	0	0	0	0.0
1045	Alebra	0	0	0	0.0
1046	Aleocharinae	1	0	1	0.0
1047	Allantinae	4	0	1	0.0
1048	Allolarinus	1	0	1	0.0
1049	Alobaldia	0	0	0	0.0
1050	Alucita bulgaria	15	0	13	2.0
1051	Alucita karadagica	14	0	10	1.0
1052	Alucita pliginskii	0	0	0	0.0
1053	Alysiinae	2	0	1	0.0
1054	Amarixys	0	0	0	0.0
1055	Amarixys gracilis	3	0	2	0.0
1056	Ameles	0	0	0	0.0
1057	Ameles decolor	3	0	1	0.0
1058	Ameles fasciipennis	1	0	1	0.0
1059	Ameles spallanzania	4	0	1	0.0
1060	Amelini	1	0	1	0.0
1061	Amimenus	0	0	0	0.0
1062	Ammocleonus	0	0	0	0.0
1063	Anareolatae	0	0	0	0.0
1064	Aneuretus simoni	3	0	1	0.0
1065	Anomala binotata	0	0	0	0.0
1066	Anomaloninae	10	0	2	0.0
1067	Anopheles	221	1	14	7.0
1068	Anopheles (підрід)	6	0	1	0.0
1069	Anopheles freeborni	6	0	2	0.0
1070	Anopheles minor	7	0	2	0.0
1071	Anoplognathini	0	0	0	0.0
1072	Anoplura	80	0	9	2.0
1073	Anthrenus	6	0	2	0.0
1074	Apamea	3	0	1	0.0
1075	Apamea barbara	0	0	0	0.0
1076	Apamea glenura	0	0	0	0.0
1077	Apameini	0	0	0	0.0
1078	Aparotopus	0	0	0	0.0
1079	Aphelinidae	6	0	3	0.0
1080	Aphidiinae	7	0	2	0.0
1081	Aphidoletes	0	0	0	0.0
1082	Aphis	1	0	1	0.0
1083	Aphis baccharicola	0	0	0	0.0
1084	Aphthartopsychops scutatus	3	0	2	0.0
1085	Aphthona herbigrada	0	0	0	0.0
1086	Aphthona melancholica	0	0	0	0.0
1087	Aplesilus	1	0	1	0.0
1088	Apleurus	2	0	1	0.0
1089	Apoditrysia	5	0	4	0.0
1090	Apoidea	27	0	4	1.0
1091	Aprosthema	4	0	2	0.0
1092	Aptenoperissus	6	0	4	0.0
1093	Aptenoperissus etius	6	0	2	0.0
1094	Aptenoperissus magnifemoris	8	0	5	0.0
1095	Aptenoperissus pusillus	4	0	2	0.0
1096	Apteromantis aptera	2	0	1	0.0
1097	Araneoidea	6	0	2	0.0
1098	Arbelana	0	0	0	0.0
1099	Arboridia	0	0	0	0.0
1100	Archaeocercus schuvachinae	27	0	19	0.0
1101	Archaeolepis mane	3	0	1	0.0
1102	Archiearinae	2	0	1	0.0
1103	Archiinocellia oligoneura	5	0	2	0.0
1104	Architendipedidae	4	0	2	0.0
1105	Archizelmiridae	3	0	2	0.0
1106	Arctiinae	3	0	1	0.0
1107	Arctoperlaria	2	0	1	0.0
1108	Arge pallidinervis	3	0	2	0.0
1109	Argema	1	0	1	0.0
1110	Argema mittrei	10	0	2	1.0
1111	Argiope	42	0	5	1.0
1112	Argiope aemula	4	0	1	0.0
1113	Argiope aetheroides	2	0	1	0.0
1114	Argiope amoena	5	0	1	0.0
1115	Argiope anasuja	6	0	2	0.0
1116	Argiope argentata	7	0	3	0.0
1117	Argiope aurantia	15	0	3	1.0
1118	Argiope boesenbergi	0	0	0	0.0
1119	Argiope catenulata	4	0	2	0.5
1120	Argiope chloreis	0	0	0	0.0
1121	Argiope dang	0	0	0	0.0
1122	Argiope doleschalli	0	0	0	0.0
1123	Argiope hoiseni	1	0	1	0.0
1124	Argiope lobata	297	3	14	9.5
1125	Argiope mangal	2	0	1	0.0
1126	Argiope minuta	3	0	1	0.0
1127	Argiope modesta	2	0	1	0.0
1128	Argiope ocula	3	0	1	0.0
1129	Argiope perforata	0	0	0	0.0
1130	Argiope picta	5	0	2	0.0
1131	Argiope pulchella	7	0	2	0.0
1132	Argiope reinwardti	1	0	1	0.0
1133	Argiope trifasciata	5	0	1	0.0
1134	Argynnini	32	0	6	1.0
1135	Argyresthia albistria	21	0	16	0.0
1136	Argyresthia bergiella	21	0	15	1.0
1137	Argyresthia illuminatella	13	0	11	0.0
1138	Argyresthia laevigatella	19	0	13	1.0
1139	Argyresthia pruniella	15	0	13	1.0
1140	Argyresthia pygmaeella	32	0	22	0.0
1141	Argyrotaenia brimuncus	0	0	0	0.0
1142	Aricia artaxerxes	0	0	0	0.0
1143	Arractocetus	2	0	1	0.0
1144	Aruena apicimaculata	0	0	0	0.0
1145	Asiarge	2	0	1	0.0
1146	Asiarge centralis	1	0	1	0.0
1147	Asiarge regeli	1	0	1	0.0
1148	Asinocleonus	0	0	0	0.0
1149	Asiochaoboridae	3	0	2	0.0
1150	Aspidiotinae	2	0	2	0.0
1151	Asproparthenis	12	0	2	1.0
1152	Atactogaster	0	0	0	0.0
1153	Atherigoninae	7	0	2	1.0
1154	Athysanella	1	0	1	0.0
1155	Athysanopsis	0	0	0	0.0
1156	Athysanus	0	0	0	0.0
1157	Atolmis rubricollis	1	0	1	0.0
1158	Atrax sutherlandi	2	0	1	0.0
1159	Atta cephalotes	17	0	14	0.0
1160	Atta colombica	15	0	14	0.0
1161	Atta texana	25	0	23	0.0
1162	Atta vollenweideri	38	0	28	1.0
1163	Attacus atlas	35	0	6	1.0
1164	Attercopus fimbriunguis	4	0	2	0.0
1165	Austroasca	0	0	0	0.0
1166	Aztecarpalus	1	0	1	0.0
1167	Balclutha	0	0	0	0.0
1168	Balinskycercella	0	0	0	0.0
1169	Bambusana	0	0	0	0.0
1170	Bangasternus	0	0	0	0.0
1171	Barbitistes constrictus	7	0	1	1.0
1172	Barbitistini	2	0	1	0.0
1173	Bathyphlebia	1	0	1	0.0
1174	Batrachedridae	23	0	20	0.0
1175	Batrisini	1	0	1	0.0
1176	Bellinympha	5	0	3	0.0
1177	Besuchetiella	1	0	1	0.0
1178	Blaberidae	13	0	2	1.0
1179	Blattellidae	13	0	3	0.5
1180	Blattuloidea	4	0	2	0.0
1181	Blepharodinae	0	0	0	0.0
1182	Blepharopsis mendica	0	0	0	0.0
1183	Bobacella	0	0	0	0.0
1184	Bodemeyeria	1	0	1	0.0
1185	Boganiidae	6	0	2	0.0
1186	Bolivaria	1	0	1	0.0
1187	Bombus transversalis	2	0	1	0.0
1188	Bombus tricornis	2	0	1	0.0
1189	Bothriurus olaen	0	0	0	0.0
1190	Bothrogonia	1	0	1	0.0
1191	Bothynoderes	13	0	3	1.0
1192	Brachyceridae	2	0	1	0.0
1193	Brachycerinae	0	0	0	0.0
1194	Brachycerini	3	0	1	0.0
1195	Brachycerus	8	0	2	0.0
1196	Brachycleonus	0	0	0	0.0
1197	Brachysternus	0	0	0	0.0
1198	Brachysternus angustus	3	0	1	0.0
1199	Brachysternus germaini	2	0	1	0.0
1200	Brachysternus marginatus	0	0	0	0.0
1201	Brachysternus patagoniensis	2	0	1	0.0
1202	Brachysternus prasinus	1	0	1	0.0
1203	Brachysternus solier	1	0	1	0.0
1204	Brachysternus spectabilis	2	0	1	0.0
1205	Bracon hebetor	9	0	2	0.0
1206	Broconius	11	0	2	1.0
1207	Bryodemella	3	0	1	0.5
1208	Bubas bubalus	0	0	0	0.0
1209	Bubopsis agrionoides	0	0	0	0.0
1210	Bulbitermes	13	0	12	0.0
1211	Buprestinae	1	0	1	0.0
1212	Buprestis	2	0	1	0.0
1213	Burmocorynus jarzembowski	2	0	2	0.0
1214	Burmogramma liui	2	0	2	0.0
1215	Burmomacer kirejtshuki	2	0	2	0.0
1216	Burmopsychops	4	0	3	0.0
1217	Cacopsylla	2	0	1	0.0
1218	Cacopsylla costalis	0	0	0	0.0
1219	Cacopsylla crataegi	0	0	0	0.0
1220	Cacopsylla cretica	0	0	0	0.0
1221	Cacopsylla curta	0	0	0	0.0
1222	Cacopsylla difficilis	0	0	0	0.0
1223	Cacopsylla dilonchi	0	0	0	0.0
1224	Cacopsylla elegantula	0	0	0	0.0
1225	Cacopsylla exima	1	0	1	0.0
1226	Caligula	7	0	2	0.0
1227	Callistolixus	8	0	2	1.0
1228	Calodemas	3	0	1	0.0
1229	Calopterygoidea	5	0	1	0.0
1230	Calyptratae	6	0	1	0.0
1231	Camponotus	14	0	3	1.0
1232	Camptopterohelea odora	4	0	2	0.0
1233	Carabinae	9	0	2	0.0
1234	Catocalini	0	0	0	0.0
1235	Cecidomyiinae	1	0	1	0.0
1236	Centrocleonus	1	0	1	0.0
1237	Cerambyx welensii	1	0	1	0.0
1238	Ceratocampinae	0	0	0	0.0
1239	Chalcophora mariana	54	0	11	2.0
1240	Charaxes candiope	2	0	1	0.0
1241	Chauliognathus pensylvanicus	1	0	1	0.0
1242	Cheiracanthium inclusum	23	0	3	1.0
1243	Chilocorus bipustulatus	6	0	2	0.0
1244	Chilognatha	3	0	1	0.0
1245	Chimerarachne yingi	4	0	2	0.0
1246	Chironomoidea	7	0	1	1.0
1247	Chorthippus dorsatus	2	0	1	0.0
1248	Chromonotus	7	0	1	1.0
1249	Chromosomus	1	0	1	0.0
1250	Chrysididae	23	0	4	1.0
1251	Chrysidoidea	4	0	1	0.0
1252	Chrysis comparata	4	0	1	0.0
1253	Chrysis fulgida	9	0	3	0.0
1254	Chrysis pulchella	2	0	1	0.0
1255	Chrysis zetterstedti	4	0	1	0.0
1256	Chrysolina (підрід)	0	0	0	0.0
1257	Chrysops	67	0	7	2.0
1258	Chthonioidea	3	0	1	0.0
1259	Cicadula	0	0	0	0.0
1260	Cicindela	1	0	1	0.0
1261	Cicindela hybrida	14	0	2	0.5
1262	Cicindelina	0	0	0	0.0
1263	Cicindelinae	9	0	2	0.0
1264	Cicindelini	0	0	0	0.0
1265	Cimicoidea	4	0	1	0.0
1266	Cimicomorpha	6	0	1	0.0
1267	Citheronia	0	0	0	0.0
1268	Citioica	2	0	1	0.0
1269	Cladofer huangi	3	0	2	0.0
1270	Cleonini	8	0	2	0.0
1271	Cleonis	5	0	1	0.0
1272	Cleonolithus	4	0	2	0.0
1273	Cleridae	9	0	3	0.0
1274	Clistopyga crassicaudata	23	0	19	0.0
1275	Clitumninae	0	0	0	0.0
1276	Cnemodontus	2	0	1	0.0
1277	Coccidulinae	5	0	1	0.0
1278	Coccinellinae	17	0	3	1.0
1279	Coccophagus	0	0	0	0.0
1280	Coccophagus lycimnia	0	0	0	0.0
1281	Coccophagus maculipennis	0	0	0	0.0
1282	Coccophagus malthusi	2	0	1	0.0
1283	Coccophagus margaritatus	0	0	0	0.0
1284	Coelidiinae	0	0	0	0.0
1285	Coenagrionoidea	1	0	1	0.0
1286	Colladonus	0	0	0	0.0
1287	Compsolixus	6	0	1	1.0
1288	Coniocleonus	5	0	1	0.0
1289	Conorhynchus	2	0	1	0.0
1290	Coptera anka	4	0	3	0.0
1291	Coreana raphaelis	1	0	1	0.0
1292	Coreoidea	3	0	2	0.0
1293	Cornupalpatum burmanicum	4	0	2	0.0
1294	Cosmogaster	0	0	0	0.0
1295	Cosmophasis bitaeniata	0	0	0	0.0
1296	Cotesia glomerata	11	0	4	0.0
1297	Coulinus	0	0	0	0.0
1298	Creatonotos gangis	13	0	3	0.5
1299	Crematogaster	26	0	24	0.0
1300	Crematogaster schmidti	24	0	7	1.0
1301	Creobroter	1	0	1	0.0
1302	Creoleon lugdunensis	2	0	1	0.0
1303	Cretanallachius magnificus	2	0	2	0.0
1304	Cretogramma engeli	2	0	2	0.0
1305	Cretoparacucujus cycadophilus	4	0	2	0.0
1306	Cryphopus	2	0	1	0.0
1307	Ctenurella	0	0	0	0.0
1308	Cuculliinae	4	0	1	0.0
1309	Culicomorpha	8	0	2	0.5
1310	Cupiennius	9	0	4	0.0
1311	Cupiennius salei	14	0	2	1.0
1312	Curculioididae	1	0	1	0.0
1313	Curculioninae	3	0	2	0.0
1314	Curculionites	3	0	2	0.0
1315	Cybister lateralimarginalis	10	0	3	0.0
1316	Cylindera	3	0	1	0.0
1317	Cylindera germanica	0	0	0	0.0
1318	Cylindera glabra	0	0	0	0.0
1319	Cymothoe sangaris	1	0	1	0.0
1320	Cynthia	27	0	4	1.0
1321	Cyphocleonus	7	0	1	0.0
1322	Daphnusa	0	0	0	0.0
1323	Daphnusa ailanti	0	0	0	0.0
1324	Daphnusa sinocontinentalis	1	0	1	0.0
1325	Darwinylus marcosi	3	0	2	0.0
1326	Dasineura	0	0	0	0.0
1327	Deinocroton draculi	0	0	0	0.0
1328	Deltocephalus	0	0	0	0.0
1329	Demodex cyonis	2	0	1	0.0
1330	Desis bobmarleyi	1	0	1	0.0
1331	Diaea	0	0	0	0.0
1332	Diaea dorsata	3	0	1	0.0
1333	Diaea ergandros	1	0	1	0.0
1334	Diaea evanida	2	0	1	0.0
1335	Diaea giltayi	0	0	0	0.0
1336	Diaeini	0	0	0	0.0
1337	Dikraneura	1	0	1	0.0
1338	Dilixellus	6	0	1	0.0
1339	Diodontognathus papillatus	0	0	0	0.0
1340	Dolichopoda	0	0	0	0.0
1341	Dolichopoda geniculata	2	0	1	0.0
1342	Dolichopoda graeca	1	0	1	0.0
1343	Dolichopoda hussoni	0	0	0	0.0
1344	Dolichopoda makrykapa	1	0	1	0.0
1345	Dolomedes	11	0	2	0.0
1346	Donacia semicuprea	5	0	3	0.0
1347	Doratura	0	0	0	0.0
1348	Dorcadion cinerarium	3	0	1	0.0
1349	Dorcadion fuliginator	0	0	0	0.0
1350	Dorcadion mokrzeckii	12	0	2	1.0
1351	Dorcadion pedestre	1	0	1	0.0
1352	Dorcadion sareptanum	1	0	1	0.0
1353	Dryocampa	3	0	1	0.0
1354	Dryops	4	0	1	0.0
1355	Dysaphis	3	0	2	0.0
1356	Eacles	1	0	1	0.0
1357	Eacles barnesi	3	0	1	0.0
1358	Eacles oslari	3	0	1	0.0
1359	Eciton	0	0	0	0.0
1360	Ecitophya	3	0	1	0.0
1361	Ectinogonia buqueti	1	0	1	0.0
1362	Ederranus	0	0	0	0.0
1363	Edessena	0	0	0	0.0
1364	Eduardoxenus unicus	34	0	22	0.0
1365	Edwardsiana	1	0	1	0.0
1366	Elaea	0	0	0	0.0
1367	Elaterinae	0	0	0	0.0
1368	Electrocaptivus xui	4	0	2	0.0
1369	Elymana	1	0	1	0.0
1370	Emblemasoma erro	15	15	15	15.0
1371	Empoa	1	0	1	0.0
1372	Empoasca	2	0	1	0.0
1373	Empusa guttula	2	0	1	0.0
1374	Empusa hedenborgii	1	0	1	0.0
1375	Empusa longicollis	2	0	1	0.0
1376	Empusa pennata	3	0	1	0.0
1377	Empusa uvarovi	0	0	0	0.0
1378	Endoxyla cinereus	29	0	25	0.0
1379	Entiminae	2	0	1	0.0
1380	Entymetopus	1	0	1	0.0
1381	Eocleonus	2	0	2	0.0
1382	Eophyllium messelensis	4	0	2	0.0
1383	Epexochus	0	0	0	0.0
1384	Ephimeronotus	1	0	1	0.0
1385	Epiacanthus	1	0	1	0.0
1386	Epimeces	5	0	1	0.5
1387	Epiocheirata	2	0	1	0.0
1388	Episyrphus balteatus	12	0	3	1.0
1389	Erebidae	8	0	2	0.0
1390	Eremiaphila	0	0	0	0.0
1391	Eremiaphilidae	1	0	1	0.0
1392	Eremoplana	8	0	8	0.0
1393	Eriovixia gryffindori	7	0	2	1.0
1394	Eristalis bardus	2	0	1	0.0
1395	Erythracarinae	2	0	1	0.0
1396	Erythromma	7	0	2	0.5
1397	Euacanthellinae	1	0	1	0.0
1398	Eugeniodecus	1	0	1	0.0
1399	Euhypnorna grata	0	0	0	0.0
1400	Eukoenenia	0	0	0	0.0
1401	Eukoenenia christiani	0	0	0	0.0
1402	Eukoenenia strinatii	1	0	1	0.0
1403	Eukoeneniidae	0	0	0	0.0
1404	Eulixus	4	0	1	0.0
1405	Eumecops	7	0	1	1.0
1406	Euophrys omnisuperstes	1	0	1	0.0
1407	Eupelix	0	0	0	0.0
1408	Eupithecia basurmanca	1	0	1	0.0
1409	Eupteryx	0	0	0	0.0
1410	Eurhadina	1	0	1	0.0
1411	Eurycleonus	0	0	0	0.0
1412	Eurythyrea	2	0	1	0.0
1413	Euscelis	0	0	0	0.0
1414	Euscorpius beroni	2	0	1	0.5
1415	Eusparassus dufouri	0	0	0	0.0
1416	Eustenopus	3	0	2	0.0
1417	Eutulomatus	0	0	0	0.0
1418	Evacanthus	0	0	0	0.0
1419	Extatosoma tiaratum	3	0	1	0.0
1420	Fagina silvatica	0	0	0	0.0
1421	Fallomyrma anodonta	20	0	17	0.0
1422	Fallomyrma marginata	14	0	8	0.0
1423	Fallomyrma robusta	19	0	14	0.0
1424	Fideliinae	1	0	1	0.0
1425	Filistata maguirei	0	0	0	0.0
1426	Forcipata	0	0	0	0.0
1427	Formiciinae	6	0	2	0.0
1428	Formicini	5	0	2	0.0
1429	Furcantenna yangi	0	0	0	0.0
1430	Gasteroclisus	1	0	1	0.0
1431	Gastrophysa	0	0	0	0.0
1432	Geomantis	2	0	1	0.0
1433	Geomantis larvoides	1	0	1	0.0
1434	Georginus	1	0	1	0.0
1435	Girtesma	0	0	0	0.0
1436	Glebius	0	0	0	0.0
1437	Gluphisia	2	0	2	0.0
1438	Gluphisia crenata	0	0	0	0.0
1439	Gluphisia lintneri	0	0	0	0.0
1440	Gluphisia oxiana	1	0	1	0.0
1441	Goliathus regius	2	0	2	0.0
1442	Gondwanascorpio emzantsiensis	34	0	10	1.0
1443	Gonioctena	0	0	0	0.0
1444	Gonocleonus	1	0	1	0.0
1445	Gonometa postica	1	0	1	0.0
1446	Grant viridifluvius	6	0	4	0.0
1447	Gromphadorhina portentosa	57	0	6	2.0
1448	Gyranusoidea iranica	1	0	1	0.0
1449	Habralictus	1	0	1	0.0
1450	Hadeninae	6	0	1	0.0
1451	Halter halteratus	2	0	1	0.0
1452	Haplopelma schmidti	7	0	5	0.0
1453	Harmonia (комаха)	14	0	2	1.0
1454	Harpalinae	9	0	1	0.0
1455	Hedychrum nobile	5	0	1	0.5
1456	Helaeomyia petrolei	405	1	21	14.0
1457	Helichus ussuriensis	2	0	1	0.0
1458	Heliconiinae	13	0	3	0.5
1459	Heliconius erato	3	0	1	0.0
1460	Helicoverpa zea	9	0	4	0.0
1461	Heliozona	0	0	0	0.0
1462	Helminthomorpha	6	0	2	0.0
1463	Hermetia illucens	57	0	6	1.0
1464	Heterocleonus	0	0	0	0.0
1465	Heteropterinae	0	0	0	0.0
1466	Hexarthrius	0	0	0	0.0
1467	Hierodula	8	0	4	0.0
1468	Holaptilon	1	0	1	0.0
1469	Holaptilon pusillulum	1	0	1	0.0
1470	Hololixus	0	0	0	0.0
1471	Hovalarinus	0	0	0	0.0
1472	Hybomitra	7	0	2	0.0
1473	Hybomitra altaica	3	0	1	0.0
1474	Hybomitra alticola	1	0	1	0.0
1475	Hydrillodes	0	0	0	0.0
1476	Hyles	13	0	5	0.0
1477	Hylobius abietis	52	0	6	2.0
1478	Hymenopodidae	1	0	1	0.0
1479	Hypogastruroidea	0	0	0	0.0
1480	Hypolixus	2	0	1	0.0
1481	Hypsicorypha gracilis	0	0	0	0.0
1482	Idolomantis diabolica	17	0	4	1.0
1483	Ileomus	0	0	0	0.0
1484	Ilybius	5	0	1	0.0
1485	Integripalpia	8	0	2	1.0
1486	Iolana iolas	2	0	1	0.0
1487	Iris	16	0	11	0.0
1488	Iris oratoria	6	0	2	0.0
1489	Isomerops	0	0	0	0.0
1490	Isotogastrura	0	0	0	0.0
1491	Isotomidae	3	0	1	0.0
1492	Ixodida	256	1	16	8.0
1493	Junonia coenia	6	0	1	0.0
1494	Kalligramma	2	0	1	0.0
1495	Kalligramma paradoxum	3	0	2	0.0
1496	Kalligrammatidae	1	0	1	0.0
1497	Kallima inachus	3	0	1	0.0
1498	Katha	0	0	0	0.0
1499	Katha depressa	0	0	0	0.0
1500	Katha laevis	1	0	1	0.0
1501	Katha magnata	1	0	1	0.0
1502	Katha moorei	1	0	1	0.0
1503	Katha nankunshanica	1	0	1	0.0
1504	Katha nigropoda	2	0	1	0.0
1505	Katha prabana	1	0	1	0.0
1506	Katha suffusa	1	0	1	0.0
1507	Kekveus jason	2	0	2	0.0
1508	Klassius	0	0	0	0.0
1509	Koenigius	0	0	0	0.0
1510	Labidura riparia	6	0	2	0.0
1511	Lachnaeus	4	0	1	0.0
1512	Lambula	0	0	0	0.0
1513	Lambula aethalocis	2	0	1	0.0
1514	Lambula agraphia	2	0	1	0.0
1515	Lambula aroa	1	0	1	0.0
1516	Lambula bilineata	1	0	1	0.0
1517	Lambula bivittata	1	0	1	0.0
1518	Lambula buergersi	1	0	1	0.0
1519	Larentiinae	4	0	1	0.0
1520	Larinodontes	0	0	0	0.0
1521	Larinomesius	2	0	1	0.0
1522	Larinus	4	0	1	0.0
1523	Larinus (підрід)	4	0	2	0.0
1524	Larinus turbinatus	5	0	1	0.0
1525	Larinus vulpes	4	0	1	0.0
1526	Lasiocampinae	4	0	2	0.0
1527	Lasiommata	20	0	19	0.0
1528	Latrodectinae	3	0	1	0.0
1529	Lepismachilis eocaenica	20	0	15	1.0
1530	Leptopodomorpha	3	0	1	0.0
1531	Lestremiinae	1	0	1	0.0
1532	Lestremiini	0	0	0	0.0
1533	Lethocerus indicus	40	0	5	1.0
1534	Leucochromus	1	0	1	0.0
1535	Leucomigus	5	0	1	0.0
1536	Leucophyes	2	0	1	0.0
1537	Libelloides italicus	1	0	1	0.0
1538	Libelluloidea	1	0	1	0.0
1539	Limnichidae	0	0	0	0.0
1540	Liocleonus	0	0	0	0.0
1541	Lithosiinae	0	0	0	0.0
1542	Lithosiini	1	0	1	0.0
1543	Lixinae	99	0	8	3.0
1544	Lixini	3	0	1	0.0
1545	Lixocleonus	0	0	0	0.0
1546	Lixoglyptus	3	0	2	0.0
1547	Lixomorphus	0	0	0	0.0
1548	Lixopachys	2	0	1	0.0
1549	Lixus	10	0	1	0.5
1550	Lixus (підрід)	6	0	2	1.0
1551	Lophocorona	4	0	1	0.0
1552	Lucaninae	5	0	1	0.0
1553	Lucanus	25	0	3	1.0
1554	Lucanus placidus	0	0	0	0.0
1555	Luciliinae	2	0	1	0.0
1556	Lycosa aragogi	22	0	4	1.0
1557	Lysibia nana	0	0	0	0.0
1558	Machaerotypus sibiricus	0	0	0	0.0
1559	Macleodiella electrina	5	0	2	0.5
1560	Macroglossinae	4	0	3	0.0
1561	Macrolepidoptera	4	0	1	0.0
1562	Macrosiphini	0	0	0	0.0
1563	Macrotermes	21	0	14	1.0
1564	Macrotermes gilvus	22	0	21	0.0
1565	Macroxiphus	0	0	0	0.0
1566	Macroxiphus nasicornis	0	0	0	0.0
1567	Macroxiphus sumatranus	0	0	0	0.0
1568	Manica	2	0	2	0.0
1569	Mantidae	7	0	2	0.0
1570	Maratus personatus	0	0	0	0.0
1571	Marumba spectabilis	2	0	2	0.0
1572	Marumba tigrina	0	0	0	0.0
1573	Maximus	11	0	2	1.0
1574	Mecaspis	1	0	1	0.0
1575	Medaurini	1	0	1	0.0
1576	Medauroidea	2	0	2	0.0
1577	Megachilinae	3	0	1	0.0
1578	Megaphragma	0	0	0	0.0
1579	Megatominae	1	0	1	0.0
1580	Melitaea acentria	22	0	21	0.0
1581	Melitaea didyma	3	0	1	0.0
1582	Melitaea ornata	5	0	1	1.0
1583	Menecleonus	0	0	0	0.0
1584	Menthastriella	4	0	2	0.0
1585	Mesocleonus	0	0	0	0.0
1586	Mesostigmata	14	0	4	1.0
1587	Mesothelae	16	0	6	1.0
1588	Metacucujus	2	0	1	0.0
1589	Metallyticus	1	0	1	0.0
1590	Metopininae	0	0	0	0.0
1591	Microcleonus	1	0	1	0.0
1592	Microlarinus	2	0	1	0.5
1593	Microlixus	1	0	1	0.0
1594	Microplitis croceipes	1	0	1	0.0
1595	Micropterix calthella	2	0	1	0.0
1596	Microthespis	0	0	0	0.0
1597	Mionycha	0	0	0	0.0
1598	Misumena vatia	340	5	19	10.0
1599	Misumenoides formosipes	4	0	2	0.0
1600	Molytinae	3	0	1	0.0
1601	Mongolocleonus	1	0	1	0.0
1602	Monolophus	0	0	0	0.0
1603	Morphini	4	0	1	0.0
1604	Morpho rhetenor	3	0	2	0.0
1605	Muschampia	1	0	1	0.0
1606	Muscoidea	6	0	2	0.0
1607	Mycotrichus	0	0	0	0.0
1608	Myrmarachne	10	0	3	0.0
1609	Myrmarachne assimilis	0	0	0	0.0
1610	Myrmarachne caliraya	0	0	0	0.0
1611	Myrmarachne plataleoides	1	0	1	0.0
1612	Myrmekiaphila neilyoungi	5	0	2	0.0
1613	Myrmeleon fasciatus	2	0	1	0.0
1614	Myrmeleon quinquemaculatus	1	0	1	0.0
1615	Myrmeleontiformia	2	0	1	0.0
1616	Myrmica angulata	0	0	0	0.0
1617	Myrmicini	5	0	1	0.5
1618	Myrmozercon cyrusi	1	0	1	0.0
1619	Mystrium camillae	4	0	2	0.0
1620	Myzocallis	1	0	1	0.0
1621	Nastus (жуки)	0	0	0	0.0
1622	Nauphoeta cinerea	16	0	5	1.0
1623	Naxa seriaria	3	0	1	0.0
1624	Nefis	2	0	1	0.0
1625	Negastriinae	1	0	1	0.0
1626	Neivamyrmex	0	0	0	0.0
1627	Nemaspela ladae	3	0	1	0.0
1628	Nemophora degeerella	3	0	2	0.0
1629	Nemophora dumerilella	17	0	12	0.0
1630	Nemopteridae	4	0	1	0.0
1631	Nemopteroidea	0	0	0	0.0
1632	Neocleonus	0	0	0	0.0
1633	Neodermaptera	1	0	1	0.0
1634	Nepa cinerea	18	0	4	1.0
1635	Nicrophorinae	5	0	1	0.0
1636	Nicrophorus	38	0	5	1.5
1637	Nicrophorus interruptus	3	0	2	0.0
1638	Nicrophorus investigator	2	0	1	0.0
1639	Nicrophorus japonicus	0	0	0	0.0
1640	Nomimonyx	0	0	0	0.0
1641	Notiothauma reedi	3	0	1	0.0
1642	Nudobius lentus	17	0	3	1.0
1643	Nuttalliella namaqua	1	0	1	0.0
1644	Nymphavus progenitor	4	0	2	1.0
1645	Nymphidae	2	0	1	0.0
1646	Obtectomera	1	0	1	0.0
1647	Ochyrocera aragogue	1	0	1	0.0
1648	Oecophylla	13	0	3	1.0
1649	Oecophylla taurica	3	0	2	0.0
1650	Oestroidea	6	0	2	0.0
1651	Oligochlora semirugosa	2	0	2	0.0
1652	Oligopsychopsis	4	0	3	0.0
1653	Oligotomidae	1	0	1	0.0
1654	Oligotrophini	2	0	1	0.0
1655	Oniticellini	1	0	1	0.0
1656	Onthophagini	2	0	1	0.0
1657	Onthophagus vacca	5	0	1	0.0
1658	Opostega	0	0	0	0.0
1659	Opostegoides	0	0	0	0.0
1660	Oramiella wisei	0	0	0	0.0
1661	Orsunius electronefelus	20	0	15	0.0
1662	Orthodera novaezealandiae	3	0	1	0.0
1663	Ortholixus	4	0	2	0.5
1664	Oryctes	3	0	1	0.0
1665	Oryctes agamemnon	1	0	1	0.0
1666	Oryctes rhinoceros	3	0	2	0.0
1667	Osmia cornuta	2	0	1	0.0
1668	Osmylops	1	0	1	0.0
1669	Othorene	2	0	1	0.0
1670	Pachycerus	3	0	1	0.0
1671	Pachyiulus humicola	0	0	0	0.0
1672	Pachymerium tabacarui	2	0	1	0.0
1673	Paederinae	3	0	2	0.0
1674	Pajnisoodes	0	0	0	0.0
1675	Palaeortona quercyensis	4	0	3	0.0
1676	Palaeotendipes alexii	5	0	2	0.0
1677	Palomena prasina	54	0	5	2.0
1678	Paracucujus rostratus	1	0	1	0.0
1679	Paradoxosisyra groehni	3	0	2	0.0
1680	Parastrachiidae	1	0	1	0.0
1681	Paratarsotomus	2	0	1	0.0
1682	Paratarsotomus sabulosus	0	0	0	0.0
1683	Parileomus	0	0	0	0.0
1684	Parnopes grandior	6	0	1	1.0
1685	Pedanoptera arachnophila	2	0	2	0.0
1686	Peltosyne triassica	0	0	0	0.0
1687	Pemphigidae	4	0	2	0.0
1688	Pentatominae	10	0	2	1.0
1689	Pentatomoidea	12	0	2	0.0
1690	Pentatomomorpha	11	0	2	0.5
1691	Pentatropis	0	0	0	0.0
1692	Perlamantis allibertii	11	0	8	0.0
1693	Permarachne novokshonovi	3	0	2	0.0
1694	Phaneropterinae	4	0	2	0.0
1695	Phasmatidae	5	0	2	0.0
1696	Phaulosomus	0	0	0	0.0
1697	Philidris nagasau	1	0	1	0.0
1698	Phillixus	5	0	1	0.5
1699	Phlebotomus papatasi	50	0	5	2.0
1700	Phlebotomus papuensis	3	0	1	0.0
1701	Phlebotomus pedifer	3	0	1	0.0
1702	Phlebotomus perfiliewi	2	0	1	0.0
1703	Phlebotomus perniciosus	3	0	1	0.0
1704	Phlebotomus pexopharynx	3	0	1	0.0
1705	Phlebotomus sergenti	6	0	1	1.0
1706	Phobaeticus chani	4	0	2	0.0
1707	Phobaeticus kirbyi	1	0	1	0.0
1708	Phyllochrysa huangi	2	0	2	0.0
1709	Phyllodromica	1	0	1	0.0
1710	Phyllodromica merrakescha	1	0	1	0.0
1711	Phyllonomeus	8	0	1	1.0
1712	Phytotelmatrichis osopaddington	4	0	2	0.0
1713	Pisaura mirabilis	321	5	17	10.0
1714	Pison	0	0	0	0.0
1715	Planodiscus	0	0	0	0.0
1716	Planodiscus foreli	0	0	0	0.0
1717	Planodiscus furcatus	0	0	0	0.0
1718	Platyscelidini	3	0	1	0.0
1719	Pleurocleonus	3	0	1	0.0
1720	Pliocleonus	2	0	1	0.0
1721	Poduromorpha	7	0	2	0.0
1722	Poecilimon ampliatus	0	0	0	0.0
1723	Poecilimon elegans	1	0	1	0.0
1724	Poecilimon gracilis	0	0	0	0.0
1725	Poliochera	0	0	0	0.0
1726	Poliochera cretacea	5	0	2	0.0
1727	Poliochera gibbsi	2	0	2	0.0
1728	Poliochera glabra	3	0	2	0.0
1729	Poliochera punctulata	2	0	2	0.0
1730	Poliochera pustulatus	2	0	2	0.0
1731	Poliocheridae	1	0	1	0.0
1732	Polyneoptera	23	0	22	1.0
1733	Polyommatus eros	1	0	1	0.0
1734	Polyommatus pljushtchi	3	0	2	0.0
1735	Ponomarenkia belmonthensis	4	0	2	0.5
1736	Porocleonus	1	0	1	0.0
1737	Prionolixus	0	0	0	0.0
1738	Prionorhinus	0	0	0	0.0
1739	Pristomyrmex elmesi	19	0	12	0.0
1740	Pritha garfieldi	1	0	1	0.0
1741	Prodryas persephone	3	0	2	0.0
1742	Prohamitermes	8	0	7	0.0
1743	Prokoenenia	0	0	0	0.0
1744	Prokoeneniidae	0	0	0	0.0
1745	Proleptothorax primitivus	17	0	9	1.5
1746	Prostigmata	18	0	4	1.0
1747	Psephenidae	1	0	1	0.0
1748	Pseudeumecops	0	0	0	0.0
1749	Pseudisomerus	1	0	1	0.0
1750	Pseudocleonus	4	0	2	0.0
1751	Pseudopostega	0	0	0	0.0
1752	Pseudopulex	1	0	1	0.0
1753	Pseudoyersinia	1	0	1	0.0
1754	Pseudoyersinia brevipennis	1	0	1	0.0
1755	Pseudoyersinia canariensis	0	0	0	0.0
1756	Pseudoyersinia lagrecai	0	0	0	0.0
1757	Pseudoyersinia paui	1	0	1	0.0
1758	Psychodomorpha	2	0	1	0.0
1759	Psychopsidae	5	0	2	0.0
1760	Psyllobora	10	0	2	1.0
1761	Pterocroce capillaris	1	0	1	0.0
1762	Pteromalidae	4	0	1	0.0
1763	Pterostichinae	4	0	2	0.0
1764	Pterostichus alexeji	0	0	0	0.0
1765	Pterostichus burkhan	0	0	0	0.0
1766	Pterostichus rodionovi	2	0	1	0.0
1767	Ptilodon	0	0	0	0.0
1768	Ptilodoninae	5	0	2	0.0
1769	Ptilophora	0	0	0	0.0
1770	Ptiloscola	2	0	1	0.0
1771	Puer maculatus	1	0	1	0.0
1772	Pycnodactylopsis	0	0	0	0.0
1773	Pygaerinae	1	0	1	0.0
1774	Rachesa	0	0	0	0.0
1775	Reclinervellus nielseni	1	0	1	0.0
1776	Rhabdorrhynchus	11	0	3	1.0
1777	Rhinocyllus	7	0	2	1.0
1778	Rhinocyllus conicus	5	0	2	0.0
1779	Rhizoglyphus robini	1	0	1	0.0
1780	Rhopalocera	46	0	4	2.0
1781	Rhopalosomatidae	2	0	1	0.0
1782	Rhynchophorus	8	0	1	0.5
1783	Rhynchophorus ferrugineus	17	0	3	1.0
1784	Ricinoides	0	0	0	0.0
1785	Ricinoides feae	0	0	0	0.0
1786	Ricinoides hanseni	1	0	1	0.0
1787	Ricinoides karschii	0	0	0	0.0
1788	Ricinoides leonensis	0	0	0	0.0
1789	Ricinoides megahanseni	0	0	0	0.0
1790	Ricinoides olounoua	0	0	0	0.0
1791	Ricinoides sjostedtii	0	0	0	0.0
1792	Ricinoididae	0	0	0	0.0
1793	Rivetina	3	0	2	0.0
1794	Rivetinini	5	0	2	0.0
1795	Rovnoholoneurus	1	0	1	0.0
1796	Sabatinca	0	0	0	0.0
1797	Sahastata sinuspersica	0	0	0	0.0
1798	Samia	2	0	2	0.0
1799	Saturnia pinratanai	0	0	0	0.0
1800	Saturniini	0	0	0	0.0
1801	Satyrus virbius	15	0	12	0.0
1802	Saurophthirus	3	0	2	0.0
1803	Saurophthirus longipes	0	0	0	0.0
1804	Scaphomorphus	6	0	2	1.0
1805	Scarabaeinae	7	0	2	0.0
1806	Scarabaeus fraterculus	6	0	1	0.5
1807	Schausiella	1	0	1	0.0
1808	Schizophora	9	0	2	0.0
1809	Sciaroidea	2	0	1	0.0
1810	Scymninae	5	0	1	0.0
1811	Selandriinae	4	0	2	0.0
1812	Sepsidae	3	0	2	0.0
1813	Sericomyrmex radioheadi	5	0	1	0.0
1814	Sicarius hahni	12	0	4	0.0
1815	Sipalinus gigas	1	0	1	0.0
1816	Sitophilus	9	0	4	0.0
1817	Smerinthini	0	0	0	0.0
1818	Sphaerites	0	0	0	0.0
1819	Sphingonotini	3	0	1	0.0
1820	Sphodromantis	2	0	1	0.0
1821	Sphodromantis viridis	3	0	1	0.0
1822	Stalagtia skadarensis	0	0	0	0.0
1823	Stenurella sennii	0	0	0	0.0
1824	Stephanocleonus	7	0	2	0.0
1825	Stephanoidea	11	0	2	0.0
1826	Sterrhinae	6	0	1	1.0
1827	Stethophyma grossum	11	0	2	0.0
1828	Stilbum cyanurum	2	0	1	0.0
1829	Streblote	1	0	1	0.0
1830	Streblote fainae	1	0	1	0.0
1831	Streblote finitorum	0	0	0	0.0
1832	Stromboscerinae	1	0	1	0.0
1833	Stromboscerus	0	0	0	0.0
1834	Sublarinus	0	0	0	0.0
1835	Surchania	0	0	0	0.0
1836	Symphypleona	3	0	1	0.0
1837	Syndesinae	4	0	1	0.0
1838	Syssphinx	0	0	0	0.0
1839	Tabaninae	2	0	1	0.0
1840	Taeniopterygidae	0	0	0	0.0
1841	Taeniopteryx	0	0	0	0.0
1842	Taeniopteryx lita	0	0	0	0.0
1843	Taeniopteryx lonicera	1	0	1	0.0
1844	Taeniopteryx maura	0	0	0	0.0
1845	Taeniopteryx mercuryi	1	0	1	0.0
1846	Taeniopteryx metequi	0	0	0	0.0
1847	Taeniopteryx nebulosa	0	0	0	0.0
1848	Tanymecus	6	0	3	0.0
1849	Taurodemus	1	0	1	0.0
1850	Temnorhinus	11	0	2	1.0
1851	Temnothorax nylanderi	3	0	1	0.0
1852	Tenthredininae	5	0	2	0.0
1853	Tenthredinoidea	6	0	1	0.0
1854	Terminasiania	0	0	0	0.0
1855	Terpsicroton alticeps	2	0	2	0.0
1856	Tetragnatha	2	0	2	0.0
1857	Tetragonothorax	0	0	0	0.0
1858	Tetrigidae	8	0	6	0.0
1859	Thermesiini	0	0	0	0.0
1860	Thomisinae	4	0	2	0.0
1861	Thomisoidea	3	0	1	0.0
1862	Thysania	1	0	1	0.0
1863	Tibiceninae	5	0	2	0.0
1864	Tilloidea	4	0	2	0.0
1865	Timarcha lugens	1	0	1	0.0
1866	Timema cristinae	2	0	1	0.0
1867	Timogenes elegans	1	0	1	0.0
1868	Tineoidea	5	0	2	0.0
1869	Tortricinae	1	0	1	0.0
1870	Trachydemus	0	0	0	0.0
1871	Trichocleonus	2	0	1	0.0
1872	Trichopria	0	0	0	0.0
1873	Trichotocleonus	1	0	1	0.0
1874	Trigonotarbida	8	0	1	0.0
1875	Trjapitzion cylindrocerus	20	0	17	0.0
1876	Trychopeplus laciniatus	2	0	1	0.0
1877	Ulomoides dermestoides	15	0	5	1.0
1878	Umma gumma	1	0	1	0.0
1879	Uraraneida	7	0	2	0.0
1880	Verophasmatodea	2	0	1	0.0
1881	Vespa basalis	43	0	5	2.0
1882	Vestalis amethystina	3	0	1	0.0
1883	Wasmanniella	0	0	0	0.0
1884	Whiteheadia	0	0	0	0.0
1885	Xanthochelus	2	0	1	0.0
1886	Xanthopan morganii	30	0	16	1.0
1887	Xanthorhoe	1	0	1	0.0
1888	Xanthorhoe fluctuata	1	0	1	0.0
1889	Xanthorhoe heliopharia	1	0	1	0.0
1890	Xanthorhoini	1	0	1	0.0
1891	Xenomacrus	0	0	0	0.0
1892	Xenomorphia	10	0	4	1.0
1893	Xenomorphia handschini	5	0	4	0.0
1894	Xenomorphia resurrecta	4	0	4	0.0
1895	Xyleborini	1	0	1	0.0
1896	Xylodromus affinis	2	0	1	0.0
1897	Yponomeutoidea	4	0	1	0.0
1898	Zerynthia	1	0	1	0.0
1899	Zygaena carniolica	3	0	1	0.0
