1	Абсолютна система відліку	36	0	4	1.0
2	Абсолютний нуль	649	9	45	18.0
3	Автоколивання	345	2	23	12.0
4	Автолізія	3	0	1	0.0
5	Агрегатний стан	1991	21	123	60.0
6	Адіабатичне наближення	14	0	2	0.0
7	Адіабатичне розмагнічування	22	0	4	0.0
8	Адіабатичний інваріант	7	0	3	0.0
9	Адрон	318	3	34	9.0
10	Аеродинаміка	522	8	31	15.0
11	Аеромеханіка	14	0	4	0.0
12	Аксино	3	0	1	0.0
13	Аксіальний струм	6	0	2	0.0
14	Аксіон	18	0	3	1.0
15	Активна фазована антенна решітка	71	0	5	2.0
16	Акумулятор тепла	39	0	8	1.0
17	Акустика	606	6	30	18.5
18	Акустичні фонони	14	0	10	0.0
19	Акустоконцентраційний ефект	3	0	2	0.0
20	Акустооптика	16	0	2	0.0
21	Алніко	17	0	3	1.0
22	Альбедо	482	4	29	13.5
23	Альфа-спектрометр	9	0	2	0.0
24	Аматорський радіозв'язок	71	0	7	2.0
25	Амбіполярна дифузія	12	0	3	1.0
26	Американське фізичне товариство	15	0	2	1.0
27	Аморфні речовини	1819	6	115	52.5
28	Амплітуда ймовірності	11	0	2	0.5
29	Амплітуда розсіяння	7	0	2	0.5
30	Амплітудна маніпуляція	70	0	9	2.0
31	Амплітудна модуляція	614	5	62	15.5
32	Аналітична механіка	14	0	3	0.0
33	Андреєвське відбиття	10	0	2	0.0
34	Анізотропний магнетоопір	2	0	1	0.0
35	Аніон	782	7	56	20.0
36	Антиматерія	524	6	44	15.0
37	Антинейтрон	22	0	3	1.0
38	Антипротон	51	0	5	1.0
39	Антисвіт	10	0	2	1.0
40	Антисегнетоелектрики	10	0	2	1.0
41	Антиферомагнетики	69	0	9	2.0
42	Аромат (квантове число)	26	0	4	1.0
43	Арсенід алюмінію	10	0	2	0.0
44	Атмосфера (одиниця вимірювання)	387	2	20	11.5
45	Атмосферна акустика	0	0	0	0.0
46	Атом	6468	42	446	199.5
47	Атомна маса	766	5	55	23.0
48	Атомна орбіталь	312	2	26	8.5
49	Атомна рефракція	3	0	1	0.0
50	Атомна теорія Дальтона	10	0	3	0.5
51	Атомна фізика	453	2	30	12.5
52	Атомна, молекулярна і оптична фізика	39	0	6	1.0
53	Атомний номер	554	4	35	16.5
54	Атомний остов	6	0	2	0.0
55	Атомний радіус	284	0	21	8.5
56	Атрактивна взаємодія	11	0	2	1.0
57	Атрактор	188	1	13	5.0
58	Аутогезія	9	0	2	0.0
59	Балістика	571	6	48	16.5
60	Баріони	163	0	21	4.0
61	Баріонний заряд	141	0	13	4.0
62	Басейн притягання	2	0	1	0.0
63	Батарея (електрика)	598	5	31	19.0
64	Безелектродна лампа	14	0	2	1.0
65	Безперервний сигнал	20	0	5	0.0
66	Бекерель	371	3	22	11.5
67	Бер	888	4	71	23.0
68	Бета-випромінювання	1752	4	145	47.0
69	Бета-розпад	3508	15	273	67.5
70	Бетатрон	18	0	2	1.0
71	Біекситон	4	0	1	0.0
72	Бінодаль	5	0	2	0.0
73	Біотехнічна система	7	0	2	0.0
74	Біполярний транзистор	2728	22	192	68.5
75	Біфуркація Андронова — Хопфа	20	0	3	1.0
76	Біфуркація подвоєння періоду	21	0	4	1.0
77	Ближнє поле	24	0	3	1.0
78	Бозон	240	1	17	6.0
79	Бозон Ґолдстоуна	1	0	1	0.0
80	Бозон Хіггса	479	4	25	15.5
81	Болометр	30	0	4	1.0
82	Борнове наближення	5	0	2	0.0
83	Брана	23	0	2	1.0
84	Бреггівська дифракція	87	1	7	2.0
85	Бреґґівський пік	17	0	5	1.0
86	Броунівський рух	1175	11	66	40.5
87	Будівельна механіка	68	0	8	2.0
88	Будівельна фізика	54	0	7	2.0
89	Бульбашка Алькуб'єрре	38	0	4	1.0
90	В'язкоеластичність	15	0	3	0.0
91	Вага	2185	10	146	67.0
92	Валентна зона	173	1	14	5.0
93	Варіаційний принцип	15	0	7	0.0
94	Вейлівський напівметал	12	0	2	1.0
95	Вектор Бюргерса	17	0	2	1.0
96	Вектор поляризації	234	1	17	5.5
97	Вектор стану	36	0	5	1.0
98	Векторний потенціал	74	0	8	2.0
99	Великий адронний колайдер	1678	25	87	54.5
100	Великий канонічний ансамбль	15	0	2	1.0
101	Великий термодинамічний потенціал	12	0	2	1.0
102	Верх валентної зони	14	0	4	1.0
103	Вибух	605	5	42	18.0
104	Вимушене випромінювання	209	1	17	5.5
105	Вимушені коливання	727	4	54	19.5
106	Випрямлення змінного струму	1612	11	122	46.0
107	Вироджений напівпровідник	50	0	7	1.0
108	Вихрові струми	520	2	38	15.5
109	Вібронна спектроскопія	11	0	2	1.0
110	Від'ємна диференційна провідність	40	0	6	1.0
111	Відбій	202	0	24	4.0
112	Віддзеркалення	167	0	27	3.0
113	Відносна густина	462	1	37	11.0
114	Відпрацьоване ядерне паливо	159	0	10	5.0
115	Відстань	1374	5	83	34.5
116	Вільна енергія Гельмгольца	200	1	17	6.0
117	Вільне падіння	1825	11	107	48.5
118	Вільний параметр	2	0	1	0.0
119	Віріальне рівняння стану	5	0	2	1.0
120	Віріальні коефіцієнти	20	0	10	1.0
121	Віртуальна частинка	20	0	3	1.0
122	Віртуальні переміщення	18	0	3	1.0
123	Віскер (металургія)	23	0	4	1.0
124	Вісь	387	2	28	12.0
125	Вісь обертання	81	0	9	2.0
126	Вісь часу	59	0	8	2.0
127	Вічний двигун	1318	9	79	36.0
128	Власна інформація	61	0	16	1.0
129	Власний напівпровідник	475	1	39	12.5
130	Власний час	49	0	5	1.5
131	Внутрішній імпеданс	3	0	1	0.0
132	Вологість	555	3	46	14.5
133	Вольт-ампер	122	0	10	4.0
134	Впливна величина	4	0	2	0.0
135	Втомне руйнування	60	0	6	2.0
136	Вторинна електронна емісія	123	0	13	3.0
137	Вторинне квантування	22	0	5	1.0
138	Вуглецеві наноконуси	4	0	2	0.0
139	Вуглецеві нанотрубки	377	4	30	10.5
140	Газовий розряд	9644	14	921	225.0
141	Газоструменевий випромінювач	25	0	3	1.0
142	Гал (фізична одиниця)	23	0	7	1.0
143	Гальванічний елемент	1491	16	89	40.0
144	Гальмівний шлях	683	3	47	20.0
145	Гамільтоніан	147	0	10	4.0
146	Гамма-промені	2895	28	188	87.0
147	Гамма-спалахи	36	0	6	1.0
148	Гамма-спектроскопія	12	0	4	1.0
149	Гармата Гауса	201	1	14	6.0
150	Гармонічні коливання	2626	24	175	81.5
151	Генерація другої гармоніки	51	0	7	1.5
152	Генерація носіїв заряду	92	0	9	2.0
153	Геометрична оптика	360	3	24	10.5
154	Геофізика	143	0	9	4.5
155	Герц	1026	14	51	32.0
156	Гетеродин	90	0	11	3.0
157	Гетероструктури	14	0	3	1.0
158	Гідроаеродинаміка	32	0	3	1.0
159	Гідрофон	12	0	2	1.0
160	Гіперболічна траєкторія	3	0	1	0.0
161	Гіперзвукова швидкість	88	0	7	3.0
162	Гіперони	10	0	3	0.0
163	Гіпотеза Ампера	254	0	23	7.0
164	Гіромагнітне співвідношення	80	0	11	3.0
165	Глісування	24	0	4	1.0
166	Глушник мобільних телефонів	33	0	4	1.0
167	Глюбол	27	0	5	1.0
168	Глюон	132	0	14	3.0
169	Головне квантове число	164	0	15	5.0
170	Голономний зв'язок	12	0	2	1.0
171	Гомопауза	5	0	1	0.0
172	Горизонт Коші	11	0	3	1.0
173	Горизонт подій	273	1	19	8.5
174	Гравітаційна сингулярність	325	5	24	9.0
175	Гравітаційне поле	174	1	12	5.0
176	Гравітаційне реліктове випромінювання	4	0	1	0.0
177	Гравітаційний радіус	136	0	18	3.0
178	Гравітино	6	0	2	0.0
179	Гравітон	125	0	9	4.0
180	Границя міцності	1052	6	71	31.0
181	Гранична швидкість	28	0	3	1.0
182	Граничні умови Борна-Кармана	13	0	2	1.0
183	Графен	828	11	54	23.0
184	Групова швидкість	143	1	22	3.0
185	Густина енергії	455	1	31	12.5
186	Густина потоку частинок	41	0	4	2.0
187	Густина станів	57	0	11	2.0
188	Густина струму	1103	5	60	37.5
189	Ґратка Бете	4	0	1	0.0
190	Давидівське розщеплення	7	0	2	0.5
191	Дальній порядок	45	0	7	2.0
192	Дарсі (одиниця)	14	0	3	0.5
193	Двомірна ядерна магнітно-резонансна спектроскопія	15	0	3	1.0
194	Двофотонне збудження	5	0	2	0.0
195	Дебай	73	0	9	2.0
196	Дейтрон	47	0	5	1.0
197	Декстерів перенос енергії	3	0	1	0.0
198	Делокалізований стан	11	0	3	1.0
199	Дельта-баріон	8	0	2	0.0
200	Детермінант Слейтера	12	0	2	1.0
201	Детермінований хаос	112	0	11	3.0
202	Дефект маси	1296	4	127	26.0
203	Деформаційний потенціал	9	0	2	1.0
204	Деформація	2320	14	135	72.0
205	Деформація згину	1039	6	78	31.0
206	Деформація зсуву	377	1	27	12.0
207	Деформація кручення	565	2	55	14.0
208	Децибел	888	11	51	27.0
209	Дециметрові хвилі	115	1	13	3.0
210	Дзеркало	860	13	46	25.0
211	Дивність	52	0	4	2.0
212	Дилатон	21	0	5	1.0
213	Динамічна рівновага	520	3	43	15.5
214	Директор (рідкий кристал)	8	0	2	1.0
215	Дислокація (кристалографія)	85	0	9	2.5
216	Дисперсійні сили	27	0	4	1.0
217	Дисперсія світла	2889	27	197	86.5
218	Диференціальний переріз розсіювання	38	0	6	1.0
219	Диференціатор	107	0	13	3.0
220	Дифракційна ґратка	4213	20	314	113.5
221	Дифракція	4206	29	310	129.0
222	Дифузійний струм	96	0	8	3.0
223	Дифузія	3736	38	205	121.0
224	Дифузія за законом Арреніуса	14	0	3	1.0
225	Дифузне відбиття світла	286	1	28	7.5
226	Діаграма станів (хімія)	3	0	1	0.0
227	Діаграма Фейнмана	46	0	5	1.0
228	Діамагнетики	437	2	38	12.0
229	Діелектрична сприйнятливість	130	0	13	4.0
230	Діелектричне дзеркало	20	0	5	1.0
231	Дійсна густина	17	0	4	1.0
232	Дійсне зображення	163	0	15	4.0
233	Діод Зенера	544	3	49	14.5
234	Дірка (квазічастинка)	418	2	26	12.0
235	Дірка Фермі	1	0	1	0.0
236	Діркова телепортація	12	0	4	0.0
237	Дно зони провідності	13	0	4	0.5
238	Довгі хвилі	144	0	11	4.0
239	Довжина вільного пробігу	323	2	23	10.0
240	Довжина хвилі	5392	38	320	181.0
241	Доплерівське розширення	27	0	6	1.0
242	Дослід радіоактивності Антуаном Анрі Беккерелем	138	0	19	3.0
243	Дослід Штерна-Герлаха	180	0	20	5.0
244	Доцентрове прискорення	706	5	65	16.5
245	Дробовий квантовий ефект Холла	11	0	2	0.0
246	Дроплетон	4	0	1	0.0
247	Друга в'язкість	5	0	2	0.0
248	Друга космічна швидкість	546	7	31	17.0
249	Другий звук	1	0	1	0.0
250	Дуант	2	0	2	0.0
251	Духи Фаддєєва — Попова	6	0	3	0.0
252	Еванесцентне поле	36	0	5	1.0
253	Евтектика	282	2	21	8.0
254	Ейнштейн (одиниця)	12	0	2	0.0
255	Ейрі кільця	3	0	1	0.0
256	Екзотичний атом	5	0	1	0.0
257	Екранування заряду	60	0	10	2.0
258	Ексимерна люмінесценція	3	0	1	0.0
259	Ексиплексна люмінесценція	6	0	2	1.0
260	Екситон	106	0	7	3.0
261	Екситон Ваньє-Мотта	18	0	4	1.0
262	Екситон Френкеля	11	0	3	1.0
263	Експеримент з олійними краплями	252	0	29	7.0
264	Експеримент Майкельсона — Морлі	221	1	34	5.0
265	Ексцентриситет орбіти	91	0	13	2.0
266	Електрети	97	0	14	2.0
267	Електрика	9622	30	736	209.5
268	Електрична енергія	1764	22	112	45.0
269	Електрична напруга	8349	62	572	250.5
270	Електричне коло	2420	18	124	75.0
271	Електричне поле	8490	49	615	228.0
272	Електричний дипольний момент	585	6	37	18.0
273	Електричний заряд	7570	40	547	228.5
274	Електричний імпеданс	626	6	45	18.5
275	Електричний потік	97	0	9	3.0
276	Електроадгезія	3	0	1	0.0
277	Електроізоляція	319	0	21	9.0
278	Електрокалоричний ефект	21	0	5	1.0
279	Електромагнітна індукція	3250	24	217	92.0
280	Електромагнітна хвиля	5576	52	339	167.5
281	Електромагнітне випромінювання	2080	23	114	62.0
282	Електромагнітне поле	1337	12	79	41.0
283	Електрон	2800	14	177	87.5
284	Електрон провідності	78	0	9	3.0
285	Електрон-діркова рідина	22	0	3	1.0
286	Електрон-фононна взаємодія	20	0	5	1.0
287	Електронна гармата	91	0	9	2.0
288	Електронна густина	78	0	7	2.0
289	Електронна енергія	3	0	2	0.0
290	Електронна лавина	66	0	8	2.0
291	Електронна оболонка	334	2	35	10.0
292	Електронна пара	46	0	5	1.0
293	Електронна спектроскопія	53	0	6	2.0
294	Електронне нейтрино	59	0	8	1.0
295	Електронний генератор	352	2	27	9.5
296	Електронний мікроскоп	661	8	42	19.5
297	Електронний парамагнітний резонанс	324	0	41	9.0
298	Електронний стан	24	0	4	1.0
299	Електронно-променева установка	4	0	2	0.0
300	Електрооптичний ефект	38	0	5	2.0
301	Електрорушійна сила	4226	33	333	128.5
302	Електростатика	5162	5	460	97.0
303	Електростатична індукція	477	1	39	11.5
304	Електростатична лінза	20	0	4	1.0
305	Електростатичний генератор Ван де Граафа	227	0	27	6.0
306	Електростатичний потенціал	5341	20	414	136.0
307	Емітанс пучка	6	0	2	0.0
308	Енергетичний рівень	230	2	34	5.5
309	Енергетичний спектр	86	0	15	2.0
310	Енергія вакууму	4399	3	362	97.5
311	Енергія зв'язку	1370	2	127	23.0
312	Еніон	8	0	2	0.0
313	Ентропія змішування	18	0	2	1.0
314	Ергодична гіпотеза	17	0	3	1.0
315	Ета-мезон	6	0	3	0.0
316	Ефект Вігнера	49	0	7	1.0
317	Ефект де Гааза-ван Альфена	5	0	2	0.0
318	Ефект Джоуля-Томсона	86	0	8	3.0
319	Ефект Доплера	862	11	47	25.0
320	Ефект Зеемана	155	1	13	5.0
321	Ефект Зеєбека	311	1	26	9.0
322	Ефект Казимира	97	0	9	3.0
323	Ефект Керра	78	0	6	2.0
324	Ефект Кея	9	0	3	1.0
325	Ефект конденсатного диску	53	0	5	2.0
326	Ефект Кондо	6	0	2	0.0
327	Ефект Коттона — Мутона	10	0	3	1.0
328	Ефект Мейснера	109	0	18	3.0
329	Ефект Міхеєва — Смирнова — Вольфенштейна	3	0	1	0.0
330	Ефект Нернста	33	0	6	1.5
331	Ефект Овергаузера	16	0	7	0.5
332	Ефект Оже	35	0	4	1.0
333	Ефект Пельтьє	214	1	19	6.0
334	Ефект Перселла	5	0	2	0.0
335	Ефект Рамана	3	0	2	0.0
336	Ефект Рамзауера	53	0	7	1.5
337	Ефект Рашби	6	0	2	0.0
338	Ефект Реннера	2	0	1	0.0
339	Ефект Реннера — Теллера	2	0	2	0.0
340	Ефект Тіндаля	139	1	13	3.5
341	Ефект Томсона	94	0	12	3.0
342	Ефект Фарадея	131	1	10	4.0
343	Ефект Франца-Келдиша	6	0	1	1.0
344	Ефект Штарка	56	0	8	1.0
345	Ефективна густина станів	24	0	3	1.0
346	Ефективна маса	58	0	5	2.0
347	Ефективна площа розсіювання	65	1	5	2.0
348	Ефективна температура	82	0	10	2.0
349	Ефективний коефіцієнт розмноження нейтронів	317	1	30	6.0
350	Ехолокація	344	0	27	11.0
351	Жаропродуктивність	9	0	3	1.0
352	Загальна коваріантність	8	0	1	0.5
353	Задача трьох тіл	102	0	9	3.0
354	Закон Ампера	2683	18	161	88.5
355	Закон Архімеда	4122	41	246	125.0
356	Закон Беца	12	0	4	1.0
357	Закон Бугера — Ламберта — Бера	1099	7	69	33.0
358	Закон всесвітнього тяжіння	3186	20	222	87.5
359	Закон Гука	4119	24	241	119.5
360	Закон Ґейґера — Неттола	25	0	4	2.0
361	Закон Дальтона	305	0	28	8.5
362	Закон Дебая	43	0	9	1.0
363	Закон Джоуля — Ленца	4593	20	309	129.0
364	Закон дисперсії	240	1	16	8.0
365	Закон Дюлонга — Пті	121	0	15	3.0
366	Закон збереження енергії	17564	47	1353	421.0
367	Закон збереження імпульсу	9596	17	820	248.5
368	Закон збереження маси	2120	4	232	55.5
369	Закон Мозлі	129	0	14	4.0
370	Закон рівнорозподілу	37	0	4	1.0
371	Закон Снеліуса	338	1	23	10.0
372	Закони термодинаміки	851	4	56	27.0
373	Закони Фіка	400	1	33	10.5
374	Залишкова намагніченість	28	0	3	1.0
375	Залізний пік	24	0	8	1.0
376	Заломлення	2197	12	132	69.0
377	Замерзання	117	1	10	3.0
378	Запізнення	19	0	3	1.0
379	Заряджена частинка	319	0	25	9.0
380	Заряджений струм	0	0	0	0.0
381	Зарядове спряження	16	0	3	0.0
382	Збіднений уран	54	0	16	1.0
383	Зброя спрямованої енергії	41	0	5	1.0
384	Збуджений стан квантовомеханічної системи	37	0	4	2.0
385	Зведена маса	32	0	4	1.0
386	Зворотність	48	0	6	1.0
387	Звукова енергія	23	0	3	1.0
388	Звуковий удар	35	0	5	1.0
389	Згасаюча хвиля	14	0	4	0.0
390	Зиб	22	0	4	1.0
391	Зминання	44	0	10	1.0
392	Змінний конденсатор	170	0	17	4.0
393	Змінний струм	4637	57	245	146.0
394	Змінні дія — кут	4	0	2	0.0
395	Золото	4277	26	390	107.5
396	Зона провідності	152	0	17	3.0
397	Зонне плавлення	32	0	5	1.0
398	Зоряний нуклеосинтез	30	0	5	1.0
399	Ізобари (ядерна фізика)	74	0	8	2.0
400	Ізовалентна домішка	3	0	1	0.0
401	Ізоентропійний процес	48	0	8	1.0
402	Ізолятор Мотта	6	0	2	0.0
403	Ізотермічний процес	3017	20	191	104.5
404	Ізотопи	3090	23	233	82.0
405	Ізотопічний спін	30	0	6	1.0
406	Ізотопна поширеність	16	0	6	1.0
407	Імплозія (фізика)	22	0	3	1.0
408	Імпульсна модуляція	200	0	27	4.0
409	Імпульсно-кодова модуляція	264	1	30	6.0
410	Інваріант (фізика)	59	0	5	2.0
411	Інваріанти електромагнітного поля	22	0	4	1.0
412	Інверсна заселеність	204	1	16	6.0
413	Індуктивність	2878	19	186	85.5
414	Індукційний струм	832	6	73	24.0
415	Інерційна система відліку	1152	5	117	31.0
416	Інерція	1512	17	93	46.0
417	Інжекція носіїв заряду	68	0	8	2.0
418	Інженерно-фізичний факультет НТУУ «КПІ»	16	0	2	1.0
419	Інкремент наростання	3	0	1	0.0
420	Інтеграл вздовж траєкторій	49	0	5	1.0
421	Інтеграл перекриття	6	0	2	0.0
422	Інтенсивна величина	44	0	4	2.0
423	Інтеркомбінаційна конверсія	26	0	8	1.0
424	Інтерференція хвиль	1166	10	73	34.0
425	Інтерферометр Майкельсона	93	0	9	3.0
426	Інтерферометр Фабрі-Перо	87	0	11	3.0
427	Інформаційна ентропія	955	7	61	28.5
428	Інфразвук	1410	13	106	37.5
429	Інфразвукова зброя	87	0	12	2.0
430	Іон	2130	21	133	59.0
431	Іонізаційна рівновага	22	0	4	1.0
432	Іоністор	235	1	15	7.5
433	Іонна пастка	3	0	1	0.0
434	Іонний звук	2	0	1	0.0
435	Іпсилон-мезон	5	0	2	0.0
436	Іскрова камера	30	0	17	1.0
437	Іскровий розряд	4403	5	391	97.0
438	Історія механіки	202	0	19	5.0
439	Історія телескопа	314	0	25	9.5
440	Історія фізики	803	4	60	22.0
441	Йод-131	424	2	24	14.0
442	Йодид калію	577	6	41	18.0
443	Йонний кристал	71	0	12	2.0
444	Калібрувальна інваріантність	52	0	5	1.0
445	Калібрувальний бозон	33	0	4	1.0
446	Калорія	904	16	50	28.0
447	Камера Вільсона	3261	16	439	65.0
448	Каналювання	2	0	2	0.0
449	Канонічне перетворення	41	0	6	1.0
450	Канонічний ансамбль (фізика)	25	0	9	1.0
451	Каони	66	0	7	2.0
452	Капілярний ефект	550	3	38	18.0
453	Каустика	45	0	5	1.0
454	Квадратурно-амплітудна модуляція	191	0	26	4.5
455	Квадратурно-фазова модуляція	5	0	2	0.0
456	Квадрупольний момент	34	0	5	1.0
457	Квазікласичне наближення	52	0	5	2.0
458	Квазікристал	39	0	9	1.0
459	Квазічастинка	130	0	13	4.0
460	Квант магнітного потоку	27	0	4	1.0
461	Квантова гравітація	143	0	12	4.0
462	Квантова декогеренція	45	0	5	1.0
463	Квантова дротина	6	0	2	0.0
464	Квантова інформація	38	0	7	1.0
465	Квантова криптографія	136	0	14	4.0
466	Квантова логіка	17	0	2	1.0
467	Квантова механіка	1230	16	76	35.0
468	Квантова телепортація	124	1	8	4.0
469	Квантова точка	117	0	13	3.0
470	Квантова тривіальність	6	0	1	1.0
471	Квантова хімія	114	0	14	3.0
472	Квантова яма	25	0	2	1.0
473	Квантовий байєсіанізм	17	0	6	1.0
474	Квантовий вихід	116	0	10	3.0
475	Квантовий ефект	3	0	1	0.0
476	Квантовий ефект Холла	100	0	10	3.0
477	Квантовий комп'ютер	1114	15	66	33.0
478	Квантовий перехід	20	0	3	1.0
479	Квантовий стан	122	0	8	4.0
480	Квантовий стрибок	95	0	9	3.0
481	Квантовий хаос	10	0	3	0.5
482	Квантування Дірака	7	0	4	0.0
483	Кварк	1103	15	65	33.5
484	Кварконій	9	0	1	0.0
485	Кільця Ньютона	630	4	48	16.0
486	Кінематика	977	9	72	30.5
487	Кінетична енергія	12174	36	1018	289.0
488	Кінетична теорія	633	3	49	17.0
489	Кінетичне рівняння	89	1	13	2.0
490	Кінцевий ефект	439	1	32	13.5
491	Класична електродинаміка	511	2	33	14.5
492	Класична фізика	60	0	7	1.0
493	Кластер (фізика)	41	0	5	1.0
494	Клин (механіка)	1398	2	110	40.5
495	Клістрон	52	0	6	1.0
496	Кліщі вимірювальні	34	0	4	1.0
497	КМОН	270	2	27	6.5
498	Когезія	212	0	20	6.0
499	Когерентність	1819	19	117	56.5
500	Коефіцієнт дифузії	237	1	26	6.5
501	Коефіцієнт екстинкції	190	1	15	5.0
502	Коефіцієнт жорсткості	4934	23	383	124.0
503	Коефіцієнт корисної дії	7219	25	523	196.0
504	Коефіцієнт підсилення антени	147	0	23	4.0
505	Коефіцієнт рекомбінації	7	0	2	0.0
506	Коефіцієнт самодифузії	12	0	4	1.0
507	Коефіцієнт теплового розширення	300	2	20	9.0
508	Колайдер	216	2	13	6.0
509	Колапс хвильової функції	53	1	5	2.0
510	Коливальний контур	2706	24	164	88.5
511	Коливання	3251	26	205	94.5
512	Коліматор	129	1	11	3.0
513	Колірна температура	414	5	22	12.0
514	Кольоровий заряд	79	0	17	1.0
515	Комірка Вігнера — Зейтца	17	0	3	1.0
516	Компенсований напівпровідник	13	0	6	1.0
517	Комплекс з переносом заряду	8	0	2	1.0
518	Композити	1835	16	158	49.0
519	Комптонівське розсіювання	355	2	31	10.0
520	Конденсація Бозе — Ейнштейна	209	1	25	5.5
521	Контактна різниця потенціалів	284	1	21	7.0
522	Конфайнмент	111	1	8	3.0
523	Копенгагенська інтерпретація	72	0	8	2.0
524	Кореляційна енергія	12	0	2	1.0
525	Коронний розряд	4020	4	368	90.0
526	Космологічна сингулярність	112	0	9	4.0
527	Космологічна стала	80	0	9	2.0
528	Космологічний масштабний фактор	10	0	4	0.0
529	Котушка Гельмгольца	27	0	5	1.0
530	Кристалізація сплавів	129	1	9	4.0
531	Критерій Ліндеманна	2	0	1	0.0
532	Критична точка	229	3	19	7.0
533	Критичний тиск	47	0	8	1.0
534	Критичні індекси	9	0	5	0.0
535	Кріоелектронна мікроскопія	51	0	12	1.0
536	Кріолюмінесценція	7	0	2	0.0
537	Крутильні ваги	10	0	2	0.0
538	Ксі-баріон	7	0	2	0.0
539	Кубічний метр	2256	30	101	73.5
540	Кулон (одиниця)	1152	5	86	30.0
541	Куперівська пара	56	0	11	2.0
542	Кут Брюстера	377	4	31	10.0
543	Кут змочування	265	0	26	8.0
544	Кутова модуляція	49	0	9	1.0
545	Кутова швидкість	1326	12	80	44.0
546	Кутове прискорення	479	2	40	13.0
547	Лабораторна система	4	0	2	0.0
548	Лазер на вільних електронах	21	0	2	1.0
549	Лазерна абляція	29	0	3	1.0
550	Лазерний гіроскоп	40	0	6	1.0
551	Лазерний далекомір	130	0	17	4.0
552	Лампа біжної хвилі	39	0	4	1.0
553	Ланцюгова реакція	774	4	75	20.5
554	Ларморова частота	17	0	4	0.5
555	Лембів зсув	126	0	13	3.0
556	Лептон	313	3	35	9.0
557	Лептонний заряд	51	0	6	1.0
558	Ліквідус	54	0	7	2.0
559	Лінза	3543	30	281	88.0
560	Лінійне середовище	5	0	1	1.0
561	Лінійчастий спектр	1746	7	156	41.5
562	Лічильник Гейгера	1764	16	164	45.5
563	Лічильник сцинтиляцій	174	0	20	4.0
564	Локалізація Андерсона	13	0	2	1.0
565	Локалізований плазмон	20	0	4	0.0
566	Локалізований стан	26	0	3	1.0
567	Лоренц-коваріантність	9	0	2	0.0
568	Лужна батарейка	306	5	18	9.0
569	Луна (акустичне явище)	236	1	17	7.5
570	Людвіг Валентин Лоренц	1	0	1	0.0
571	Люмінесценція	1321	12	75	40.0
572	Лямбда-баріон	16	0	2	1.0
573	Лямбда-точка	8	0	2	0.0
574	М-теорія	92	0	7	3.0
575	Магічні числа	48	0	5	1.0
576	Магічні ядра	53	0	6	2.0
577	Магнетизм	568	4	35	18.0
578	Магнетон Бора	74	0	7	3.0
579	Магнетоопір	48	0	8	1.0
580	Магнетрон	312	2	20	10.0
581	Магній	2136	21	135	59.5
582	Магнітна еквівалентність	1	0	1	0.0
583	Магнітна лінза	11	0	2	0.0
584	Магнітне динамо	11	0	2	1.0
585	Магнітне екранування ядра	4	0	1	1.0
586	Магнітне квантове число	144	1	17	5.0
587	Магнітне перез'єднання	8	0	5	0.0
588	Магнітний домен	87	0	10	2.0
589	Магнітний момент	532	6	40	16.0
590	Магнітний момент протона	6	0	1	0.0
591	Магнітний монополь	44	0	9	1.0
592	Магнітний перехід	0	0	0	0.0
593	Магнітний потік	2217	15	141	65.0
594	Магнітний резонанс	151	1	15	4.0
595	Магнітогідродинаміка	26	0	4	1.0
596	Магніторушійна сила	102	0	18	3.0
597	Магнон	39	0	10	1.0
598	Майорон	3	0	1	0.0
599	Майстер-рівняння	3	0	1	0.0
600	Маса електрона	979	4	74	27.0
601	Масове число	985	3	75	22.5
602	Матеріал	651	8	38	18.0
603	Матеріальна точка	1084	9	109	31.0
604	Матриці Дірака	45	0	4	1.0
605	Матриця густини	20	0	3	1.0
606	Матриця жорсткості	47	0	7	2.0
607	Матриця розсіяння	21	0	4	1.0
608	Матрична механіка	25	0	3	1.0
609	Маятник	652	2	53	18.0
610	Межа Чандрасекара	63	0	7	2.0
611	Мезони	146	0	15	4.0
612	Мезоскопічна фізика	16	0	3	0.5
613	Металічний водень	42	0	7	1.0
614	Металічний зв'язок	648	6	52	20.0
615	Метастабільний стан	141	0	15	4.0
616	Метод Гартрі — Фока	53	0	9	2.0
617	Метод матриць переходу	9	0	2	0.5
618	Метод Чохральського	118	1	10	3.0
619	Метрика простору-часу	58	0	5	2.0
620	Метрика Фрідмана-Леметра-Робертсона-Вокера	31	0	5	1.0
621	Метрика Шварцшильда	67	0	10	2.0
622	Механізм Хіггса	49	0	4	1.0
623	Механічна рівновага	355	1	32	10.5
624	Міжатомна взаємодія	83	1	7	3.0
625	Міжнародний експериментальний термоядерний реактор	353	3	20	11.5
626	Мікроскопічний масштаб	10	0	2	0.0
627	Міліметрові хвилі	82	0	9	2.0
628	Мільйонна частка	562	7	34	15.0
629	Модель Габбарда	5	0	2	0.0
630	Модель Гарячого Всесвіту	54	0	7	2.0
631	Модель желе	13	0	5	0.0
632	Модель Ізінга	48	0	6	1.0
633	Модифікована ньютонівська динаміка	6	0	2	0.0
634	Модулі пружності	165	0	13	5.0
635	Модулометр	4	0	1	0.0
636	Модуль зсуву	220	1	19	5.0
637	Модуль Юнга	2188	11	128	67.5
638	Модуляція (фізика)	658	4	60	16.5
639	Модуляція добротності	12	0	5	0.0
640	Молекула	2429	21	139	72.5
641	Молекулярна динаміка	55	0	6	1.0
642	Молекулярна орбіталь	62	1	8	1.5
643	Молекулярна рефракція	11	0	2	1.0
644	Молекулярні кристали	56	0	6	1.0
645	Молекулярно-променева епітаксія	51	0	9	1.0
646	Момент сили	3634	16	242	107.0
647	Монохроматична плоска хвиля	516	6	32	15.0
648	Монохроматор	118	1	9	3.0
649	Монохромія	228	1	16	6.5
650	Мультиплетність	41	0	4	1.0
651	Мультипольний момент	7	0	1	0.0
652	Мюон	169	1	15	5.0
653	Мюоній	3	0	1	0.0
654	Наближення ефективного середовища	12	0	2	1.0
655	Наближення сильного зв'язку	11	0	1	1.0
656	Нагніт лазера	16	0	6	1.0
657	Надвипромінювання Діке	3	0	1	0.0
658	Надґратка	36	0	6	1.0
659	Надкритична рідина	18	0	3	1.0
660	Надплинність	119	0	7	3.5
661	Надпорогова іонізація	1	0	1	0.0
662	Надтверді матеріали	18	0	3	1.0
663	Нанодротини	15	0	4	0.0
664	Наноелектромеханічні системи	23	0	4	0.5
665	Наноіоніка	1	0	1	0.0
666	Нанооболонка	2	0	2	0.0
667	Наноскопічний масштаб	5	0	2	0.0
668	Нанотехнології	2500	19	164	73.5
669	Наночастинка	222	1	16	6.0
670	Напівметал (спінтроніка)	6	0	2	0.5
671	Напівпровідник	6166	55	457	188.0
672	Напівпровідник p-типу	799	2	74	21.0
673	Напівтінь	138	0	15	4.0
674	Напруженість магнітного поля	1136	11	65	34.0
675	Напруження	1040	8	62	32.5
676	Народження пар	40	0	5	1.0
677	Насичена пара	1547	10	101	47.5
678	Нат (одиниця вимірювання)	37	0	5	1.0
679	Наукова містифікація	16	0	3	1.0
680	Небо	326	2	20	10.0
681	Нейтраліно	18	0	4	0.5
682	Нейтральна частинка	59	0	6	2.0
683	Нейтрино	682	8	42	20.0
684	Нейтрон	1994	11	152	47.5
685	Нейтронно-адсорбційний аналіз	0	0	0	0.0
686	Нелінійна система	274	1	20	7.0
687	Нематик	42	0	5	1.0
688	Ненасичена пара	496	0	40	15.5
689	Непрямий екситон	0	0	0	0.0
690	Нерозв'язані проблеми фізики	181	0	13	5.0
691	Нормальний порядок	4	0	2	0.0
692	Нормальні коливання	96	0	8	3.5
693	Нормальні умови	414	2	33	12.0
694	Носії заряду	4242	20	403	101.0
695	Нотація бра-кет	49	0	4	2.0
696	Нуклеація	17	0	4	0.5
697	Нуклеосинтез	167	1	13	5.0
698	Нуклід	443	5	22	14.0
699	Нуклон	766	3	64	23.0
700	Нульовий звук	6	0	1	1.0
701	Нульовий стан квантової системи	15	0	3	1.0
702	Нульові коливання	133	1	11	4.0
703	Об'єднана теорія поля	43	0	4	1.0
704	Об'єднаний інститут ядерних досліджень	36	0	3	1.0
705	Обернений простір	13	0	3	1.0
706	Обернений сантиметр	32	0	5	1.0
707	Обертання	423	1	28	13.0
708	Обійдені ядра	10	0	2	0.0
709	Область збіднення	21	0	5	1.0
710	Обмінна взаємодія	50	0	4	2.0
711	Оболонкова модель ядра	74	0	11	2.0
712	Обчислювальна гідродинаміка для зміни фази матеріалів	2	0	1	0.0
713	Обчислювальна механіка	0	0	0	0.0
714	Обчислювальна фізика	26	0	2	1.5
715	Одноатомний газ	42	0	4	1.0
716	Одноелектронне наближення	23	0	4	1.0
717	Оже-рекомбінація	17	0	2	1.0
718	Оже-спектроскопія	49	0	5	2.0
719	Омега-баріон	11	0	3	0.0
720	Омега-мезон	3	0	1	0.0
721	Омічний контакт	55	0	6	1.0
722	Ондулятор	12	0	3	1.0
723	Оперативний запас реактивності	192	0	19	6.0
724	Оператор еволюції	12	0	2	0.5
725	Оператор числа частинок	2	0	1	0.0
726	Оператори народження та знищення	29	0	3	1.0
727	Операція молекулярної машини	4	0	2	0.0
728	Опорний сигнал	60	0	7	2.0
729	Опромінення	810	10	51	23.0
730	Оптика тонких плівок	30	0	2	1.0
731	Оптична активність	231	0	16	6.0
732	Оптична вісь	149	0	15	4.0
733	Оптична вісь кристалу	36	0	4	1.0
734	Оптична густина	857	5	59	26.5
735	Оптична сила	1307	8	88	40.5
736	Оптична теорема	0	0	0	0.0
737	Оптичне випромінювання	277	1	20	7.0
738	Оптичний параметричний осцилятор	4	0	1	0.0
739	Оптичний стіл	8	0	2	0.0
740	Оптичний телескоп	74	0	10	2.0
741	Оптичний фонон	9	0	4	0.0
742	Оптично активні речовини	228	2	19	6.0
743	Оптоволокно	1399	20	81	40.5
744	Орбітальне квантове число	125	0	16	3.0
745	Орбітон	3	0	1	0.0
746	Органічний світлодіод	272	3	18	8.5
747	Органічні напівпровідники	59	0	5	3.0
748	Освітленість	1256	11	74	37.0
749	Основна фізична величина	354	1	29	9.0
750	Осцилятор Лоренца	5	0	2	0.0
751	Осциляції нейтрино	28	0	4	1.0
752	Осциляції Рабі	6	0	2	0.0
753	Осциляції Шубнікова — де Гааза	9	0	3	1.0
754	П'єзоелектрики	155	0	10	4.5
755	П'єзоефект	350	1	31	11.0
756	Пара	495	4	27	16.5
757	Парадокс близнят	171	0	19	4.5
758	Парадокс Еренфеста	24	0	5	1.0
759	Парадокс субмарини	25	0	4	1.0
760	Парамагнетики	495	3	34	14.5
761	Пасивна радіолокація	67	0	8	2.0
762	Пентакварк	25	0	3	1.0
763	Перетворення Гільберта	32	0	8	1.0
764	Перехресна ентропія	63	0	6	2.0
765	Період напіврозпаду	3874	29	293	94.5
766	Питомий імпульс	45	0	10	1.0
767	Питомий коефіцієнт поглинання електромагнітної енергії	85	0	8	2.5
768	Піони	385	3	22	12.0
769	Плазмон	58	0	8	2.0
770	Плутоній-239	508	6	32	16.0
771	Повне внутрішнє відбиття	1248	11	84	40.5
772	Позитрон	504	5	48	13.0
773	Позитроній	29	0	3	1.0
774	Поляритон	39	0	5	1.0
775	Полярон	18	0	5	0.5
776	Померон	6	0	2	0.0
777	Попов Олександр Степанович	734	6	102	21.0
778	Посудина Дьюара	162	1	13	4.5
779	Поширення радіохвиль	499	2	53	11.5
780	Припустиме затухання	1	0	1	0.0
781	Проект Y	41	0	4	2.0
782	Протон	3174	14	222	78.0
783	Радар	502	7	25	16.0
784	Радар із синтезованою апертурою	46	0	4	1.0
785	Радіаційна аварія	682	8	49	19.5
786	Радіоелектронна протидія	54	0	6	1.0
787	Радіозв'язок	576	3	35	16.5
788	Радіолокаційні перешкоди	42	0	4	1.0
789	Радіофотонна РЛС	14	0	2	1.0
790	Реактивний рух	7805	8	675	213.0
791	Рейкотрон	72	0	7	2.0
792	Рівняння Греда — Шафранова	7	0	2	1.0
793	Рідкі кристали	2916	19	191	84.0
794	Ро-мезон	2	0	1	0.0
795	Розходження Кульбака — Лейблера	46	0	6	1.5
796	Ротон	21	0	4	1.0
797	Рутеній	173	1	22	4.0
798	Світлодіод	1325	15	79	38.0
799	Сигма-баріон	10	0	2	0.0
800	Сигма-дельта-модуляція	67	0	7	2.0
801	Сила Лоренца	3555	19	195	116.0
802	Спектральна ефективність	56	0	7	2.0
803	Спектрофотометр	188	1	15	4.0
804	Список позначень у фізиці	7610	31	496	214.5
805	Спільна ентропія	22	0	12	1.0
806	Сплутані квантові стани	282	1	22	8.0
807	Стандартний стан	230	1	20	6.0
808	Статистичний шум	7	0	3	0.0
809	Стерильне нейтрино	14	0	3	0.0
810	Супергетеродинний радіоприймач	169	0	19	4.0
811	Суперсиметрія	138	0	10	4.0
812	Супутниковий зв'язок	487	3	59	13.5
813	Сферміон	2	0	1	0.0
814	Тау-лептон	24	0	4	1.0
815	Тахіони	230	2	13	7.0
816	Телур	309	4	22	9.0
817	Теорія де Бройля — Бома	68	0	7	2.0
818	Теплобачення	181	0	15	6.0
819	Термоядерна енергія	1394	10	113	34.5
820	Тета-мезон	0	0	0	0.0
821	Тетракварк	11	0	2	0.0
822	Томаш Станецький	3	0	1	0.0
823	Торій	396	2	45	11.0
824	Траєкторія	810	7	55	24.5
825	Тритій	487	4	47	13.0
826	Тріон	16	0	3	1.0
827	Уран-235	2329	12	129	77.0
828	Фазова модуляція	221	1	24	5.5
829	Фазована антенна решітка	248	0	36	5.0
830	Ферміон	317	3	19	10.0
831	Фі-мезон	4	0	2	0.0
832	Фізика	5618	56	359	162.0
833	Фізика низьких температур (журнал)	24	0	5	1.0
834	Фонон	222	1	29	6.0
835	Формула Койде	11	0	2	0.5
836	Фотон	3094	34	179	89.0
837	Фундаментальна частинка	62	0	8	1.5
838	Функція розподілу (статистична фізика)	18	0	3	1.0
839	Хронологія квантових обчислень	19	0	2	1.0
840	Циклотронна маса	4	0	1	1.0
841	Частотна модуляція	526	2	47	14.0
842	Черенковське випромінювання	1271	5	74	41.5
843	Число Авогадро	1696	11	100	54.0
844	Число Маха	610	8	31	18.0
845	Шипіння (ядерна зброя)	11	0	2	1.0
846	Шлях (фізика)	1651	11	107	46.0
847	Ядерна енергетика	2269	18	129	67.5
848	Ядерне випробування	333	2	26	9.5
849	Ядерний вибух	1017	10	64	30.0
850	Ядро атома	4232	19	346	113.0
851	B-кварк	17	0	7	0.5
852	B-мезон	5	0	1	0.0
853	BeamForming	61	0	5	1.0
854	C-кварк	21	0	3	1.0
855	CERN	421	5	29	12.5
856	D-кварк	31	0	9	1.0
857	D-мезон	2	0	1	0.0
858	J/ψ-мезон	4	0	1	0.0
859	Ku-діапазон	103	0	10	2.0
860	S-кварк	23	0	5	1.0
861	T-кварк	30	0	5	1.0
862	T-мезон	6	0	2	0.0
863	U-кварк	40	0	7	1.0
864	W- і Z-бозони	32	0	6	1.0
865	Wendelstein 7-X	34	0	4	1.0
866	X та Y бозони	8	0	2	0.0
