1	Абсолютна система відліку	26	0	3	1.0
2	Абсолютний нуль	414	4	86	9.0
3	Автоколивання	11	0	3	0.0
4	Автолізія	1	0	1	0.0
5	Агрегатний стан	393	5	28	11.0
6	Адіабатичне наближення	4	0	1	0.0
7	Адіабатичне розмагнічування	16	0	3	0.0
8	Адіабатичний інваріант	1	0	1	0.0
9	Адрон	131	0	11	3.5
10	Аеродинаміка	243	1	15	8.0
11	Аеромеханіка	1	0	1	0.0
12	Азот	1216	19	63	40.0
13	Аксино	8	0	2	0.0
14	Аксіальний струм	2	0	1	0.0
15	Аксіон	25	0	10	0.0
16	Активна фазована антенна решітка	58	0	6	2.0
17	Актиній	50	0	8	1.0
18	Актиноїди	105	0	15	3.0
19	Акумулятор тепла	20	0	3	1.0
20	Акустика	156	0	11	4.5
21	Акустичні фонони	2	0	1	0.0
22	Акустоконцентраційний ефект	3	0	1	0.0
23	Акустооптика	7	0	3	0.0
24	Алніко	11	0	2	0.0
25	Альбедо	197	1	13	5.0
26	Альфа-спектрометр	7	0	2	0.0
27	Алюміній	1034	12	76	25.0
28	Аматорський радіозв'язок	88	0	7	3.0
29	Амбіполярна дифузія	2	0	1	0.0
30	Американське фізичне товариство	17	0	3	0.5
31	Америцій	59	0	6	2.0
32	Аморфні речовини	153	1	12	4.0
33	Амплітуда ймовірності	9	0	1	0.0
34	Амплітуда розсіяння	6	0	1	0.0
35	Амплітудна маніпуляція	21	0	3	1.0
36	Амплітудна модуляція	113	0	8	3.0
37	Аналітична механіка	7	0	2	0.0
38	Андреєвське відбиття	9	0	6	0.0
39	Анізотропний магнетоопір	1	0	1	0.0
40	Аніон	150	0	11	4.5
41	Антиматерія	465	6	72	11.0
42	Антинейтрон	18	0	3	1.0
43	Антипротон	43	0	12	1.0
44	Антисвіт	9	0	3	0.0
45	Антисегнетоелектрики	3	0	1	0.0
46	Антиферомагнетики	30	0	4	1.0
47	Аргон	279	2	16	9.0
48	Аромат (квантове число)	21	0	3	1.0
49	Арсен	381	5	27	11.0
50	Арсенід алюмінію	5	0	1	0.0
51	Астат	83	0	8	2.0
52	Атмосфера (одиниця вимірювання)	287	4	17	8.5
53	Атмосферна акустика	1	0	1	0.0
54	Атом	1408	23	70	43.0
55	Атомна маса	236	3	21	6.0
56	Атомна орбіталь	91	0	11	2.0
57	Атомна рефракція	1	0	1	0.0
58	Атомна теорія Дальтона	16	0	3	1.0
59	Атомна фізика	45	0	4	1.0
60	Атомна, молекулярна і оптична фізика	11	0	3	0.0
61	Атомний номер	174	1	17	5.0
62	Атомний остов	1	0	1	0.0
63	Атомний радіус	64	0	6	1.5
64	Атрактивна взаємодія	6	0	2	0.0
65	Атрактор	84	0	9	2.5
66	Аутогезія	4	0	1	0.0
67	Балістика	243	2	20	8.0
68	Барій	173	0	17	5.0
69	Баріони	54	0	6	1.0
70	Баріонний заряд	30	0	4	1.0
71	Басейн притягання	2	0	1	0.0
72	Батарея (електрика)	320	1	21	9.0
73	Безелектродна лампа	6	0	2	0.0
74	Безперервний сигнал	25	0	2	1.0
75	Бекерель	162	1	10	5.0
76	Бер	318	3	23	10.0
77	Берилій	326	2	25	9.0
78	Берклій	50	0	6	1.0
79	Бета-випромінювання	79	0	9	2.0
80	Бета-розпад	179	2	15	5.0
81	Бетатрон	16	0	4	0.0
82	Біекситон	2	0	1	0.0
83	Бінодаль	7	0	3	0.0
84	Біотехнічна система	0	0	0	0.0
85	Біполярний транзистор	368	3	39	10.0
86	Бісмут	280	3	34	7.0
87	Біфуркація Андронова — Хопфа	6	0	2	0.0
88	Біфуркація подвоєння періоду	1	0	1	0.0
89	Ближнє поле	18	0	6	0.5
90	Бозон	110	0	9	4.0
91	Бозон Ґолдстоуна	6	0	3	0.0
92	Бозон Хіггса	303	4	25	9.0
93	Болометр	8	0	1	0.0
94	Бор	394	5	21	12.0
95	Борій	31	0	5	1.0
96	Борнове наближення	0	0	0	0.0
97	Брана	28	0	4	1.0
98	Бреггівська дифракція	13	0	2	0.0
99	Бреґґівський пік	2	0	1	0.0
100	Брижі (хвилі)	30	0	4	1.0
101	Бром	342	4	16	11.0
102	Броунівський рух	238	1	17	7.5
103	Будівельна механіка	37	0	5	1.0
104	Будівельна фізика	11	0	3	0.5
105	Бульбашка Алькуб'єрре	34	0	4	1.0
106	В'язкоеластичність	17	0	2	0.0
107	Вага	587	2	35	18.5
108	Валентна зона	22	0	3	0.0
109	Ванадій	164	2	10	5.5
110	Варіаційний принцип	7	0	1	0.0
111	Вейлівський напівметал	5	0	1	0.0
112	Вектор Бюргерса	9	0	2	0.0
113	Вектор поляризації	37	0	5	1.0
114	Вектор стану	12	0	2	0.0
115	Векторний потенціал	30	0	3	1.0
116	Великий адронний колайдер	1126	15	147	28.0
117	Великий канонічний ансамбль	8	0	3	0.0
118	Великий термодинамічний потенціал	6	0	1	0.0
119	Верх валентної зони	4	0	1	0.0
120	Вибух	151	1	14	5.0
121	Вимушене випромінювання	23	0	3	1.0
122	Вимушені коливання	30	0	7	0.5
123	Випрямлення змінного струму	333	2	56	6.0
124	Вироджений напівпровідник	10	0	3	0.0
125	Вихрові струми	160	0	12	5.0
126	Вібронна спектроскопія	7	0	2	0.0
127	Вігнерівський кристал	7	0	3	0.0
128	Від'ємна диференційна провідність	18	0	9	0.0
129	Відбій	28	0	3	1.0
130	Віддзеркалення	31	0	5	1.0
131	Відносна густина	84	0	7	2.0
132	Відпрацьоване ядерне паливо	58	0	5	1.5
133	Відстань	277	1	18	8.5
134	Вільна енергія Гельмгольца	29	0	5	1.0
135	Вільне падіння	423	5	23	13.0
136	Вільний параметр	2	0	1	0.0
137	Віріальне рівняння стану	1	0	1	0.0
138	Віріальні коефіцієнти	5	0	2	0.0
139	Віртуальна частинка	39	0	5	1.0
140	Віртуальні переміщення	2	0	1	0.0
141	Віскер (металургія)	15	0	3	0.5
142	Вісь	162	1	16	4.5
143	Вісь обертання	35	0	3	1.0
144	Вісь часу	50	0	5	1.0
145	Вічний двигун	259	1	40	7.0
146	Власна інформація	9	0	1	0.0
147	Власний напівпровідник	23	0	4	1.0
148	Власний час	19	0	3	0.5
149	Внутрішній імпеданс	0	0	0	0.0
150	Водень	1408	24	88	36.0
151	Вологість	82	0	9	2.0
152	Вольт-ампер	124	0	10	3.5
153	Вольфрам	414	4	27	13.0
154	Впливна величина	2	0	1	0.0
155	Всеросійський науково-дослідний інститут експериментальної фізики	41	0	15	1.0
156	Втомне руйнування	44	0	7	1.0
157	Вторинна електронна емісія	18	0	5	0.0
158	Вторинне квантування	12	0	2	1.0
159	Вуглецеві наноконуси	3	0	1	0.0
160	Вуглецеві нанотрубки	91	0	10	2.5
161	Вуглець	1463	25	96	44.0
162	Гадоліній	72	0	7	2.0
163	Газовий розряд	118	0	10	3.0
164	Газоструменевий випромінювач	6	0	1	0.0
165	Гал (фізична одиниця)	7	0	1	0.0
166	Галій	154	1	10	5.0
167	Гальванічний елемент	228	1	18	6.0
168	Гальмівний шлях	211	2	17	6.0
169	Гамільтоніан	68	0	6	2.0
170	Гамма-промені	404	6	19	12.0
171	Гамма-спалахи	30	0	3	1.0
172	Гамма-спектроскопія	9	0	4	0.0
173	Гармата Гауса	128	0	8	4.0
174	Гармонічні коливання	128	0	10	3.5
175	Гасій	35	0	4	1.0
176	Гафній	79	0	7	2.0
177	Гелій	616	9	37	18.0
178	Гелій-3	88	0	8	3.0
179	Гелій-4	19	0	5	0.5
180	Генерація другої гармоніки	9	0	2	0.0
181	Генерація носіїв заряду	18	0	2	1.0
182	Геометрична оптика	37	0	9	1.0
183	Геофізика	96	0	18	2.0
184	Германій	131	0	10	4.0
185	Герц	564	5	35	17.0
186	Гетеродин	43	0	4	1.0
187	Гетероструктури	4	0	2	0.0
188	Гідроаеродинаміка	24	0	5	0.0
189	Гідрофон	8	0	2	0.0
190	Гіперболічна траєкторія	6	0	1	0.0
191	Гіперзвукова швидкість	123	1	12	3.0
192	Гіперони	20	0	9	0.0
193	Гіпотеза Ампера	10	0	1	0.0
194	Гіромагнітне співвідношення	13	0	3	0.0
195	Глісування	30	0	4	1.0
196	Глушник мобільних телефонів	42	0	4	1.0
197	Глюбол	32	0	4	1.0
198	Глюон	76	0	11	2.0
199	Головне квантове число	20	0	3	1.0
200	Голономний зв'язок	7	0	2	0.0
201	Гольмій	25	0	3	1.0
202	Гомопауза	5	0	2	0.0
203	Горизонт Коші	7	0	2	0.0
204	Горизонт подій	171	0	10	5.5
205	Гравітаційна сингулярність	220	1	14	6.5
206	Гравітаційне поле	57	0	5	1.5
207	Гравітаційне реліктове випромінювання	0	0	0	0.0
208	Гравітаційний радіус	80	0	7	2.0
209	Гравітація	977	11	47	30.5
210	Гравітино	11	0	2	0.0
211	Гравітон	83	0	9	2.0
212	Границя міцності	259	1	25	8.0
213	Гранична швидкість	28	0	5	1.0
214	Граничні умови Борна-Кармана	12	0	2	1.0
215	Графен	783	9	92	21.5
216	Групова швидкість	15	0	2	1.0
217	Густина енергії	49	0	6	1.0
218	Густина потоку частинок	15	0	3	0.0
219	Густина станів	16	0	4	0.0
220	Густина струму	71	0	7	2.0
221	Ґратка Бете	5	0	1	0.0
222	Давидівське розщеплення	8	0	3	0.0
223	Дальній порядок	3	0	1	0.0
224	Дармштадтій	64	0	5	2.0
225	Дарсі (одиниця)	13	0	3	0.0
226	Двомірна ядерна магнітно-резонансна спектроскопія	6	0	2	0.0
227	Двофотонне збудження	1	0	1	0.0
228	Дебай	20	0	2	1.0
229	Дейтерій	291	2	16	9.5
230	Дейтрон	16	0	5	1.0
231	Декстерів перенос енергії	2	0	1	0.0
232	Делокалізований стан	10	0	3	0.0
233	Дельта-баріон	6	0	1	0.0
234	Детермінант Слейтера	4	0	1	0.0
235	Детермінований хаос	40	0	4	1.0
236	Дефект маси	50	0	8	1.0
237	Деформаційний потенціал	5	0	1	0.0
238	Деформація	443	2	44	8.0
239	Деформація згину	109	0	12	3.0
240	Деформація зсуву	55	0	5	2.0
241	Деформація кручення	71	0	8	2.0
242	Децибел	518	8	32	15.0
243	Дециметрові хвилі	103	0	10	3.0
244	Дзеркало	458	4	28	14.0
245	Дивність	25	0	3	1.0
246	Дилатон	44	0	5	1.0
247	Динамічна рівновага	39	0	5	1.0
248	Директор (рідкий кристал)	9	0	2	0.0
249	Дислокація (кристалографія)	17	0	5	0.0
250	Дисперсійні сили	8	0	2	0.0
251	Дисперсія світла	285	1	15	9.0
252	Диспрозій	50	0	5	1.0
253	Диференціальний переріз розсіювання	19	0	3	1.0
254	Диференціатор	15	0	3	0.0
255	Дифракційна ґратка	128	0	15	3.5
256	Дифракція	314	2	35	8.0
257	Дифузійний струм	28	0	7	1.0
258	Дифузія	424	4	34	12.0
259	Дифузія за законом Арреніуса	8	0	3	0.0
260	Дифузне відбиття світла	34	0	5	1.0
261	Діаграма станів (хімія)	2	0	1	0.0
262	Діаграма Фейнмана	33	0	3	1.0
263	Діамагнетики	76	0	8	2.0
264	Діелектрична сприйнятливість	6	0	2	0.0
265	Діелектричне дзеркало	13	0	2	1.0
266	Дійсна густина	1	0	1	0.0
267	Дійсне зображення	10	0	2	0.0
268	Діод Зенера	126	1	10	4.0
269	Дірка (квазічастинка)	78	0	11	2.0
270	Дірка Фермі	0	0	0	0.0
271	Діркова телепортація	10	0	2	0.0
272	Дно зони провідності	3	0	2	0.0
273	Довгі хвилі	38	0	6	1.0
274	Довжина вільного пробігу	24	0	3	1.0
275	Довжина хвилі	318	4	27	9.0
276	Доплерівське розширення	6	0	1	0.0
277	Дослід радіоактивності Антуаном Анрі Беккерелем	7	0	3	0.0
278	Дослід Штерна-Герлаха	29	0	4	1.0
279	Доцентрове прискорення	143	1	10	4.0
280	Дробовий квантовий ефект Холла	7	0	3	0.0
281	Дроплетон	3	0	1	0.0
282	Друга в'язкість	6	0	2	0.0
283	Друга космічна швидкість	247	3	13	8.0
284	Другий звук	3	0	1	0.0
285	Дуант	0	0	0	0.0
286	Дубній	40	0	5	1.0
287	Духи Фаддєєва — Попова	24	0	10	0.5
288	Еванесцентне поле	15	0	2	1.0
289	Евтектика	52	0	5	2.0
290	Ейнштейн (одиниця)	4	0	2	0.0
291	Ейнштейній	50	0	5	1.5
292	Ейрі кільця	3	0	1	0.0
293	Екзотичний атом	3	0	1	0.0
294	Екранування заряду	16	0	2	1.0
295	Ексимерна люмінесценція	3	0	1	0.0
296	Ексиплексна люмінесценція	3	0	1	0.0
297	Екситон	28	0	4	1.0
298	Екситон Ваньє-Мотта	1	0	1	0.0
299	Екситон Френкеля	5	0	1	0.0
300	Експеримент з олійними краплями	11	0	2	0.0
301	Експеримент Майкельсона — Морлі	38	0	5	1.0
302	Ексцентриситет орбіти	42	0	5	1.0
303	Електрети	5	0	1	0.0
304	Електрика	742	11	39	23.0
305	Електрична енергія	334	2	38	9.0
306	Електрична напруга	1225	11	88	37.5
307	Електричне коло	282	1	19	8.5
308	Електричне поле	338	4	22	10.5
309	Електричний дипольний момент	57	0	5	1.0
310	Електричний заряд	470	6	33	14.0
311	Електричний імпеданс	167	1	11	5.0
312	Електричний потік	26	0	3	1.0
313	Електроадгезія	1	0	1	0.0
314	Електроізоляція	78	0	8	2.0
315	Електрокалоричний ефект	2	0	1	0.0
316	Електромагнітна індукція	311	4	20	9.0
317	Електромагнітна хвиля	425	4	26	12.5
318	Електромагнітне випромінювання	288	0	21	8.0
319	Електромагнітне поле	242	3	11	8.0
320	Електрон	607	8	33	19.5
321	Електрон провідності	24	0	6	0.0
322	Електрон-діркова рідина	4	0	1	0.0
323	Електрон-фононна взаємодія	11	0	3	1.0
324	Електронна гармата	20	0	3	1.0
325	Електронна густина	12	0	2	0.0
326	Електронна енергія	0	0	0	0.0
327	Електронна лавина	12	0	3	0.0
328	Електронна оболонка	113	0	10	3.0
329	Електронна пара	24	0	5	1.0
330	Електронна спектроскопія	10	0	2	0.0
331	Електронне нейтрино	53	0	4	2.0
332	Електронний генератор	49	0	4	1.0
333	Електронний мікроскоп	124	0	17	3.0
334	Електронний парамагнітний резонанс	39	0	5	1.0
335	Електронний стан	5	0	1	0.0
336	Електронно-променева установка	3	0	1	0.0
337	Електрооптичний ефект	10	0	2	0.0
338	Електрорушійна сила	381	3	27	11.0
339	Електростатика	113	0	7	4.0
340	Електростатична індукція	28	0	4	1.0
341	Електростатична лінза	9	0	2	0.0
342	Електростатичний генератор Ван де Граафа	50	0	5	1.0
343	Електростатичний потенціал	204	1	18	5.0
344	Емітанс пучка	1	0	1	0.0
345	Енергетичний рівень	21	0	3	1.0
346	Енергетичний спектр	10	0	3	0.0
347	Енергія вакууму	44	0	6	1.0
348	Енергія зв'язку	32	0	6	1.0
349	Еніон	8	0	1	0.5
350	Ентропія змішування	10	0	3	0.0
351	Ербій	48	0	5	1.0
352	Ергодична гіпотеза	6	0	1	0.5
353	Ета-мезон	6	0	1	0.0
354	Ефект Вігнера	29	0	4	1.0
355	Ефект де Гааза-ван Альфена	4	0	2	0.0
356	Ефект Джоуля-Томсона	19	0	3	0.5
357	Ефект Доплера	269	2	15	8.0
358	Ефект Зеемана	38	0	8	1.0
359	Ефект Зеєбека	99	0	9	3.0
360	Ефект Казимира	50	0	4	2.0
361	Ефект Керра	16	0	5	0.0
362	Ефект Кея	12	0	4	0.0
363	Ефект конденсатного диску	65	0	18	1.0
364	Ефект Кондо	15	0	2	0.0
365	Ефект Коттона — Мутона	3	0	1	0.0
366	Ефект Мейснера	26	0	7	0.0
367	Ефект Міхеєва — Смирнова — Вольфенштейна	2	0	1	0.0
368	Ефект Нернста	2	0	1	0.0
369	Ефект Овергаузера	0	0	0	0.0
370	Ефект Оже	15	0	3	1.0
371	Ефект Пельтьє	142	0	17	4.0
372	Ефект Перселла	5	0	1	0.0
373	Ефект Рамана	1	0	1	0.0
374	Ефект Рамзауера	10	0	2	0.0
375	Ефект Рашби	11	0	3	0.0
376	Ефект Реннера	3	0	2	0.0
377	Ефект Реннера — Теллера	3	0	2	0.0
378	Ефект Тіндаля	22	0	4	0.0
379	Ефект Томсона	28	0	4	1.0
380	Ефект Фарадея	15	0	2	0.0
381	Ефект Франца-Келдиша	4	0	2	0.0
382	Ефект Штарка	13	0	2	0.0
383	Ефективна густина станів	5	0	3	0.0
384	Ефективна маса	12	0	2	0.0
385	Ефективна площа розсіювання	59	0	9	2.0
386	Ефективна температура	32	0	5	1.0
387	Ефективний коефіцієнт розмноження нейтронів	11	0	2	0.0
388	Ехолокація	41	0	5	1.0
389	Європій	52	0	5	1.0
390	Жаропродуктивність	14	0	8	0.0
391	Загальна коваріантність	7	0	2	0.0
392	Задача трьох тіл	110	1	7	3.0
393	Закон Ампера	129	0	12	3.0
394	Закон Архімеда	697	12	33	21.5
395	Закон Беца	27	0	4	1.0
396	Закон Бугера — Ламберта — Бера	70	0	7	2.0
397	Закон всесвітнього тяжіння	411	5	20	12.0
398	Закон Гука	277	2	19	8.0
399	Закон Ґейґера — Неттола	4	0	3	0.0
400	Закон Дальтона	20	0	3	1.0
401	Закон Дебая	7	0	2	0.0
402	Закон Джоуля — Ленца	329	3	23	9.0
403	Закон дисперсії	52	0	5	1.0
404	Закон Дюлонга — Пті	29	0	3	1.0
405	Закон збереження енергії	541	9	27	16.0
406	Закон збереження імпульсу	160	0	11	5.0
407	Закон збереження маси	175	0	18	5.0
408	Закон Мозлі	30	0	3	1.0
409	Закон рівнорозподілу	21	0	3	1.0
410	Закон Снеліуса	41	0	5	1.0
411	Закони термодинаміки	217	0	14	6.5
412	Закони Фіка	49	0	8	1.0
413	Залишкова намагніченість	6	0	2	0.0
414	Залізний пік	5	0	1	0.0
415	Залізо	990	16	56	28.5
416	Заломлення	173	1	10	5.5
417	Замерзання	29	0	3	1.0
418	Запізнення	17	0	6	1.0
419	Заряджена частинка	39	0	6	1.0
420	Заряджений струм	1	0	1	0.0
421	Зарядове спряження	6	0	1	0.0
422	Збіднений уран	60	0	5	2.0
423	Зброя спрямованої енергії	27	0	4	1.0
424	Збуджений стан квантовомеханічної системи	6	0	1	0.0
425	Зведена маса	7	0	2	0.0
426	Зворотність	36	0	5	1.0
427	Звукова енергія	5	0	2	0.0
428	Звуковий удар	41	0	6	1.0
429	Згасаюча хвиля	7	0	2	0.0
430	Зминання	8	0	2	0.0
431	Змінний конденсатор	30	0	5	1.0
432	Змінний струм	1628	18	185	38.5
433	Змінні дія — кут	5	0	2	0.0
434	Золото	1320	16	63	41.5
435	Зона провідності	21	0	3	1.0
436	Зонне плавлення	9	0	2	0.0
437	Зоряний нуклеосинтез	12	0	4	0.0
438	Ізобари (ядерна фізика)	10	0	2	0.0
439	Ізовалентна домішка	1	0	1	0.0
440	Ізоентропійний процес	25	0	4	1.0
441	Ізолятор Мотта	6	0	3	0.0
442	Ізотермічний процес	109	1	8	3.0
443	Ізотопи	423	6	30	12.0
444	Ізотопічний спін	13	0	2	1.0
445	Ізотопна поширеність	17	0	3	1.0
446	Імплозія (фізика)	17	0	4	0.0
447	Імпульсна модуляція	17	0	3	1.0
448	Імпульсно-кодова модуляція	63	0	5	2.0
449	Інваріант (фізика)	15	0	3	0.0
450	Інваріанти електромагнітного поля	7	0	1	0.5
451	Інверсна заселеність	10	0	2	0.0
452	Індій	83	0	7	2.0
453	Індуктивність	269	3	19	8.0
454	Індукційний струм	67	0	10	2.0
455	Інерційна система відліку	130	1	11	4.0
456	Інерція	332	4	24	9.0
457	Інжекція носіїв заряду	6	0	1	0.0
458	Інженерно-фізичний факультет НТУУ «КПІ»	13	0	2	0.5
459	Інкремент наростання	2	0	1	0.0
460	Інтеграл вздовж траєкторій	87	0	8	2.0
461	Інтеграл перекриття	6	0	1	0.0
462	Інтенсивна величина	16	0	4	0.0
463	Інтеркомбінаційна конверсія	2	0	1	0.0
464	Інтерференція хвиль	119	1	7	3.0
465	Інтерферометр Майкельсона	25	0	6	0.0
466	Інтерферометр Фабрі-Перо	9	0	1	0.0
467	Інформаційна ентропія	153	0	12	4.0
468	Інфразвук	134	0	10	4.0
469	Інфразвукова зброя	49	0	4	1.0
470	Іон	532	5	33	15.5
471	Іонізаційна рівновага	8	0	2	0.0
472	Іоністор	147	0	13	4.0
473	Іонна пастка	2	0	1	0.0
474	Іонний звук	0	0	0	0.0
475	Іпсилон-мезон	3	0	1	0.0
476	Іридій	200	1	13	6.0
477	Іскрова камера	6	0	2	0.0
478	Іскровий розряд	48	0	5	1.0
479	Історія механіки	11	0	2	0.0
480	Історія телескопа	28	0	4	1.0
481	Історія фізики	96	0	11	2.0
482	Ітербій	35	0	6	1.0
483	Ітрій	89	0	10	2.0
484	Йод	718	13	41	21.0
485	Йод-131	208	1	25	5.0
486	Йодид калію	244	2	20	7.5
487	Йонний кристал	7	0	2	0.0
488	Кадмій	180	0	10	6.5
489	Калібрувальна інваріантність	58	0	5	2.0
490	Калібрувальний бозон	20	0	2	1.0
491	Калій	483	9	25	15.0
492	Каліфорній	239	1	17	7.0
493	Калорія	648	9	32	19.5
494	Кальцій	506	6	28	14.5
495	Камера Вільсона	177	0	26	5.0
496	Каналювання	0	0	0	0.0
497	Канонічне перетворення	10	0	2	0.0
498	Канонічний ансамбль (фізика)	10	0	2	0.0
499	Каони	26	0	9	1.0
500	Капілярний ефект	73	0	7	2.0
501	Каустика	44	0	10	1.0
502	Квадратурно-амплітудна модуляція	55	0	8	2.0
503	Квадратурно-фазова модуляція	2	0	1	0.0
504	Квадрупольний момент	23	0	3	1.0
505	Квазікласичне наближення	72	0	7	2.0
506	Квазікристал	10	0	2	0.0
507	Квазічастинка	29	0	3	1.0
508	Квант магнітного потоку	19	0	2	1.0
509	Квантова гравітація	76	0	6	3.0
510	Квантова декогеренція	42	0	9	1.0
511	Квантова дротина	6	0	2	0.0
512	Квантова інформація	28	0	3	1.0
513	Квантова криптографія	36	0	5	1.0
514	Квантова логіка	18	0	2	0.5
515	Квантова механіка	549	6	33	17.0
516	Квантова телепортація	96	0	9	3.0
517	Квантова точка	53	0	6	1.0
518	Квантова тривіальність	2	0	1	0.0
519	Квантова хімія	46	0	4	1.5
520	Квантова хромодинаміка	58	0	8	2.0
521	Квантова яма	11	0	2	0.5
522	Квантовий байєсіанізм	8	0	1	0.0
523	Квантовий вихід	10	0	2	0.0
524	Квантовий ефект	1	0	1	0.0
525	Квантовий ефект Холла	33	0	3	1.0
526	Квантовий комп'ютер	335	3	17	10.5
527	Квантовий перехід	12	0	3	1.0
528	Квантовий стан	50	0	7	1.0
529	Квантовий стрибок	61	1	4	2.0
530	Квантовий хаос	5	0	1	0.0
531	Квантування Дірака	1	0	1	0.0
532	Кварк	405	3	22	11.5
533	Кварконій	10	0	2	0.0
534	Кільця Ньютона	15	0	2	0.0
535	Кінематика	198	0	23	5.5
536	Кінетична енергія	435	2	27	13.0
537	Кінетична теорія	62	0	6	2.0
538	Кінетичне рівняння	4	0	1	0.0
539	Кінцевий ефект	48	0	5	2.0
540	Класична електродинаміка	113	0	9	3.0
541	Класична фізика	18	0	3	0.5
542	Кластер (фізика)	12	0	2	1.0
543	Клин (механіка)	66	0	7	2.0
544	Клістрон	43	0	4	1.0
545	Кліщі вимірювальні	45	0	3	2.0
546	КМОН	100	0	8	3.0
547	Кобальт	247	2	17	6.5
548	Когезія	54	0	6	2.0
549	Когерентність	228	2	19	6.0
550	Коефіцієнт дифузії	39	0	7	1.0
551	Коефіцієнт екстинкції	19	0	4	1.0
552	Коефіцієнт жорсткості	230	0	19	6.0
553	Коефіцієнт корисної дії	482	2	33	14.5
554	Коефіцієнт підсилення антени	79	0	8	3.0
555	Коефіцієнт рекомбінації	4	0	3	0.0
556	Коефіцієнт самодифузії	0	0	0	0.0
557	Коефіцієнт теплового розширення	178	0	15	5.0
558	Колайдер	157	0	26	3.0
559	Колапс хвильової функції	35	0	5	1.0
560	Коливальний контур	139	0	12	3.5
561	Коливання	248	3	18	6.0
562	Коліматор	82	0	7	3.0
563	Колірна температура	352	3	20	9.5
564	Кольоровий заряд	24	0	3	0.0
565	Комірка Вігнера — Зейтца	11	0	3	0.0
566	Компенсований напівпровідник	5	0	1	0.0
567	Комплекс з переносом заряду	8	0	2	0.0
568	Композити	342	1	26	10.0
569	Комптонівське розсіювання	102	0	10	3.0
570	Конденсація Бозе — Ейнштейна	63	0	8	1.0
571	Контактна різниця потенціалів	30	0	6	1.0
572	Конфайнмент	109	0	9	3.0
573	Копенгагенська інтерпретація	48	0	5	1.0
574	Коперницій	55	0	7	1.0
575	Кореляційна енергія	2	0	1	0.0
576	Коронний розряд	57	0	6	1.0
577	Космологічна сингулярність	92	0	10	2.0
578	Космологічна стала	30	0	3	1.0
579	Космологічний масштабний фактор	10	0	2	1.0
580	Котушка Гельмгольца	11	0	3	0.5
581	Криптон	158	1	12	5.0
582	Кристалізація сплавів	20	0	3	1.0
583	Критерій Ліндеманна	4	0	2	0.0
584	Критична точка	49	0	5	1.0
585	Критичний тиск	18	0	4	0.0
586	Критичні індекси	9	0	2	0.0
587	Кріоелектронна мікроскопія	12	0	4	0.0
588	Кріолюмінесценція	10	0	2	0.0
589	Крутильні ваги	5	0	2	0.0
590	Ксенон	234	1	15	7.0
591	Ксі-баріон	4	0	1	0.0
592	Кубічний метр	2123	40	98	67.5
593	Кулон (одиниця)	191	1	14	5.0
594	Куперівська пара	19	0	2	1.0
595	Кут Брюстера	23	0	3	1.0
596	Кут змочування	37	0	6	1.0
597	Кутова модуляція	6	0	2	0.0
598	Кутова швидкість	213	2	16	5.5
599	Кутове прискорення	32	0	5	1.0
600	Кюрій	47	0	5	1.0
601	Лабораторна система	8	0	2	0.0
602	Лазер на вільних електронах	7	0	1	0.0
603	Лазерна абляція	23	0	5	1.0
604	Лазерний гіроскоп	36	0	6	1.0
605	Лазерний далекомір	46	0	7	1.0
606	Лампа біжної хвилі	17	0	2	1.0
607	Лантан	138	0	39	2.0
608	Лантаноїди	126	1	9	3.0
609	Ланцюгова реакція	64	0	7	2.0
610	Ларморова частота	12	0	3	0.0
611	Лембів зсув	6	0	2	0.0
612	Лептон	208	2	15	6.0
613	Лептонний заряд	28	0	3	1.0
614	Ліверморій	58	0	6	2.0
615	Ліквідус	19	0	3	1.0
616	Лінза	282	2	19	8.5
617	Лінійне середовище	2	0	1	0.0
618	Лінійчастий спектр	29	0	4	1.0
619	Літій	3156	8	2607	17.0
620	Лічильник Гейгера	220	1	20	6.0
621	Локалізація Андерсона	3	0	1	0.0
622	Локалізований плазмон	11	0	3	0.0
623	Локалізований стан	22	0	11	1.0
624	Лоренц-коваріантність	9	0	1	0.0
625	Лоуренсій	61	0	6	2.0
626	Лужна батарейка	226	1	19	7.0
627	Луна (акустичне явище)	85	0	7	2.5
628	Людвіг Валентин Лоренц	4	0	1	0.0
629	Люмінесценція	153	0	18	4.0
630	Лютецій	38	0	6	1.0
631	Лямбда-баріон	8	0	2	0.0
632	Лямбда-точка	6	0	2	0.0
633	М-теорія	61	0	7	2.0
634	Магічні числа	14	0	3	0.0
635	Магічні ядра	36	0	5	1.0
636	Магнетизм	171	0	14	5.0
637	Магнетон Бора	24	0	4	1.0
638	Магнетоопір	12	0	2	0.0
639	Магнетрон	451	6	28	12.5
640	Магній	677	7	44	21.0
641	Магнітна еквівалентність	1	0	1	0.0
642	Магнітна лінза	8	0	2	0.0
643	Магнітне динамо	6	0	2	0.0
644	Магнітне екранування ядра	0	0	0	0.0
645	Магнітне квантове число	13	0	3	0.0
646	Магнітне перез'єднання	7	0	2	0.0
647	Магнітний домен	12	0	3	0.0
648	Магнітний момент	77	0	19	1.0
649	Магнітний момент протона	6	0	2	0.0
650	Магнітний монополь	34	0	4	1.0
651	Магнітний перехід	1	0	1	0.0
652	Магнітний потік	125	0	9	4.0
653	Магнітний резонанс	54	0	8	1.0
654	Магнітогідродинаміка	14	0	3	0.0
655	Магніторушійна сила	15	0	2	1.0
656	Магнон	14	0	5	0.0
657	Майорон	7	0	2	0.0
658	Майстер-рівняння	3	0	1	0.0
659	Майтнерій	37	0	5	1.0
660	Манган	396	6	21	12.0
661	Маса електрона	65	0	5	2.0
662	Масове число	115	0	7	3.0
663	Матеріал	187	1	15	5.0
664	Матеріальна точка	118	0	9	3.0
665	Матриці Дірака	12	0	2	0.0
666	Матриця густини	10	0	2	0.0
667	Матриця жорсткості	11	0	3	1.0
668	Матриця розсіяння	14	0	3	0.0
669	Матрична механіка	19	0	3	1.0
670	Маятник	98	0	8	3.0
671	Межа Чандрасекара	31	0	5	1.0
672	Мезони	80	0	6	2.0
673	Мезоскопічна фізика	21	0	5	1.0
674	Менделевій	29	0	5	1.0
675	Металічний водень	41	0	6	1.0
676	Металічний зв'язок	89	0	7	3.0
677	Метастабільний стан	25	0	3	1.0
678	Метод Гартрі — Фока	8	0	1	0.0
679	Метод матриць переходу	9	0	2	0.5
680	Метод Чохральського	42	0	5	1.5
681	Метрика простору-часу	38	0	3	1.0
682	Метрика Фрідмана-Леметра-Робертсона-Вокера	11	0	3	0.0
683	Метрика Шварцшильда	44	0	5	1.5
684	Механізм Хіггса	33	0	5	1.0
685	Механічна рівновага	52	0	5	1.0
686	Мідь	1128	13	70	33.0
687	Міжатомна взаємодія	9	0	2	0.5
688	Міжнародний експериментальний термоядерний реактор	409	1	36	11.0
689	Мікроскопічний масштаб	9	0	2	0.0
690	Міліметрові хвилі	29	0	5	0.0
691	Мільйонна частка	398	1	25	13.0
692	Модель Габбарда	5	0	2	0.0
693	Модель Гарячого Всесвіту	3	0	1	0.0
694	Модель желе	7	0	2	0.0
695	Модель Ізінга	20	0	4	0.5
696	Модифікована ньютонівська динаміка	5	0	2	0.0
697	Модулі пружності	50	0	7	1.0
698	Модулометр	1	0	1	0.0
699	Модуль зсуву	48	0	4	1.0
700	Модуль Юнга	331	3	23	9.5
701	Модуляція (фізика)	152	0	14	4.0
702	Модуляція добротності	4	0	1	0.0
703	Молекула	743	10	52	22.5
704	Молекулярна динаміка	27	0	3	1.0
705	Молекулярна орбіталь	32	0	3	1.0
706	Молекулярна рефракція	1	0	1	0.0
707	Молекулярні кристали	11	0	2	0.0
708	Молекулярно-променева епітаксія	8	0	3	0.0
709	Молібден	300	5	19	9.0
710	Момент сили	305	4	19	9.5
711	Монохроматична плоска хвиля	40	0	5	1.0
712	Монохроматор	19	0	3	0.0
713	Монохромія	110	1	8	3.0
714	Московій	312	1	26	7.5
715	Мультиплетність	9	0	2	0.0
716	Мультипольний момент	9	0	2	0.0
717	Мюон	87	0	12	2.0
718	Мюоній	3	0	1	0.0
719	Наближення ефективного середовища	4	0	2	0.0
720	Наближення сильного зв'язку	27	0	5	1.0
721	Нагніт лазера	3	0	1	0.0
722	Надвипромінювання Діке	7	0	2	0.0
723	Надґратка	7	0	2	0.0
724	Надзвукова швидкість	458	6	31	12.0
725	Надкритична рідина	10	0	3	0.0
726	Надплинність	45	0	4	1.0
727	Надпорогова іонізація	0	0	0	0.0
728	Надтверді матеріали	12	0	3	0.0
729	Нанодротини	5	0	2	0.0
730	Наноелектромеханічні системи	14	0	2	0.0
731	Наноіоніка	1	0	1	0.0
732	Нанооболонка	2	0	2	0.0
733	Наноскопічний масштаб	1	0	1	0.0
734	Нанотехнології	451	6	32	12.5
735	Наночастинка	119	0	8	4.0
736	Напівметал (спінтроніка)	4	0	2	0.0
737	Напівпровідник	515	4	48	12.0
738	Напівпровідник p-типу	31	0	4	1.0
739	Напівтінь	14	0	4	0.5
740	Напруженість магнітного поля	101	0	8	3.0
741	Напруження	270	1	40	6.0
742	Народження пар	30	0	4	1.0
743	Насичена пара	142	0	11	4.0
744	Нат (одиниця вимірювання)	24	0	3	1.0
745	Натрій	498	6	34	14.0
746	Наукова містифікація	14	0	2	1.0
747	Небо	238	1	15	7.0
748	Нейтраліно	21	0	3	1.0
749	Нейтральна частинка	9	0	3	0.0
750	Нейтрино	317	4	15	10.0
751	Нейтрон	354	4	18	10.5
752	Нейтронно-адсорбційний аналіз	2	0	1	0.0
753	Нелінійна система	34	0	6	1.0
754	Нематик	2	0	1	0.0
755	Ненасичена пара	17	0	3	0.0
756	Неодим	132	0	9	4.0
757	Неон	230	1	14	7.0
758	Непрямий екситон	0	0	0	0.0
759	Нептуній	92	0	8	2.5
760	Нерозв'язані проблеми фізики	69	0	6	2.0
761	Нікель	435	5	25	13.0
762	Ніобій	156	0	12	4.0
763	Ніхоній	80	0	8	2.0
764	Нобелій	36	0	5	1.0
765	Нормальний порядок	1	0	1	0.0
766	Нормальні коливання	19	0	3	1.0
767	Нормальні умови	122	0	8	4.0
768	Носії заряду	58	0	5	2.0
769	Нотація бра-кет	50	0	9	1.0
770	Нуклеація	14	0	2	0.0
771	Нуклеосинтез	44	0	6	1.0
772	Нуклід	221	3	11	7.0
773	Нуклон	95	1	7	3.0
774	Нульовий звук	3	0	2	0.0
775	Нульовий стан квантової системи	11	0	2	0.5
776	Нульові коливання	59	0	5	2.0
777	Об'єднана теорія поля	31	0	4	1.0
778	Об'єднаний інститут ядерних досліджень	25	0	4	1.0
779	Обернений простір	5	0	2	0.0
780	Обернений сантиметр	12	0	3	0.0
781	Обертання	77	0	7	2.0
782	Обійдені ядра	3	0	1	0.0
783	Область збіднення	8	0	2	0.0
784	Обмінна взаємодія	11	0	3	0.0
785	Оболонкова модель ядра	13	0	2	0.0
786	Обчислювальна гідродинаміка для зміни фази матеріалів	1	0	1	0.0
787	Обчислювальна механіка	6	0	2	0.0
788	Обчислювальна фізика	17	0	4	0.0
789	Оганесон	168	1	10	5.0
790	Одноатомний газ	5	0	4	0.0
791	Одноелектронне наближення	10	0	1	1.0
792	Оже-рекомбінація	3	0	1	0.0
793	Оже-спектроскопія	6	0	2	0.0
794	Оксиген	971	16	55	32.0
795	Омега-баріон	5	0	1	0.0
796	Омега-мезон	6	0	2	0.0
797	Омічний контакт	7	0	3	0.0
798	Ондулятор	4	0	1	0.0
799	Оперативний запас реактивності	28	0	3	1.0
800	Оператор еволюції	8	0	3	0.0
801	Оператор числа частинок	3	0	1	0.0
802	Оператори народження та знищення	12	0	2	0.0
803	Операція молекулярної машини	0	0	0	0.0
804	Опорний сигнал	28	0	5	1.0
805	Опромінення	148	1	20	3.0
806	Оптика тонких плівок	6	0	1	0.0
807	Оптична активність	12	0	3	0.0
808	Оптична вісь	14	0	5	0.0
809	Оптична вісь кристалу	1	0	1	0.0
810	Оптична густина	94	0	15	2.0
811	Оптична сила	60	0	4	2.0
812	Оптична теорема	1	0	1	0.0
813	Оптичне випромінювання	47	0	4	2.0
814	Оптичний параметричний осцилятор	9	0	4	0.5
815	Оптичний стіл	2	0	1	0.0
816	Оптичний телескоп	15	0	3	0.0
817	Оптичний фонон	1	0	1	0.0
818	Оптично активні речовини	16	0	3	0.0
819	Оптоволокно	477	4	30	14.5
820	Орбітальне квантове число	19	0	4	1.0
821	Орбітон	3	0	1	0.0
822	Органічний світлодіод	235	0	23	7.0
823	Органічні напівпровідники	10	0	2	0.0
824	Освітленість	196	2	13	5.5
825	Осмій	152	2	8	5.0
826	Основна фізична величина	60	0	11	1.0
827	Осцилятор Лоренца	7	0	3	0.0
828	Осциляції нейтрино	14	0	2	0.0
829	Осциляції Рабі	4	0	1	0.0
830	Осциляції Шубнікова — де Гааза	1	0	1	0.0
831	П'єзоелектрики	41	0	8	1.0
832	П'єзоефект	80	0	6	2.0
833	Паладій	345	3	24	10.0
834	Пара	164	0	13	4.0
835	Парадокс близнят	82	0	6	2.0
836	Парадокс Еренфеста	23	0	3	1.0
837	Парадокс субмарини	22	0	3	1.0
838	Парамагнетики	83	0	16	2.0
839	Пасивна радіолокація	39	0	7	1.0
840	Пентакварк	55	0	6	2.0
841	Перетворення Гільберта	13	0	2	0.0
842	Перехресна ентропія	32	0	3	1.0
843	Період напіврозпаду	313	4	18	10.0
844	Питомий імпульс	34	0	3	1.0
845	Питомий коефіцієнт поглинання електромагнітної енергії	95	0	41	2.0
846	Піони	61	0	12	1.0
847	Плазмон	23	0	6	1.0
848	Платина	519	6	30	16.0
849	Плутоній	420	6	29	12.0
850	Плутоній-239	328	2	32	8.0
851	Повне внутрішнє відбиття	44	0	6	1.0
852	Поділ ядра	166	2	15	5.0
853	Позитрон	182	2	13	5.0
854	Позитроній	17	0	3	0.0
855	Полоній	190	1	11	6.0
856	Поляритон	22	0	7	0.0
857	Полярон	15	0	4	0.0
858	Померон	16	0	8	0.0
859	Попов Олександр Степанович	164	0	18	4.0
860	Посудина Дьюара	122	0	8	4.0
861	Поширення радіохвиль	137	1	16	4.0
862	Празеодим	45	0	6	1.0
863	Припустиме затухання	3	0	1	0.0
864	Проект Y	22	0	2	1.0
865	Прометій	68	0	11	2.0
866	Протактиній	36	0	4	1.0
867	Протій	45	0	7	1.0
868	Протон	595	9	34	19.0
869	Радар	391	5	18	12.0
870	Радар із синтезованою апертурою	57	0	6	2.0
871	Радіаційна аварія	208	0	43	5.0
872	Радій	346	6	19	10.0
873	Радіоелектронна протидія	51	0	6	2.0
874	Радіозв'язок	213	0	20	6.0
875	Радіолокаційні перешкоди	21	0	3	1.0
876	Радіофотонна РЛС	18	0	4	1.0
877	Радон	484	6	28	14.0
878	Реактивний рух	129	0	11	3.5
879	Резерфордій	43	0	5	1.0
880	Рейкотрон	78	0	8	2.0
881	Реній	168	0	19	4.0
882	Рентгеній	42	0	5	1.0
883	Рівняння Греда — Шафранова	4	0	1	0.0
884	Рівняння дифузії	23	0	4	1.0
885	Рівняння Смолюховського	5	0	2	0.0
886	Рівняння Шредінгера	208	1	17	6.0
887	Рідкі кристали	178	0	21	4.0
888	Ро-мезон	6	0	2	0.0
889	Родій	239	2	13	7.0
890	Розходження Кульбака — Лейблера	28	0	4	1.0
891	Ротон	8	0	2	0.0
892	Ртуть	929	14	46	29.0
893	Рубідій	86	0	9	2.0
894	Рутеній	208	2	19	6.0
895	Самарій	50	0	6	1.0
896	Свинець	744	14	45	23.0
897	Світлодіод	491	4	36	14.0
898	Селен	615	10	32	19.5
899	Сигма-баріон	13	0	6	0.0
900	Сигма-дельта-модуляція	37	0	3	1.0
901	Сила Лоренца	188	0	14	5.5
902	Силіцій	622	10	30	19.5
903	Сіборгій	49	0	5	2.0
904	Сірка	858	13	59	24.0
905	Скандій	102	1	8	3.0
906	Спектральна ефективність	24	0	5	1.0
907	Спектрофотометр	52	0	6	2.0
908	Список позначень у фізиці	794	12	46	25.0
909	Спільна ентропія	4	0	1	0.0
910	Сплутані квантові стани	199	2	14	5.0
911	Срібло	1053	12	61	33.5
912	Стандартний стан	82	0	6	2.0
913	Станум	432	7	35	11.5
914	Статистичний шум	2	0	1	0.0
915	Стерильне нейтрино	9	0	1	0.0
916	Стибій	182	1	13	5.0
917	Стронцій	239	2	32	6.0
918	Супергетеродинний радіоприймач	40	0	7	1.0
919	Суперсиметрія	93	0	7	3.0
920	Супутниковий зв'язок	142	1	24	4.0
921	Сферміон	9	0	3	0.0
922	Сцинтиляційні лічильники	14	0	6	0.0
923	Талій	217	2	31	5.0
924	Тантал (хімічний елемент)	212	3	15	6.0
925	Тау-лептон	65	0	5	2.0
926	Тахіони	130	0	10	4.0
927	Телур	117	0	15	3.0
928	Теннессин	72	0	9	2.0
929	Теорія де Бройля — Бома	28	0	4	1.0
930	Теплобачення	23	0	4	1.0
931	Тербій	31	0	4	1.0
932	Термоядерна енергія	200	1	17	6.0
933	Тета-мезон	2	0	1	0.0
934	Тетракварк	18	0	3	0.0
935	Технецій	81	0	8	3.0
936	Титан (хімічний елемент)	633	7	31	20.0
937	Томаш Станецький	4	0	2	0.0
938	Торій	172	1	10	5.5
939	Траєкторія	149	1	13	4.5
940	Трансфермієві війни	25	0	7	1.0
941	Тритій	291	4	19	9.0
942	Тріон	7	0	2	0.0
943	Тулій	23	0	6	0.0
944	Уран (хімічний елемент)	567	8	28	17.5
945	Уран-235	477	5	24	15.0
946	Фазова модуляція	37	0	4	1.0
947	Фазована антенна решітка	83	0	7	2.0
948	Фермій	35	0	7	1.0
949	Ферміон	123	0	8	4.0
950	Фі-мезон	4	0	1	0.0
951	Фізика	964	16	46	29.0
952	Фізика низьких температур (журнал)	8	0	2	0.0
953	Флеровій	60	0	5	2.0
954	Фонон	64	0	15	2.0
955	Формула Койде	4	0	1	0.0
956	Фосфор	556	6	28	17.0
957	Фотон	533	10	29	15.5
958	Францій	69	0	10	2.0
959	Фтор	332	4	23	9.0
960	Фундаментальна частинка	41	0	4	1.0
961	Фундаментальні взаємодії	177	0	14	5.0
962	Функція розподілу (статистична фізика)	1	0	1	0.0
963	Халькогени	40	0	4	1.0
964	Хлор	586	9	60	16.5
965	Хром	389	5	21	12.5
966	Хронологія квантових обчислень	35	0	4	1.0
967	Цезій	231	1	15	7.0
968	Церій	149	2	9	4.0
969	Циклотронна маса	4	0	2	0.0
970	Цинк	636	9	33	19.5
971	Цирконій	540	5	29	16.5
972	Частотна модуляція	153	1	10	5.0
973	Черенковське випромінювання	300	1	87	5.5
974	Число Авогадро	274	1	21	7.5
975	Число Маха	777	10	68	21.5
976	Шипіння (ядерна зброя)	3	0	1	0.0
977	Шлях (фізика)	128	1	10	4.0
978	Ядерна енергетика	205	2	11	6.5
979	Ядерне випробування	199	1	18	5.0
980	Ядерний вибух	420	3	41	12.0
981	Ядро атома	303	1	27	7.5
982	B-кварк	10	0	2	0.0
983	B-мезон	14	0	10	0.0
984	BeamForming	328	0	296	1.0
985	C-кварк	24	0	8	0.0
986	CERN	291	4	31	7.5
987	D-кварк	36	0	10	1.0
988	D-мезон	2	0	1	0.0
989	J/ψ-мезон	14	0	6	0.0
990	Ku-діапазон	53	0	5	2.0
991	S-кварк	26	0	9	1.0
992	T-кварк	24	0	9	0.0
993	T-мезон	5	0	1	0.0
994	U-кварк	50	0	11	1.0
995	W- і Z-бозони	32	0	9	1.0
996	Wendelstein 7-X	21	0	3	1.0
997	X та Y бозони	8	0	1	0.0
