1	5-фторурацил	66	0	5	2.0
2	Абакавір	19	0	5	1.0
3	Абакавір/Ламівудин	14	0	2	1.0
4	Абарестезія	2	0	1	0.0
5	Абатестезія	5	0	2	0.0
6	Абдоміналізація серця	16	0	3	0.5
7	Абдомінопластика	189	1	32	4.0
8	Абсанс	236	2	21	7.0
9	Абсцес	1753	33	77	56.0
10	Абсцес легень	435	3	23	14.0
11	Август Вагенманн	4	0	2	0.0
12	Авітамінози	397	4	28	11.0
13	Австралійський кліщовий рикетсіоз	33	0	4	1.0
14	Автоімунні захворювання	1335	20	68	42.0
15	Агнозія	199	2	14	6.0
16	Агомелатин	47	0	6	1.0
17	Агорафобія	832	14	57	24.0
18	Агранулоцитоз	291	2	20	8.0
19	Адалімумаб	105	0	11	3.0
20	Адам Крістіян Тебезій	6	0	3	0.0
21	Аддералл	4069	58	581	77.5
22	Аддісонова хвороба	438	5	25	13.0
23	Аделькі Негрі	4	0	1	0.0
24	Аденовіруси	113	0	12	3.5
25	Аденовірусна інфекція	514	8	37	15.0
26	Аденома гіпофіза	195	1	15	6.0
27	Аденома щитоподібної залози	202	0	13	6.0
28	Адинамія	44	0	5	1.5
29	Адонізид	5	0	1	0.0
30	Адреналектомія	24	0	3	1.0
31	Адреногенітальний синдром	279	1	18	9.0
32	Адренокортикальна аденома	49	0	4	1.0
33	Адренокортикальна карцинома	23	0	3	1.0
34	Адренокортикотропний гормон	284	2	18	8.0
35	Адсорбована коклюшно-дифтерійно-правцева вакцина	2454	27	125	77.0
36	Аерофагія	53	0	4	2.0
37	Азеластин	31	0	2	1.0
38	Азилсартан	39	0	5	1.0
39	Азитроміцин	494	6	25	15.0
40	Азлоцилін	19	0	10	0.0
41	Азооспермія	102	0	7	3.0
42	Азотемія	77	0	8	2.0
43	Азтреонам	36	0	4	1.0
44	Айван Магілл	6	0	3	0.0
45	Айзенберг Олександр Абрамович	5	0	2	0.0
46	Аймалін	11	0	2	0.0
47	Акінезія	30	0	4	1.0
48	Акне	2711	68	109	86.0
49	Акривастин	17	0	5	1.0
50	Акрихін	14	0	3	1.0
51	Акромегалія	294	3	23	8.5
52	Актиномікоз	117	0	12	3.0
53	Актовегін	198	1	15	6.0
54	Акушерка	172	1	15	5.0
55	Алберт Аґуайо	4	0	2	0.0
56	Александер Флемінг	390	3	36	10.0
57	Алексія	18	0	3	1.0
58	Алемтузумаб	16	0	2	0.0
59	Алергічний дерматит	346	5	22	11.0
60	Алергія на латекс	66	0	6	2.0
61	Алессандра Джиліані	2	0	1	0.0
62	Алкоголізм	2582	59	132	80.0
63	Алоїз Альцгеймер	69	0	8	2.0
64	Алоїз Капуано	1	0	1	0.0
65	Алпразолам	731	13	35	21.5
66	Альбендазол	279	0	22	8.0
67	Альберто Асколі	4	0	2	0.0
68	Альберто Бартон	3	0	1	0.0
69	Альбумінурія	34	0	4	1.0
70	Альдостерон	289	4	15	10.0
71	Альфа-адреноблокатори	197	1	12	6.0
72	Альфа-клітина	10	0	3	0.0
73	Альфа-фетопротеїн	440	4	25	15.5
74	Альфонс Якоб	4	0	2	0.0
75	Альфред Вельпо	5	0	1	0.0
76	Альфузозин	22	0	2	1.0
77	Амантадин	64	1	11	3.0
78	Амбазон	37	0	3	1.0
79	Амбліопія	821	7	40	26.5
80	Амброксол	149	1	14	4.0
81	Амебіаз	390	5	31	10.5
82	Аменорея	717	8	42	23.0
83	Американська колегія хірургів	9	0	2	0.0
84	Амізон	158	0	24	3.0
85	Амікацин	139	1	8	4.5
86	Амілоїд	48	0	5	1.0
87	Амілоїдоз	364	2	21	11.0
88	Амімія	19	0	3	1.0
89	Аміноглікозиди	274	1	19	8.0
90	Амінотрансферази	146	0	10	4.5
91	Аміодарон	146	0	11	4.0
92	Амітриптилін	694	6	35	22.5
93	Амлодипін	180	1	13	6.0
94	Амнезія	421	4	25	14.0
95	Амніоцентез	79	0	7	2.0
96	Амоксицилін	690	10	36	21.5
97	Амоксицилін/клавуланова кислота	202	0	13	6.0
98	Амосов Микола Михайлович	1559	28	99	43.0
99	Ампренавір	1	0	1	0.0
100	Ампутація	116	0	12	3.0
101	Амрінон	14	0	2	1.0
102	Амтолметин гуацил	12	0	4	0.0
103	Амузія	15	0	4	1.0
104	Амфетамін	4270	88	161	135.5
105	Амфотерицин В	59	0	6	1.0
106	Анагрелід	13	0	3	1.0
107	Анапластичний рак щитоподібної залози	29	0	4	1.0
108	Анасарка	225	2	15	6.0
109	Анастомоз	190	1	13	5.0
110	Анастрозол	68	0	6	2.0
111	Анатоксин	117	1	13	3.0
112	Анатомічний театр Київського університету Св. Володимира	29	0	3	1.0
113	Анатомо-терапевтично-хімічна класифікація	150	0	30	4.0
114	Анафілаксія	376	4	18	12.0
115	Анафілактичний шок	1405	18	77	44.0
116	Ангіологія	44	0	6	1.0
117	Ангіома	347	5	17	11.0
118	Ангіосаркома	20	0	4	1.0
119	Ангіосаркома щитоподібної залози	7	0	1	0.5
120	Ангіоспазм	125	0	9	3.0
121	Андрейчин Михайло Антонович	46	0	6	1.0
122	Андрогени	399	5	22	12.0
123	Андростендіон	116	0	12	3.0
124	Аневризма	1482	20	118	42.5
125	Аневризма аорти	597	4	44	18.0
126	Анемія	5091	74	259	162.0
127	Анестезія	428	4	24	14.0
128	Анеуплоїдія	102	1	10	3.0
129	Анідулафунгін	4	0	2	0.0
130	Анізакіди	25	0	5	1.0
131	Анізакідоз	38	0	4	1.0
132	Анізокорія	394	3	23	13.0
133	Анкілоз	145	1	11	4.0
134	Анкілозуючий спондилоартрит	1140	14	56	36.0
135	Анкілостомози	104	0	12	3.0
136	Анорексія (симптом)	1491	24	104	41.5
137	Антагоністи альдостерону	72	0	5	2.0
138	Антиаритмічні препарати	228	1	15	6.0
139	Антигіпертензивні препарати	627	9	30	20.5
140	Антитіла	1134	19	54	37.5
141	Антифосфоліпідний синдром	219	1	20	7.0
142	Антон Вексельбаум	4	0	1	0.0
143	Антоні Крупський	4	0	1	0.0
144	Антраль	1007	17	49	31.0
145	Антропоноз	159	2	14	4.0
146	Анурія	157	1	13	4.5
147	Аортальна недостатність	213	2	15	7.0
148	Апатія (медицина)	1350	27	62	41.5
149	Апендицит	2739	60	112	83.0
150	Апное	385	3	25	11.0
151	Апное уві сні	874	14	47	26.0
152	Аполіпопротеїн A1	28	0	4	1.0
153	Апраксія	173	1	10	6.0
154	Аптека	123	0	11	3.0
155	Арахноїдит	253	0	21	8.0
156	Арбідол	51	0	4	2.0
157	Арбовірусні хвороби	37	0	5	1.0
158	Аргентинська геморагічна гарячка	10	0	1	1.0
159	Арман Труссо	6	0	1	0.0
160	Артеріальна гіпертензія	3327	70	143	101.0
161	Артеріальна гіпотензія	1546	26	66	49.0
162	Артеріосклероз	49	0	6	1.0
163	Артерія м'яза-підіймача яєчка	11	0	3	0.0
164	Артерія сім'явивідної протоки	11	0	2	0.5
165	Артерія яєчка	43	0	4	1.0
166	Артралгія	282	4	19	8.0
167	Артремфіт	52	0	8	2.0
168	Артрит	1952	40	79	61.5
169	Артроз плечового суглоба	124	1	9	4.0
170	Артропластика	52	0	16	1.0
171	Артур Ернест Гведел	7	0	2	0.0
172	Асептика	230	0	23	6.0
173	Аскарида людська	1435	18	67	45.5
174	Аскаридоз	1024	11	52	31.5
175	Аспарагіназа	39	0	6	1.0
176	Аспергільоз	118	1	12	3.0
177	Астазія	11	0	3	0.0
178	Астемізол	11	0	2	0.0
179	Астенія	1540	27	70	47.5
180	Астма бронхіальна	1622	32	69	51.0
181	Асфіксія	1198	15	122	32.5
182	Асцит	602	11	27	18.5
183	Атазанавір	20	0	4	1.0
184	Атаксія	322	2	16	10.0
185	Атезолізумаб	56	0	8	1.5
186	Ателектаз легені	301	3	22	8.0
187	Атеросклероз	2455	41	146	75.0
188	Атетоз	60	0	7	1.0
189	Атипова пневмонія	113	0	9	3.0
190	Атлант (анатомія)	177	0	15	5.0
191	Атоваквон	8	0	2	0.0
192	Атонія	133	1	11	4.0
193	Аторвастатин	132	0	16	4.0
194	Атропін	490	5	34	14.5
195	Атрофія	381	7	19	11.0
196	Аура (симптом)	186	2	15	4.5
197	Аускультація	81	0	8	2.0
198	Аутопсія	362	5	23	10.5
199	Аутотрансплантація	42	0	5	1.0
200	Афект первинний	25	0	5	1.0
201	Афонія	41	0	4	1.0
202	Афти	91	0	8	2.5
203	Ахілів рефлекс	57	0	6	2.0
204	Ахондроплазія	100	0	6	3.0
205	Ацеклофенак	65	0	5	2.0
206	Аценокумарол	184	2	15	5.0
207	Ацетилсаліцилова кислота/гідроксид магнію	44	0	7	1.0
208	Ацетилцистеїн	202	1	13	6.0
209	Ацикловір	482	5	30	14.0
210	Бабезіоз	172	0	14	5.0
211	Базиліксимаб	4	0	1	0.0
212	Базофілопенія	7	0	3	0.0
213	Бактеріємія	117	0	13	3.5
214	Балантидіаз	28	0	2	1.0
215	Барабанна струна	31	0	4	1.0
216	Бардах Яків Юлійович	9	0	6	0.0
217	Барлова хвороба	22	0	2	1.0
218	Баротравма	141	0	12	4.0
219	Бартолініт	36	0	3	1.0
220	Бартолінові залози	289	5	16	8.0
221	Бартонельози	75	0	14	1.0
222	Баттологія	13	0	3	1.0
223	Бацилярний ангіоматоз	17	0	3	1.0
224	Бацилярний пурпурний гепатит	9	0	3	0.0
225	Бевацизумаб	68	0	6	2.0
226	Бедаквілін	78	0	7	3.0
227	Беджель	101	2	8	5.0
228	Безифлоксацин	9	0	2	0.0
229	Безоар	103	0	16	3.0
230	Безредка Олександр Михайлович	15	0	2	0.5
231	Безсоння	786	12	43	25.0
232	Беклометазон	66	0	6	2.0
233	Беміпарин	23	0	3	1.0
234	Беназеприл	9	0	2	0.0
235	Бендамустин	31	0	5	1.0
236	Бенджамін Раш	10	0	2	0.0
237	Бенедикт Ваґнер	4	0	2	0.0
238	Бензатин бензилпеніцилін	73	0	7	2.0
239	Бензатин феноксиметилпеніцилін	4	0	1	0.0
240	Бензобарбітал	29	0	4	1.0
241	Бепридил	17	0	3	0.5
242	Бері-бері	173	2	17	5.0
243	Бернгард Нохт	6	0	2	0.0
244	Бета-2-адреностимулятори	84	0	6	2.0
245	Бета-блокатор	643	8	35	21.0
246	Бета-клітина	37	0	8	1.0
247	Бета-лактамази	50	0	5	1.0
248	Бетаксолол	18	0	3	0.0
249	Бешиха	3865	83	211	115.5
250	Бівалірудин	5	0	4	0.0
251	Бігуняк Володимир Васильович	26	0	9	1.0
252	Бікалутамід	21	0	4	1.0
253	Біла гарячка	1293	28	62	39.5
254	Біластин	207	1	12	7.0
255	Біль	398	5	29	12.0
256	Біль за грудиною	86	0	7	3.0
257	Біодоступність	125	0	9	4.0
258	Біохімічний аналіз крові	3208	25	166	111.5
259	Біпериден	20	0	4	1.0
260	Біполярний афективний розлад	4039	77	600	109.5
261	Біфоназол	50	0	6	2.0
262	Бічний аміотрофічний склероз	1147	21	54	35.0
263	Бленорея	80	0	6	2.5
264	Блеоміцин	23	0	4	1.0
265	Блефарит	294	3	18	9.0
266	Близькосхідний коронавірусний респіраторний синдром	36	0	3	1.5
267	Бліда куля	26	0	3	1.0
268	Блокатори кальцієвих каналів	372	3	23	11.5
269	Блокатори H2-гістамінових рецепторів	180	0	12	6.0
270	Блювання	372	6	20	12.0
271	Богданов Іван Лукіянович	2	0	1	0.0
272	Бокавірусна інфекція	20	0	3	0.5
273	Болівійська геморагічна гарячка	8	0	2	0.5
274	Бородавка	1521	34	72	47.5
275	Борозна (мозок)	86	0	8	2.0
276	Ботулізм	2093	36	103	63.0
277	Боцепревір	11	0	3	0.0
278	Брадикардія	1353	24	65	41.0
279	Брахідактилія	48	0	7	1.0
280	Браян Артур Селлік	9	0	1	0.0
281	Брентуксимаб ведотин	46	0	9	1.0
282	Бретилію тозилат	7	0	1	0.0
283	Бривудин	9	0	2	0.0
284	Брижа (кишечник)	133	1	12	4.0
285	Бринцидофовір	9	0	2	0.0
286	Бромгексин	157	2	9	4.0
287	Бромокриптин	129	0	13	3.5
288	Бронхіт	1913	37	82	61.0
289	Бронхоектатична хвороба	400	6	21	12.0
290	Бронхоспазм	229	2	18	7.0
291	Бругіоз	17	0	4	0.0
292	Бруцельоз	437	3	32	13.0
293	Бубновський Сергій Михайлович	457	6	25	14.0
294	Бубон (медицина)	101	0	6	3.0
295	Бубонна чума	550	11	29	17.0
296	Будесонід	136	1	12	4.0
297	Булімія	2645	48	217	75.5
298	Бупренорфін	361	3	38	10.0
299	Бупропіон	132	0	11	4.0
300	Бурсит	686	9	39	21.5
301	Бусерелін	13	0	2	0.0
302	Буспірон	324	1	21	9.0
303	Бусульфан	40	0	8	1.0
304	Бутоконазол	3	0	1	0.0
305	Буторфанол	104	0	9	3.0
306	Вавжинєц Прессен	4	0	3	0.0
307	Вагінальний кандидоз	4054	85	164	132.5
308	Вазоактивний інтестинальний пептид	11	0	2	0.0
309	Вазопресин	471	8	34	14.0
310	Вакцина проти гепатиту А	71	1	6	2.0
311	Вакцина проти епідемічного паротиту	67	0	5	2.0
312	Вакцина проти кору	874	7	67	22.0
313	Вакцинація	848	7	54	24.5
314	Вакцини	1359	12	82	40.5
315	Вакцини проти холери	30	0	3	1.0
316	Валацикловір	145	1	9	5.0
317	Валганцикловір	21	0	5	1.0
318	Валсартан	84	0	6	2.0
319	Вальпроєва кислота	165	0	12	5.0
320	Варикоз	1448	19	67	45.0
321	Варфарин	237	1	16	7.0
322	Васкуліт	469	4	46	14.0
323	Ведолізумаб	16	0	3	0.0
324	Везикульозний рикетсіоз	89	0	10	3.0
325	Великий кам'янистий нерв	15	0	3	1.0
326	Великогомілкова кістка	271	3	24	7.5
327	Венеричні хвороби	1243	21	65	36.5
328	Венерологія	186	0	17	5.0
329	Венесуельський енцефаломієліт	13	0	2	1.0
330	Венлафаксин	93	0	8	2.0
331	Верапаміл	120	1	9	3.0
332	Вернакалант	31	0	5	1.0
333	Вертикальний механізм передачі інфекції	100	0	21	2.0
334	Верхнє слиновидільне ядро	5	0	2	0.0
335	Верхній гортанний нерв	10	0	2	0.0
336	Верхньощелепна артерія	59	0	6	2.0
337	Верхньощелепна вена	2	0	1	0.0
338	Верхня гортанна артерія	1	0	1	0.0
339	Верхня щитоподібна артерія	12	0	3	0.0
340	Верхня щитоподібна вена	3	0	2	0.0
341	Випадкова смерть та інвалідність: знехтуване захворювання сучасного суспільства	2	0	1	0.0
342	Виразка Бурулі	34	0	6	1.0
343	Висип	1592	33	94	45.0
344	Висівкоподібний (різнокольоровий) лишай	4018	83	189	122.0
345	Високоактивна антиретровірусна терапія	208	2	12	6.5
346	Високович Володимир Костянтинович	14	0	4	0.0
347	Висотна хвороба	246	1	19	7.5
348	Висхідна глоткова артерія	6	0	1	0.0
349	Висхідна шийна артерія	12	0	4	1.0
350	Відрижка	266	3	19	8.0
351	Відшарування сітківки	524	5	39	15.0
352	Військова медицина в Україні	87	0	7	3.0
353	Військові медичні заклади України	152	0	11	5.0
354	Військово-лікарські комісії України	487	3	40	15.0
355	Віктор Бабеш	5	0	1	0.0
356	Вілем Душан Лямбль	11	0	2	1.0
357	Вілізієве коло	123	0	9	3.5
358	Вільгельм Ґрізінґер	6	0	1	0.0
359	Вільям Горгас	9	0	1	0.0
360	Віментин	17	0	3	0.0
361	Вінбластин	44	0	7	1.0
362	Вінорельбін	20	0	2	1.0
363	ВІПома	14	0	3	0.0
364	Вірджинія Апгар	21	0	2	1.0
365	Вірус Епштейна — Барр	3939	56	307	122.0
366	Вірус Зіка	189	1	16	5.0
367	Вірус імунодефіциту людини	1971	33	83	62.0
368	Вірус Норуолк	79	0	7	2.0
369	Вірус папіломи людини	3557	56	165	120.5
370	Вірусемія	28	0	5	1.0
371	Віспа мавп	75	1	11	2.0
372	Вісцеральний лейшманіоз	62	0	8	2.0
373	Вітамін B12	1621	32	77	51.0
374	Вітряна віспа	3098	59	141	93.5
375	Внутрішнє вухо	223	2	14	8.0
376	Внутрішньоартеріальна ін'єкція	20	0	2	1.0
377	Внутрішньовенна ін'єкція	946	12	64	29.5
378	Внутрішньолікарняна інфекція	204	2	11	7.0
379	Внутрішньом'язова ін'єкція	1041	13	59	32.0
380	Внутрішньочерепна гіпертензія	625	10	38	19.0
381	Внутрішня грудна артерія	34	0	5	1.0
382	Внутрішня сонна артерія	94	0	7	3.0
383	Внутрішня яремна вена	227	2	14	7.0
384	Воєнно-медична доктрина України	61	0	4	2.0
385	Возіанова Жанна Іванівна	52	0	7	1.0
386	Войцех Жердинський	2	0	2	0.0
387	Волинська гарячка	147	0	15	4.5
388	Волянський Юрій Леонідович	11	0	3	0.0
389	Вориконазол	41	0	4	1.0
390	Вортіоксетин	66	0	8	2.0
391	Воші	1907	40	82	58.5
392	Всесвітній день боротьби з цукровим діабетом	22	0	4	1.0
393	Всеукраїнський центр професійної реабілітації інвалідів	142	0	13	4.0
394	Всеукраїнський центр радіохірургії	109	0	11	3.0
395	Вузлик	216	0	13	6.5
396	Вузликовий періартеріїт	99	0	7	3.0
397	Вухереріоз	25	0	3	1.0
398	Вушна раковина	92	0	7	3.0
399	Габапентин	190	1	15	5.5
400	Газова гангрена	526	8	27	15.0
401	Галітоз	164	1	17	4.0
402	Галоперидол	737	9	42	22.5
403	Галофантрин	9	0	2	0.0
404	Галюцинація	278	2	17	8.5
405	Гамалія Микола Федорович	33	0	4	1.0
406	Гангрена	1398	29	61	43.0
407	Ганс Сельє	54	0	5	2.0
408	Ганс Цінссер	5	0	3	0.0
409	Ганс-Герхард Кройцфельд	8	0	3	0.0
410	Ганцикловір	64	0	6	2.0
411	Гаплогрупа R1a	387	5	22	13.0
412	Гарячка	1118	13	124	29.5
413	Гарячка денге	629	5	121	14.0
414	Гарячка Західного Нілу	157	1	13	4.0
415	Гарячка Ласса	65	0	8	2.0
416	Гарячка лісу Барма	78	2	8	4.0
417	Гарячка лісу Семлікі	4	0	1	0.0
418	Гарячка паппатачі	43	0	6	1.0
419	Гарячка Ріфт Валлі	33	0	3	1.0
420	Гарячка Росс Рівер	22	0	2	1.0
421	Гарячка Сіндбіс	2	0	1	0.0
422	Гарячки від укусу пацюків	17	0	3	1.0
423	Гастринома	13	0	2	1.0
424	Гастрит	1512	33	68	48.0
425	Гастроезофагеальна рефлюксна хвороба	2230	35	96	71.0
426	Гатіфлоксацин	103	0	8	3.0
427	Гвайфенезин	551	8	31	16.0
428	Гексопреналін	11	0	2	0.0
429	Гельмінти	1153	17	60	35.0
430	Гельмінтози	379	4	24	12.0
431	Гемартроз	73	0	6	2.0
432	Гематома	1034	21	52	31.0
433	Гематурія	235	1	18	6.5
434	Геміпарез	450	5	25	14.0
435	Геміфлоксацин	12	0	4	0.0
436	Гемолітична анемія	221	1	19	6.5
437	Гемоперикард	10	0	3	1.0
438	Геморагічна гарячка	82	0	7	2.0
439	Геморагічна гарячка з нирковим синдромом	62	0	7	2.0
440	Геморагічний васкуліт	809	8	49	26.5
441	Геморагічний інсульт	1036	19	50	32.0
442	Геморой	4696	82	198	146.5
443	Гемофілія	995	17	49	30.5
444	Гемофільна інфекція	1472	16	79	48.0
445	Гемохроматоз	107	0	8	3.0
446	Гемцитабін	30	0	7	1.0
447	Генетичні хвороби	388	5	24	10.5
448	Генрик Кадий	9	0	2	0.0
449	Генрик Мосінг	18	0	3	0.5
450	Генрі Коплік	0	0	0	0.0
451	Генріх Квінке	17	0	3	0.0
452	Гентаміцин	250	0	17	7.0
453	Георг Гаффкі	2	0	1	0.0
454	Георг Фернан Ізідор Відаль	6	0	2	0.0
455	Георгіос Папаніколау	27	0	6	1.0
456	Гепатит А	1183	18	59	38.0
457	Гепатит B	1863	29	89	59.0
458	Гепатит C	2675	51	132	83.0
459	Гепатит D	226	2	15	7.0
460	Гепатит E	126	0	10	4.0
461	Гепатомегалія	404	2	22	13.0
462	Гепатоцит	123	0	10	4.0
463	Герасун Борис Абрамович	62	0	6	2.0
464	Герман Музер	77	2	9	4.0
465	Герпес простий	1497	29	77	46.0
466	Герпесвіруси	191	2	12	5.5
467	Герпесвірусні інфекції	884	6	46	28.5
468	Гестаційний цукровий діабет	136	0	12	3.5
469	Гефітиніб	13	0	3	1.0
470	Гикавка	669	14	35	21.0
471	Гіаліноз	33	0	4	1.0
472	Гіалоїдна мембрана	25	0	3	1.0
473	Гібернома	43	0	4	1.0
474	Гігантоклітинний артеріїт	56	0	6	1.0
475	Гігієна	194	3	16	5.0
476	Гідазепам	1584	29	72	50.0
477	Гідрокодон	74	0	16	2.0
478	Гідроксизин	95	1	7	3.0
479	Гідроксикарбамід	19	0	3	0.0
480	Гідроксиметилхіноксиліндіоксид	21	0	4	1.0
481	Гідроксихлорохін	36	0	5	1.0
482	Гідронефроз	1147	13	69	37.5
483	Гідроторакс	215	2	15	5.5
484	Гідрофобія (симптом)	31	0	5	1.0
485	Гідрохлоротіазид	166	0	16	4.0
486	Гідроцефалія	2561	55	194	73.0
487	Гійом Дюпюїтрен	7	0	3	0.0
488	Гіменолепідоз	193	1	22	5.5
489	Гінгівіт	773	14	38	24.0
490	Гінеколог-ендокринолог	152	0	12	4.0
491	Гіперальдостеронізм	77	0	6	3.0
492	Гіперглікемічна кома	615	12	32	19.0
493	Гіперглікемія	416	4	29	12.0
494	Гіперемія	502	6	32	15.5
495	Гіперестезія	88	0	8	3.0
496	Гіперкаліємія	281	2	16	9.0
497	Гіперкапнія	64	0	5	2.0
498	Гіперліпідемія	121	0	11	4.0
499	Гіперпаратиреоз	192	1	15	6.0
500	Гіперпролактинемія	293	3	21	9.0
501	Гіпертензивний криз	374	4	22	12.0
502	Гіпертиреоїдизм	455	6	30	14.0
503	Гіпноз	343	5	19	10.0
504	Гіповолемічний шок	647	5	55	15.0
505	Гіповолемія	227	0	13	7.0
506	Гіпоглікемічна кома	499	8	24	15.0
507	Гіпоглікемія	815	14	36	27.0
508	Гіподинамія	225	2	19	6.0
509	Гіпокаліємія	163	1	11	5.0
510	Гіпоксемія	57	0	5	2.0
511	Гіпоманія	453	6	28	13.0
512	Гіпопаратиреоїдизм	106	0	8	3.0
513	Гіпопіон	11	0	2	0.0
514	Гіпотермія	263	1	20	7.0
515	Гіпотиреоїдизм	1722	31	104	48.5
516	Гіпотонус	63	0	8	2.0
517	Гіпотрофія	136	0	9	5.0
518	Гіппократ	510	10	25	15.0
519	Гірська хвороба	236	1	25	6.5
520	Гістеректомія	358	2	24	10.0
521	Гістопатологія	10	0	2	0.0
522	Гістоплазмоз	79	0	7	2.0
523	Глатирамеру ацетат	23	0	3	1.0
524	Глаукома	1064	17	48	33.5
525	Глибока язикова артерія	1	0	1	0.0
526	Глибоке пахвинне кільце	106	0	8	3.5
527	Глібенкламід	50	0	4	2.0
528	Глікемічний індекс	935	12	45	30.0
529	Гліклазид	36	0	4	1.0
530	Гліобластома	1038	17	54	31.5
531	Гліома	167	0	15	6.0
532	Гломерулонефрит	786	13	71	23.0
533	Глузман Семен Фішельович	480	1	76	10.5
534	Глюкагон	183	0	15	4.5
535	Глюкагонома	4	0	1	0.0
536	Глюкозурія	54	0	6	1.5
537	Глюкокортикоїди	462	6	26	14.0
538	Гній (медицина)	319	4	18	9.0
539	Гноячок	104	0	9	3.0
540	Говард Тейлор Рікеттс	4	0	2	0.0
541	Гозерелін	105	0	10	4.0
542	Голімумаб	21	0	4	0.0
543	Голка хірургічна	163	0	13	4.0
544	Головна вена	26	0	3	1.0
545	Головне ядро трійчастого нерва	3	0	1	0.0
546	Головний біль	927	19	47	28.0
547	Головний біль напруги	669	6	29	21.0
548	Головний мозок людини	1472	31	87	46.0
549	Голосові зв'язки	252	2	15	7.5
550	Голубовська Ольга Анатоліївна	424	1	71	9.0
551	Гомілка	437	7	22	13.0
552	Гонгілонематоз	48	0	7	2.0
553	Гонорея	4291	97	160	133.5
554	Гончарук Євген Гнатович	21	0	7	0.0
555	Гормон росту 2	24	0	5	1.0
556	Городецький Марко Михайлович	16	0	4	0.0
557	Гортань	322	5	18	9.5
558	Госпітальна пневмонія	53	0	6	1.0
559	Гостра респіраторна вірусна інфекція	1529	32	77	43.0
560	Гостра серцева недостатність	260	2	18	7.0
561	Гостра судинна недостатність	285	4	25	8.5
562	Гострий апендицит	950	13	52	27.5
563	Гострий гастрит	369	4	21	11.0
564	Гострий лімфобластний лейкоз	901	9	104	25.5
565	Гострий мієлобластний лейкоз	299	1	19	9.5
566	Гострий панкреатит	1637	32	100	50.5
567	Гострий розсіяний енцефаломієліт	198	1	19	4.5
568	Гострий середній отит	1091	21	50	33.0
569	Гострий тонзиліт	4279	99	182	132.0
570	Гострі лейкози	342	1	22	9.5
571	Гранульоматозний амебний енцефаліт	8	0	2	0.0
572	Грепафлоксацин	5	0	2	0.0
573	Грижа	1431	22	82	43.0
574	Гризеофульвін	74	0	6	2.0
575	Грип	730	12	49	21.0
576	Грицюк Олександр Йосипович	10	0	3	0.0
577	Громадське здоров'я	295	1	24	7.0
578	Громашевська Любов Леонтіївна	2	0	1	0.0
579	Громашевський Лев Васильович	28	0	8	1.0
580	Грудинно-ключично-соскоподібний м'яз	77	0	8	2.5
581	Грудинно-ключично-сосцеподібна артерія	1	0	1	0.0
582	Гуго Шоттмюллер	2	0	1	0.0
583	Гума (патологія)	69	0	5	2.0
584	Гураль Анатолій Леонтійович	4	0	1	0.0
585	Густав Гімза	8	0	3	0.0
586	Ґергард Гансен	6	0	2	0.0
587	Ґрелін	65	0	9	2.0
588	Дабігатран	27	0	17	1.0
589	Дазатиніб	15	0	3	1.0
590	Дакарбазин	20	0	5	1.0
591	Даклізумаб	4	0	2	0.0
592	Далекозорість	722	7	40	22.0
593	Дальтепарин	12	0	4	0.0
594	Данієль Алкідес Карріон	6	0	1	0.0
595	Данієль Елмер Сальмон	4	0	1	0.0
596	Дапсон	33	0	5	1.0
597	Даптоміцин	23	0	3	1.0
598	Дарунавір	12	0	2	1.0
599	ДВЗ-синдром	361	3	23	10.5
600	Девід Брюс (мікробіолог)	7	0	1	0.0
601	Девід Веттер	65	0	7	2.0
602	Дегідратаційний шок	108	0	11	2.0
603	Дезлоратадин	403	4	20	12.5
604	Декаметоксин	440	4	25	13.5
605	Декваліній	49	0	6	2.0
606	Дексаметазон	1457	25	65	46.5
607	Дексібупрофен	86	0	7	2.0
608	Декскетопрофен	191	1	12	6.0
609	Декслансопразол	67	0	12	2.0
610	Декстрометорфан	154	1	13	3.5
611	Делавірдин	4	0	1	0.0
612	Делірій	864	13	48	26.0
613	Дельта-клітина	12	0	5	0.0
614	Деменція	3571	65	336	98.0
615	Демієлінізуючі захворювання	390	3	21	12.0
616	Демодекоз	2728	43	125	88.0
617	Деносумаб	73	0	8	2.0
618	Деперсоналізація	564	5	58	15.5
619	Дерматологія	603	4	41	19.5
620	Дерматоміозит	335	4	19	10.5
621	Десвенлафаксин	61	0	7	2.0
622	Десмоїд	70	0	6	2.0
623	Десмопресин	69	0	10	2.0
624	Джгут	303	2	27	8.5
625	Джеймс К. Стайнер	11	0	4	0.0
626	Джироламо Фракасторо	14	0	2	0.0
627	Джованні Баттіста Грассі	5	0	2	0.0
628	Джозаміцин	61	0	8	2.0
629	Джозеф Лістер	56	0	7	2.0
630	Джон Сноу	51	0	5	1.0
631	Джонатан Гатчінсон	3	0	1	0.0
632	Дивертикуліт	342	6	19	10.0
633	Дигітоксин	30	0	6	1.0
634	Диданозин	7	0	2	0.0
635	Дизартрія	344	4	37	9.0
636	Дизентерія	1244	21	66	38.0
637	Дизопірамід	18	0	3	0.0
638	Дийодтирозин	6	0	2	0.0
639	Дилтіазем	42	0	4	1.0
640	Дименгідринат	98	0	6	3.0
641	Диметилтриптамін	494	7	29	15.5
642	Диметинден	203	1	13	6.0
643	Дипілідіоз	95	0	9	2.0
644	Дипіридамол	147	0	11	4.5
645	Диплопія	154	0	10	5.0
646	Дирофіляріоз	310	4	19	9.0
647	Дисекція шиї	29	0	6	1.0
648	Дислокація мозку	55	0	6	1.0
649	Дисморфофобія	393	6	30	11.0
650	Диспансеризація	379	3	25	11.5
651	Диспепсія	924	17	41	28.0
652	Дисфагія	400	3	18	12.0
653	Дисфорія	250	3	18	7.0
654	Дифілоботріоз	103	0	8	3.0
655	Дифтерія	10416	109	1249	217.0
656	Дифузний панбронхіоліт	20	0	3	1.0
657	Дифузний токсичний зоб	617	6	35	18.5
658	Дихальна недостатність	316	1	18	10.0
659	Дихання Біота	125	0	12	4.0
660	Дихання Куссмауля	164	1	15	4.0
661	Дихання Чейна — Стокса	224	1	32	6.0
662	Діабетична нефропатія	77	0	6	3.0
663	Діагностична тріада Стімсона	11	0	2	0.5
664	Діагностичний і статистичний посібник з психічних розладів	307	0	20	8.5
665	Діазепам	697	11	33	21.0
666	Діапедез	38	0	4	1.0
667	Діарея	2104	44	88	64.5
668	Діарея мандрівників	214	2	18	7.0
669	Діацереїн	30	0	5	1.0
670	Дієта	595	8	41	18.0
671	Дієти за Певзнером	252	1	22	7.0
672	Діурез	579	5	29	17.5
673	Доброякісна гіперплазія передміхурової залози	1260	19	62	40.5
674	Доброякісна пухлина	703	12	37	21.0
675	Доказова медицина	201	0	17	6.0
676	Доксазозин	86	0	10	3.0
677	Доксепін	100	0	9	2.5
678	Доксиламін	160	0	23	4.0
679	Доксициклін	453	7	30	13.0
680	Долонно-підошовний синдром	36	0	4	1.0
681	Долутегравір	48	0	5	2.0
682	Домінік-Жан Ларрей	19	0	3	1.0
683	Домперидон	204	2	12	6.0
684	Дональд Гендерсон	16	0	5	0.0
685	Допінг-тест	22	0	3	1.0
686	Доріпенем	12	0	2	1.0
687	Доступні ліки	102	0	8	2.5
688	Дофамін	1566	33	69	48.5
689	Дофетилід	17	0	3	1.0
690	Доцетаксел	127	1	11	3.0
691	Дракункульоз	88	0	8	3.0
692	Дробинський Ісаак Рудольфович	93	2	12	4.0
693	Дронедарон	23	0	3	1.0
694	Дротаверин	789	11	37	25.0
695	Друга холерна пандемія	9	0	3	0.5
696	Дуга аорти	113	1	8	3.5
697	Дудченко Іван Степанович	6	0	4	0.0
698	Дулоксетин	105	0	11	3.0
699	Дутастерид	73	0	6	1.5
700	Дяченко Сергій Степанович	9	0	2	0.5
701	Ебастин	45	0	15	1.0
702	Ебола (вірус)	1313	16	120	32.5
703	Еверолімус	18	0	3	0.0
704	Едвард Дженнер	65	0	6	2.0
705	Езомепразол	102	0	10	2.0
706	Езофагіт	435	5	24	13.0
707	Ейфорія	1188	16	62	36.5
708	Екзема	2415	51	110	75.0
709	Екзофтальм	149	1	11	4.0
710	Еконазол	29	0	3	1.0
711	Ексеместан	18	0	3	1.0
712	Екстракорпоральна мембранна оксигенація	32	0	4	1.0
713	Екстрапірамідна система	212	0	15	6.5
714	Екстрастріарна кора	5	0	1	0.0
715	Екстрений медичний реагувальник	49	0	5	1.0
716	Екстрений медичний технік	105	0	11	3.0
717	Елвітегравір	1	0	1	0.0
718	Електрокардіографія	1115	12	70	33.5
719	Електротравма	191	0	15	5.5
720	Еліс Кетрін Еванс	6	0	2	0.0
721	Емануель Махек	5	0	1	0.0
722	Емболія	511	7	44	15.5
723	Еметин	8	0	2	0.0
724	Еміль Адольф фон Берінг	24	0	5	1.0
725	Еміль ван Ерменґем	19	0	6	0.0
726	Еміль Шарль Ашар	6	0	2	0.0
727	Емоційно нестабільний розлад особистості	493	5	27	15.5
728	Емтрицитабін	37	0	5	1.0
729	Еналаприл	156	0	9	5.0
730	Ендартеріїт	104	0	7	2.5
731	Ендемічний висипний тиф	66	0	5	2.0
732	Ендемічний поворотний тиф	24	0	3	1.0
733	Ендемія	88	0	10	2.0
734	Ендокардит	316	4	24	9.0
735	Ендокринна хірургія	73	0	38	1.0
736	Ендокринні залози	518	6	35	16.0
737	Ендорфіни	1309	26	60	40.0
738	Еноксапарин	85	0	8	2.0
739	Еноксацин	2	0	1	0.0
740	Енріке да Роше Ліма	9	0	2	0.0
741	Ентекавір	21	0	5	0.0
742	Ентерит	558	6	27	17.0
743	Ентерична нервова система	46	0	6	1.0
744	Ентеробіоз	1043	13	65	33.0
745	Ентеровірусні інфекції	1879	30	84	58.0
746	Ентерогастральний гальмівний рефлекс	0	0	0	0.0
747	Ентероколіт	673	10	29	21.5
748	Ентеросорбент	136	0	10	4.0
749	Енурез	642	7	70	19.5
750	Енфувіртид	2	0	1	0.0
751	Енцефаліт	1179	24	61	36.0
752	Енцефаліт долини Муррея	11	0	2	1.0
753	Енцефаліт Повассан	20	3	8	4.5
754	Енцефаліт Росіо	12	0	2	0.0
755	Енцефаліт Сент-Луїс	14	0	3	1.0
756	Енцефалопатія	2329	45	101	75.5
757	Еозинофілія	2541	22	130	84.5
758	Епідеміологія	252	3	15	8.0
759	Епідемічний висипний тиф	403	3	37	10.5
760	Епідемічний паротит	1218	22	70	38.0
761	Епідемічний поворотний тиф	37	0	4	2.0
762	Епідемія	336	3	27	9.5
763	Епікондиліт	524	5	30	16.5
764	Епірубіцин	20	0	3	1.0
765	Еплеренон	42	0	6	2.0
766	Епросартан	9	0	2	0.0
767	Ептифібатид	9	0	3	0.0
768	Ерадикація інфекційних хвороб	52	0	5	1.0
769	Ерготерапія	867	13	49	27.5
770	Ерготизм	118	0	10	3.0
771	Ердостеїн	46	0	5	1.5
772	Еризипелоїд	160	2	13	4.0
773	Еритроміцин	442	6	24	13.0
774	Еритропоетин	178	0	16	5.0
775	Ерліхіоз	39	0	7	1.0
776	Ерлотиніб	11	0	2	0.5
777	Ертапенем	20	0	5	0.0
778	Есенціале	524	9	25	17.0
779	Есмолол	21	0	3	1.0
780	Естрадіол	608	7	33	19.0
781	Естрамустин	1	0	1	0.0
782	Есциталопрам	264	4	15	8.0
783	Етамбутол	56	0	5	2.0
784	Етанерцепт	30	0	4	1.0
785	Етацизин	54	0	5	2.0
786	Етифоксин	15	0	4	0.5
787	Етіологія (медицина)	313	3	16	9.0
788	Етодолак	38	0	4	1.0
789	Етопозид	45	0	4	1.0
790	Еторикоксиб	112	0	8	3.0
791	Етравірин	3	0	2	0.0
792	Етторе Маркіафава	6	0	2	0.0
793	Еутиреоз	110	0	9	3.0
794	Ефавіренз	40	0	6	2.0
795	Ехінокандини	11	0	3	0.0
796	Ехінокок звичайний	146	1	11	5.0
797	Ехінококоз	668	5	36	21.5
798	Ехокардіографія	226	0	18	6.5
799	Ешерихіоз	409	5	24	11.5
800	Європейська рада ресусцитації	22	0	5	1.0
801	Єрсиніоз кишковий	338	1	27	10.0
802	Єрсинія	87	0	8	3.0
803	Жан-Луї Петі	7	0	6	0.0
804	Жан-Луї Прево	6	0	3	0.0
805	Жданов Віктор Михайлович	11	0	2	0.0
806	Жовта гарячка	283	2	45	7.0
807	Жовтяниця (медицина)	1255	25	54	39.5
808	Жовчнокам'яна хвороба	906	11	49	28.0
809	Жозеф-Фредерік-Бенуа Шарр'єр	2	0	1	0.0
810	Жувальний м'яз	71	0	24	2.0
811	Заболотний Данило Кирилович	213	1	14	7.0
812	Забуті тропічні хвороби	136	1	9	4.0
813	Загальна клубова артерія	85	0	13	2.0
814	Загальна сонна артерія	491	5	26	16.0
815	Задишка	234	3	12	7.0
816	Задній сегмент ока	6	0	2	0.0
817	Задня вушна артерія	9	0	4	0.0
818	Задня мозкова артерія	47	0	5	1.0
819	Закидання голови-виведення підборіддя	17	0	3	1.0
820	Законодавство в екстреній медицині	132	0	11	4.5
821	Залеплон	25	0	4	1.0
822	Зальцитабін	0	0	0	0.0
823	Занамівір	22	0	3	1.0
824	Заочеревинний простір	124	1	10	3.0
825	Запалення	848	13	47	27.0
826	Запор	1119	22	54	33.0
827	Зарицький Анатолій Минович	4	0	1	0.0
828	Застуда	374	3	29	10.0
829	Затримка місячних	6136	130	230	191.0
830	Західний енцефаломієліт коней	6	0	1	0.0
831	Зв'язка (анатомія)	126	0	10	3.0
832	Звивина	69	0	5	2.0
833	Зворотний гортанний нерв	80	0	9	2.0
834	Здорове харчування	459	3	22	14.5
835	Злоякісна анемія	91	1	8	2.0
836	Зміна поведінки (громадське здоров'я)	6	0	2	0.0
837	Знаменський Володимир Олексійович	13	0	3	0.5
838	Зневоднення організму	165	0	11	5.0
839	Зоб (хвороба)	1252	18	64	38.0
840	Зовнішній сітчастий шар	12	0	3	0.0
841	Зовнішня капсула	8	0	2	0.0
842	Зовнішня клубова артерія	36	0	6	1.0
843	Зовнішня сонна артерія	150	0	14	4.0
844	Зовнішня яремна вена	70	0	7	2.0
845	Золпідем	73	0	10	2.0
846	Зонд Сенґстакена — Блекмора	49	0	14	1.0
847	Зооноз	239	2	14	7.5
848	Зопіклон	111	0	8	4.0
849	Зоровий нерв	582	8	85	15.0
850	Зофеноприл	27	0	6	1.0
851	Зсідання крові	924	6	52	28.5
852	Зюков Анатолій Матвійович	4	0	2	0.0
853	Івабрадин	61	0	9	2.0
854	Іванов Вадим Миколайович	17	0	13	0.0
855	Івар Сандстрьом	2	0	1	0.0
856	Ідарубіцин	6	0	2	0.0
857	Ідіопатичний фіброзуючий альвеоліт	205	2	13	6.5
858	Ізоконазол	13	0	2	1.0
859	Ізоксуприн	13	0	3	0.0
860	Ізопреналін	29	0	4	1.0
861	Ізосорбіду динітрат	47	0	4	1.0
862	Ізоспороз	12	0	2	0.0
863	Іматиніб	57	0	6	1.0
864	Іміпенем	69	0	10	2.0
865	Іміпрамін	45	0	5	2.0
866	Імунітет (медицина)	662	8	93	16.5
867	Імуногістохімія	256	1	19	8.0
868	Інвагінація кишечника	275	2	19	9.0
869	Інгібітори 5-альфа-редуктази	35	0	5	1.0
870	Інгібітори АПФ	349	2	32	9.5
871	Інгібітори бета-лактамаз	22	0	4	1.0
872	Інгібітори протеази	36	0	4	1.0
873	Інгібітори рецепторів ангіотензину-ІІ	289	3	19	9.0
874	Інгібітори тирозинкінази	23	0	3	1.0
875	Індакатерол	18	0	3	1.0
876	Індапамід	82	0	8	2.0
877	Індинавір	4	0	1	0.0
878	Інозин	142	0	17	4.0
879	Інозин пранобекс	318	2	20	10.0
880	Інститут ендокринології та обміну речовин імені В. П. Комісаренка НАМН України	77	0	6	2.0
881	Інститут медичної реабілітації дітей з ураженням центральної нервової системи імені Януша Корчака	31	0	3	1.0
882	Інститут очних хвороб і тканинної терапії імені В. П. Філатова НАМН України	336	2	23	9.5
883	Інститут тропічної медицини імені Бернгарда Нохта	8	0	3	0.0
884	Інструктор курсів невідкладної допомоги	23	0	3	1.5
885	Інсулін	1338	19	59	43.0
886	Інсулінова помпа	227	1	20	6.5
887	Інсулінома	36	0	8	1.0
888	Інсулінотерапія	48	0	6	2.0
889	Інтерстиційний нефрит	109	0	7	4.0
890	Інтраопераційне гістологічне експрес-дослідження	40	0	4	1.0
891	Інтубація	49	0	5	1.0
892	Інфекційна еритема	432	5	25	13.0
893	Інфекційний мононуклеоз	3938	70	171	125.5
894	Інфекційні захворювання	3146	28	500	62.0
895	Інфекція	714	9	53	19.5
896	Інфекція, яку спричинює вірус Епштейна — Барр	1230	22	59	36.5
897	Інфекція, яку спричинює герпесвірус людини 6-го типу	150	1	10	4.5
898	Інфекція, яку спричинює герпесвірус людини 7-го типу	51	1	4	1.0
899	Інфекція, яку спричинює герпесвірус людини 8-го типу	90	0	8	2.5
900	Інфліксімаб	48	0	5	1.0
901	Іпохондрія	1343	18	81	40.0
902	Іпратропію бромід	57	0	5	2.0
903	Ірбесартан	31	0	3	1.0
904	Іринотекан	42	0	4	1.0
905	Ірит	67	0	6	2.0
906	Ісрадипін	4	0	1	0.0
907	Ітоприд	61	0	7	2.0
908	Ітраконазол	191	2	15	5.5
909	Іфосфамід	24	0	3	1.0
910	Ішемічна хвороба серця	2133	29	95	69.5
911	Ішемічний інсульт	1460	16	62	47.5
912	Ішурія	448	5	27	13.0
913	Йододефіцит	228	2	16	6.5
914	Кабазитаксел	10	0	3	0.0
915	Каберголін	66	0	5	2.0
916	Календар щеплень	1044	14	68	30.5
917	Каліфорнійський енцефаліт	18	0	4	1.0
918	Кальцитонін	438	3	31	14.0
919	Кальцитріол	60	0	8	1.5
920	Кампілобактеріоз	139	1	10	4.0
921	Канакінумаб	10	0	2	0.5
922	Каналопатія	10	0	2	0.0
923	Канаміцин	61	0	6	1.0
924	Кандидоз	3468	71	248	99.5
925	Канцерогени	439	6	25	13.5
926	Капецитабін	64	0	9	2.0
927	Капреоміцин	12	0	3	0.0
928	Каптоприл	130	0	10	4.0
929	Карантин	286	0	29	8.0
930	Карбамазепін	542	9	29	17.0
931	Карбідопа	30	0	7	1.0
932	Карбоплатин	92	0	15	2.5
933	Карбоцистеїн	84	0	7	2.0
934	Карбункул (хвороба)	906	13	50	27.5
935	Карведилол	74	0	5	2.0
936	Кардіалгія	114	1	9	3.0
937	Кардіоміопатія	1150	20	58	34.5
938	Кардіохірургія	77	0	8	2.0
939	Карл Вундерліх	6	0	2	0.0
940	Карл Йозеф Еберт	4	0	2	0.0
941	Карл фон Лібермейстер	5	0	1	0.0
942	Карлос Хуан Фінлей	2	0	1	0.0
943	Карлус Шагас	4	0	1	0.0
944	Кармустин	8	0	2	0.0
945	Каролінська університетська лікарня	4	0	1	0.0
946	Каротидний синус	42	0	4	1.0
947	Карфентаніл	98	0	11	2.0
948	Карциноїд	78	0	8	2.0
949	Карциноїдний синдром	96	0	8	2.5
950	Карцинома	3661	70	165	115.0
951	Каспофунгін	62	0	7	2.0
952	Катаракта	989	17	49	31.5
953	Катастрофічний антифосфоліпідний синдром	21	0	3	1.0
954	Кафедра патологічної фізіології Національного медичного університету імені О. О. Богомольця	22	0	4	1.0
955	Кашель	442	5	43	11.5
956	Кашлюк	2169	33	113	69.5
957	Кветіапін	185	1	13	5.0
958	Квінаприл	11	0	4	0.0
959	Келвін Леунг	0	0	0	0.0
960	Кератит	534	8	43	14.5
961	Кертіс Лестер Мендельсон	4	0	2	0.0
962	Кесонна хвороба	962	4	338	15.5
963	Кетоацидоз	314	3	26	10.0
964	Кетоконазол	194	1	15	5.5
965	Кетопрофен	218	1	15	7.0
966	Кеторолак	236	1	14	8.0
967	Кетотифен	111	0	8	3.0
968	Київська міська психіатрична лікарня	647	5	34	19.0
969	Київське обласне психіатрично-наркологічне медоб'єднання	180	1	16	5.0
970	Київський міський клінічний госпіталь ветеранів війни	165	1	16	4.5
971	Кила Шморля	771	7	38	24.0
972	Кишенькова маска	23	0	6	0.5
973	Кишечник	1500	29	67	47.0
974	Кишкова непрохідність	1476	25	78	46.0
975	Кільця Кайзера — Флайшера	48	0	10	1.0
976	Кінезітерапія	656	10	42	20.0
977	Кір	4482	75	246	144.0
978	Кіркова речовина надниркової залози	63	0	7	2.0
979	Кіста	2050	30	100	67.0
980	Кіста зябрової дуги	30	0	4	1.0
981	Кісточка (анатомія)	248	3	14	7.0
982	Кітасато Сібасабуро	17	0	3	1.0
983	Кіфоз	544	7	28	16.5
984	Клавдій Гален	92	0	6	3.0
985	Клавуланова кислота	130	0	10	4.0
986	Кладрибін	9	0	2	0.0
987	Кларитроміцин	346	3	18	11.5
988	Класифікація кровотеч за Форестом	350	3	26	10.0
989	Кластер захворювання	8	0	2	0.0
990	Клемастин	53	0	6	1.5
991	Кленбутерол	155	1	15	4.0
992	Кліндаміцин	207	1	13	6.0
993	Клініка (медичний заклад)	154	0	10	4.5
994	Клінічна лікарня «Феофанія»	611	5	36	18.0
995	Клінічна настанова	40	0	5	1.0
996	Клінічний аналіз крові	2068	16	112	75.0
997	Клінічний аналіз сечі	1802	16	87	60.5
998	Кліщовий висипний тиф Північної Азії	46	0	4	2.0
999	Кліщовий енцефаліт	619	6	33	19.5
1000	Кліщовий пароксизмальний рикетсіоз	17	0	3	1.0
1001	Клоксацилін	26	0	3	1.0
1002	Кломіпрамін	33	0	5	1.0
1003	Клоназепам	128	0	8	3.5
1004	Клонорхоз	63	0	5	2.0
1005	Клонус	69	0	7	2.0
1006	Клотримазол	507	4	24	16.0
1007	Клофазимін	50	0	6	1.0
1008	Ключиця	395	4	24	13.0
1009	Клятва Гіппократа	1652	27	131	46.0
1010	Коагулограма	1424	17	73	50.5
1011	Коагулопатія	126	1	9	3.0
1012	Козько Володимир Миколайович	11	0	2	1.0
1013	Коксиби	66	0	8	2.0
1014	Колапс (медицина)	657	10	45	19.0
1015	Колінний суглоб	1110	25	50	35.0
1016	Колінчастий вузол	11	0	2	1.0
1017	Колістин	61	0	7	2.0
1018	Коліт	614	11	33	18.0
1019	Колоноскопія	1456	17	117	44.5
1020	Колорадська кліщова гарячка	27	0	3	1.0
1021	Колоректальний рак	1053	15	76	30.5
1022	Кома (медицина)	1437	27	74	45.0
1023	Комісаренко Ігор Васильович	31	0	6	1.0
1024	Конваллятоксин	2	0	2	0.0
1025	Конверсія (психологія)	27	0	3	1.0
1026	Контагіозність	148	1	12	4.5
1027	Контактний механізм передачі інфекції	86	0	7	2.0
1028	Контрактура Дюпюїтрена	294	1	25	9.0
1029	Конча-Заспа (санаторій)	102	0	8	3.0
1030	Кора головного мозку	425	6	24	13.5
1031	Корбініан Бродман	5	0	1	0.0
1032	Корглікон	194	0	12	6.0
1033	Коров'яча віспа	188	1	18	5.0
1034	Корона голівки члена	220	1	19	6.0
1035	Коронавірусна інфекція	77	0	6	3.0
1036	Коронарна недостатність	226	2	15	6.0
1037	Короста	4168	97	162	128.5
1038	Короткозорість	1730	25	91	55.5
1039	Кортизол	1588	30	67	48.5
1040	Кортизон	214	3	14	6.0
1041	Кортикальний гомункулус	86	0	10	2.0
1042	Корчак-Чепурківський Овксентій Васильович	36	0	5	1.0
1043	Косоокість	420	3	37	12.0
1044	Крайня капсула	1	0	1	0.0
1045	Крайня плоть	882	9	45	28.0
1046	Краніофарингіома	30	0	4	1.0
1047	Краснуха	1523	28	77	46.0
1048	Крелін Юлій Зусманович	9	0	4	0.0
1049	Крим-Конго геморагічна гарячка	48	0	13	1.0
1050	Криптококоз	98	1	9	3.0
1051	Криптоспоридіоз	42	0	5	1.0
1052	Крістоф Вільгельм Гуфелянд	6	0	1	0.0
1053	Кров'яний тиск	786	9	36	24.0
1054	Кронтовський Олексій Антонінович	1	0	1	0.0
1055	Кропив'янка (хвороба)	4411	95	169	136.5
1056	Круп	547	5	27	18.0
1057	Ксантелазма	134	1	14	3.0
1058	Ксантома	334	1	89	6.0
1059	Ксипамід	15	0	3	1.0
1060	Ку-гарячка	129	0	17	3.0
1061	Кульшовий суглоб	733	12	40	22.5
1062	Курортологія	38	0	11	1.0
1063	Куру (хвороба)	254	1	18	8.0
1064	Куряча сліпота (хвороба)	285	4	19	8.0
1065	Лабеталол	53	0	5	2.0
1066	Лагофтальм	77	0	6	2.0
1067	Лазарет	91	0	11	2.0
1068	Лакосамід	7	0	4	0.0
1069	Лакунарний інсульт	296	1	21	9.0
1070	Ламівудин	51	0	8	1.0
1071	Ламотригін	87	0	7	3.0
1072	Ланатозид C	11	0	3	0.0
1073	Лансопразол	60	0	6	2.0
1074	Ланцюг виживання	13	0	2	1.0
1075	Лапатиніб	28	0	7	1.0
1076	Лаппаконітину гідробромід	18	0	3	1.0
1077	Ларингіт	1720	33	78	53.5
1078	Ларингоспазм	245	2	15	8.0
1079	Латамоксеф	10	0	2	0.0
1080	Лацидипін	11	0	2	0.5
1081	Левамізол	242	2	30	6.5
1082	Леветирацетам	64	0	8	2.0
1083	Леводопа	210	1	17	6.0
1084	Леводопа/карбідопа	33	0	13	1.0
1085	Левомепромазин	28	0	11	1.5
1086	Леворин	45	0	5	1.0
1087	Левотироксин	193	1	13	6.0
1088	Левофлоксацин	351	3	22	11.0
1089	Левоцетиризин	319	5	18	9.5
1090	Легенева гіпертензія	541	4	30	18.0
1091	Легеневе серце	236	1	18	7.0
1092	Легіонельоз	292	2	15	9.5
1093	Лейкемічний провал	41	0	6	1.5
1094	Лейкоз	2519	50	123	79.0
1095	Лейкоцитарна формула	433	5	33	13.5
1096	Лейоміома	316	2	19	10.5
1097	Лейпрорелін	37	0	6	1.0
1098	Лейшманіози	176	0	11	5.0
1099	Лектини С-типу	12	0	5	0.0
1100	Ленограстим	3	0	1	0.0
1101	Лепрозорій	157	1	12	5.0
1102	Лептин	301	1	19	8.5
1103	Лептоспіроз	4488	40	827	94.0
1104	Лерканідипін	45	0	3	1.0
1105	Летаргічний енцефаліт	81	0	7	3.0
1106	Летрозол	102	0	10	2.5
1107	Лефлуномід	26	0	4	1.0
1108	Леш Федір Олександрович	9	0	3	0.0
1109	Лихоманка	22	0	4	0.0
1110	Лицева артерія	53	0	5	2.0
1111	Лицевий нерв	466	4	22	14.0
1112	Лікар	515	6	32	16.0
1113	Лікар-ендокринолог	2002	17	113	68.0
1114	Лікарня	415	7	24	13.0
1115	Лікарня відновного лікування Міністерства внутрішніх справ України	391	2	25	13.0
1116	Лікарська рослина	317	1	19	9.0
1117	Лікарський збірник	9	0	2	0.0
1118	Лікарські засоби	1326	16	129	32.5
1119	Ліктьовий суглоб	85	0	8	2.0
1120	Лімфангіт	102	1	9	3.0
1121	Лімфатичні філяріїдози	53	0	5	1.5
1122	Лімфогранулематоз	1133	19	58	36.5
1123	Лімфома	951	10	66	29.0
1124	Лімфома щитоподібної залози	25	0	4	1.0
1125	Лімфорея	39	0	5	1.0
1126	Лімфоцитарний хоріоменінгіт	14	0	3	1.0
1127	Лімфоцитоз	425	1	25	16.0
1128	Ліндеман Володимир Карлович	7	0	2	0.0
1129	Лінезолід	122	1	9	3.0
1130	Лінкозаміди	55	0	6	2.0
1131	Лінкоміцин	1015	20	48	30.5
1132	Лістеріоз	971	4	271	16.0
1133	Літотрипсія	311	2	23	8.0
1134	Лоаоз	38	0	5	1.0
1135	Лобова частка (мозок)	363	3	21	11.0
1136	Лобово-скронева деменція	29	0	4	1.0
1137	Ловастатин	30	0	4	1.0
1138	Ломефлоксацин	24	0	4	1.0
1139	Лопатка	160	0	12	5.0
1140	Лоперамід	320	4	20	9.0
1141	Лопінавір	3	0	1	0.0
1142	Лопінавір/Ритонавір	14	0	3	0.5
1143	Лоразепам	165	0	11	5.0
1144	Лорноксикам	110	0	10	3.0
1145	Луї Пастер	250	3	26	7.0
1146	Люмбальна пункція	623	8	30	19.5
1147	Лямбліоз	1053	11	56	32.0
1148	М'язова атрофія	476	5	25	15.0
1149	М'який шанкр	194	2	12	6.0
1150	Магнітно-резонансна томографія	1908	29	96	62.5
1151	Майкл Елліс ДеБейкі	27	0	3	1.0
1152	Макроглобулінемія Вальденстрема	87	0	7	3.0
1153	Макроліди	341	2	17	10.0
1154	Малеїн	1	0	1	0.0
1155	Малогомілкова кістка	32	0	7	1.0
1156	Малярія	1403	24	102	40.0
1157	Мапротилін	16	0	5	0.5
1158	Маравірок	3	0	1	0.0
1159	Маревний паразитоз	0	0	0	0.0
1160	Марі Буавен	4	0	2	0.0
1161	Марсельська гарячка	55	0	6	1.0
1162	Масаж	978	15	50	30.0
1163	Мастит	1253	21	66	35.0
1164	Мастоїдит	235	1	19	7.0
1165	Мастопатія	2012	24	97	66.0
1166	Меатотомія	27	0	3	1.0
1167	Мебеверин	116	0	14	3.0
1168	Мебендазол	142	0	11	3.5
1169	Мебікар	329	4	19	10.5
1170	Мегестрол	34	0	3	1.0
1171	Медазепам	29	0	4	1.0
1172	Медаль Менсона	0	0	0	0.0
1173	Медицина	971	13	51	29.0
1174	Медицина подорожей та хвороб мандрівників	32	0	4	1.0
1175	Медична акустика	175	0	16	5.0
1176	Медична діагностика	324	3	20	10.0
1177	Медичне сортування	1042	7	109	26.0
1178	Медичне страхування	227	1	18	6.0
1179	Медичний факультет Київського імператорського університету Святого Володимира	58	0	10	1.0
1180	Медроксипрогестерон	34	0	5	1.0
1181	Медулярний рак щитоподібної залози	224	3	12	6.0
1182	Мексилетин	18	0	5	1.0
1183	Меланома	1991	38	97	62.5
1184	Мелатонін	1635	38	80	49.5
1185	Меліоїдоз	100	1	9	3.0
1186	Мелперон	13	2	8	3.0
1187	Мелфалан	12	0	3	1.0
1188	Мельдоній	623	6	30	19.0
1189	Менінгеальний синдром	95	0	9	3.0
1190	Менінгеальні симптоми	291	2	16	9.5
1191	Менінгізм	54	0	5	2.0
1192	Менінгіт	2417	50	106	74.0
1193	Менінгокок	115	0	9	3.0
1194	Менінгококова інфекція	1565	12	302	26.5
1195	Меніск (анатомія)	1798	29	88	54.5
1196	Менопауза	1430	19	110	41.0
1197	Меркаптопурин	33	0	4	1.0
1198	Меропенем	66	0	5	2.0
1199	Месна	34	0	3	1.0
1200	Метаболізм лікарських засобів	113	0	12	3.0
1201	Метаквалон	315	3	24	10.0
1202	Метапневмовірусна інфекція	7	0	1	0.0
1203	Метастаз	783	11	38	24.5
1204	Метациклін	51	0	7	1.0
1205	Метилпреднізолон	217	2	16	6.0
1206	Метилфенідат	322	3	19	9.0
1207	Метицилін	45	0	4	1.0
1208	Метод Сельдінгера	218	1	18	6.0
1209	Метоклопрамід	341	3	19	10.5
1210	Метоксифлуран	20	0	3	1.0
1211	Метопролол	69	0	5	2.0
1212	Метотрексат	385	5	26	12.0
1213	Метформін	585	8	30	18.5
1214	Мефедрон	2974	61	132	93.0
1215	Мефлохін	11	0	2	0.0
1216	Механізм передачі інфекції	185	1	12	5.5
1217	Механотерапія	53	0	6	2.0
1218	Мечников Ілля Ілліч	653	10	29	20.5
1219	Мигдалики	910	11	44	27.5
1220	Миготіння передсердь	414	2	33	12.0
1221	Миготіння шлуночків	103	0	8	3.0
1222	Міансерин	61	0	5	2.0
1223	Мігрень	2245	48	101	67.5
1224	Мідазолам	98	0	12	2.5
1225	Мідекаміцин	20	0	4	0.0
1226	Мідріаз	331	4	21	9.5
1227	Мієліт	107	0	9	3.0
1228	Мієлодиспластичні синдроми	108	1	9	3.0
1229	Мієломна хвороба	860	10	45	29.5
1230	Міжнародна класифікація функціонування, обмеження життєдіяльності та здоров’я (МКФ)	105	0	7	3.0
1231	Міжнародне агентство з дослідження раку	22	0	5	1.0
1232	Міжнародне нормалізоване відношення	926	5	52	30.5
1233	Міжнародний класифікатор хвороб	1450	9	93	42.0
1234	Міжнародні медико-санітарні правила 2005 року	95	0	9	2.5
1235	Міжхребцева кила	3000	55	125	96.0
1236	Міжхребцевий диск	307	3	19	10.0
1237	Мікафунгін	15	0	3	1.0
1238	Міконазол	102	1	8	3.0
1239	Мікоплазмоз урогенітальний	470	5	30	14.0
1240	Мікофенолова кислота	24	0	3	1.0
1241	Мікроцефалія	309	3	22	8.5
1242	Мікседема	182	1	12	5.0
1243	Мілнаципран	17	0	2	1.0
1244	Мінералокортикоїди	51	0	6	1.5
1245	Міноксидил	882	12	87	25.0
1246	Мінх Григорій Миколайович	2	0	1	0.0
1247	Мінцер Озар Петрович	46	0	5	1.0
1248	Міозит	977	17	50	29.5
1249	Міома матки	2337	37	106	76.5
1250	Міопатія	423	5	22	13.5
1251	Міофасціальний больовий синдром	291	0	20	8.5
1252	Міртазапін	240	1	34	6.5
1253	Мітоксантрон	25	0	3	1.0
1254	Мітоміцин	8	0	2	0.0
1255	МКХ-10: Клас I. Деякі інфекційні та паразитарні хвороби (A)	560	0	31	21.0
1256	МКХ-10: Клас I. Деякі інфекційні та паразитарні хвороби (B)	666	3	38	21.5
1257	МКХ-10: Клас V. Розлади психіки та поведінки	2062	22	123	66.5
1258	МКХ-10: Клас VI. Хвороби нервової системи	2457	17	134	92.0
1259	МКХ-10: Клас VII. Хвороби ока та його придаткового апарату	1312	8	83	46.5
1260	МКХ-10: Клас VIII. Хвороби вуха та соскоподібного відростка	461	0	26	16.5
1261	МКХ-10: Клас XVI. Окремі стани, що виникають в перинатальному періоді	498	1	33	13.0
1262	МКХ-10: Клас XVII. Вроджені вади розвитку, деформації та хромосомні аномалії	1362	7	88	52.0
1263	Множинна ендокринна неоплазія	24	0	4	1.0
1264	Множинна ендокринна неоплазія тип 1	15	0	3	0.5
1265	Множинна ендокринна неоплазія тип 2А	9	0	2	0.0
1266	Множинна ендокринна неоплазія тип 2Б	9	0	1	0.5
1267	Мобільний армійський хірургічний шпиталь	6	0	1	0.0
1268	Моексиприл	3	0	1	0.0
1269	Мозкова речовина надниркової залози	45	0	8	1.0
1270	Мозковий кровообіг	483	5	29	14.5
1271	Мозолисте тіло	217	1	15	7.0
1272	Моксифлоксацин	109	0	12	3.0
1273	Монобактами	32	0	3	1.0
1274	Монойодтирозин	1	0	1	0.0
1275	Моноклональні антитіла	131	1	8	4.0
1276	Монтелукаст	362	1	19	12.0
1277	Морацизин	10	0	3	0.0
1278	Морська хвороба	307	2	18	10.0
1279	Мосаприд	19	0	3	1.0
1280	Мочутковський Йосип Йосипович	7	0	2	0.0
1281	Моямоя	84	0	7	2.0
1282	Муковісцидоз	2068	43	107	63.5
1283	Мупіроцин	77	0	7	2.0
1284	Мутизм	154	1	13	5.0
1285	Набряк	476	6	35	14.0
1286	Набряк Квінке	2694	46	148	83.5
1287	Набряк легень	822	13	38	24.0
1288	Набуметон	46	0	5	1.0
1289	Набутий імунітет	74	0	11	2.0
1290	Надгортанник	398	1	31	10.0
1291	Надіфлоксацин	3	0	2	0.0
1292	Надлопаткова артерія	13	0	4	0.0
1293	Надлопаткова вена	1	0	1	0.0
1294	Надниркова залоза	843	11	46	25.5
1295	Надолол	10	0	2	0.0
1296	Надп'яткова кістка	94	0	8	2.0
1297	Надп'ятково-гомілковий суглоб	59	3	13	10.0
1298	Надропарин	24	0	3	1.0
1299	Налбуфін	489	7	36	14.5
1300	Налідиксова кислота	17	0	2	1.0
1301	Налорфін	13	0	2	1.0
1302	Напроксен	297	3	20	8.5
1303	Наталізумаб	17	0	4	0.0
1304	Натаміцин	92	1	11	3.0
1305	Натан Едвін Брілл	2	0	1	0.0
1306	Натрію пікосульфат	41	0	12	1.0
1307	Натуральна віспа	1726	27	238	47.5
1308	Науково-практичний центр профілактичної та клінічної медицини Державного управління справами	142	1	12	4.0
1309	Нафтифін	58	0	6	2.0
1310	Національна асоціація екстрених медичних техніків	61	0	8	2.0
1311	Національний військово-медичний клінічний центр «Головний військовий клінічний госпіталь»	940	8	50	30.5
1312	Національний інститут раку (Україна)	298	2	27	8.5
1313	Національний музей медицини України	92	0	7	3.0
1314	Національний реєстр екстрених медичних техніків (США)	8	0	1	1.0
1315	Небіволол	160	1	11	6.0
1316	Невірапін	9	0	2	0.0
1317	Неврит	739	15	36	23.0
1318	Неврома	21	0	4	1.0
1319	Негоджкінська лімфома	782	5	46	24.0
1320	Негоспітальна пневмонія	231	1	18	7.0
1321	Нежить	824	13	41	25.0
1322	Нейробластома	188	0	27	4.5
1323	Нейродерміт	903	14	62	26.5
1324	Нейроендокринна пухлина	101	0	8	2.0
1325	Нейроінфекції	563	5	40	18.0
1326	Нейропатія	724	12	41	22.0
1327	Нейрофіброматоз	266	3	22	7.0
1328	Нейрофіброматоз І типу	161	0	12	4.0
1329	Нейрофіброматоз II типу	39	0	6	1.0
1330	Некробацильоз	17	0	2	1.0
1331	Некроз	865	12	38	28.0
1332	Некротичний фасциїт	0	0	0	0.0
1333	Нелфінавір	3	0	2	0.0
1334	Немоноксацин	3	0	1	0.0
1335	Ненуклеозидні інгібітори зворотньої транскриптази	4	0	1	0.0
1336	Неоміцин	158	0	14	4.0
1337	Непарна щитоподібна артерія	12	0	4	0.5
1338	Нервова анорексія	581	7	29	17.5
1339	Нервова система	1225	23	66	37.5
1340	Нервовий вузол	88	0	7	2.5
1341	Нереверсивна маска	41	0	4	1.0
1342	Неспецифічний виразковий коліт	976	15	52	29.5
1343	Несправжній суглоб	41	0	6	1.0
1344	Нетилміцин	11	0	3	0.0
1345	Нефопам	17	0	3	0.0
1346	Нефротичний синдром	169	1	11	5.5
1347	Нецукровий діабет	341	3	20	10.0
1348	Нещадименко Марко Петрович	7	0	2	0.0
1349	Нижня щитоподібна артерія	15	0	3	1.0
1350	Нижня щитоподібна вена	3	0	1	0.0
1351	Низько-диференційований рак щитоподібної залози	45	0	5	1.0
1352	Нізатидин	10	0	2	1.0
1353	Нікардипін	6	0	1	0.0
1354	Ніклас Сальгрен	1	0	1	0.0
1355	Нікольський Петро Васильович	6	0	2	0.0
1356	Нікорандил	23	0	3	1.0
1357	Ніктурія	104	0	14	2.5
1358	Нілотиніб	12	0	2	1.0
1359	Нільс Алвалл	3	0	2	0.0
1360	Німесулід	474	8	25	14.5
1361	Німодипін	24	0	4	0.0
1362	Німоразол	5	0	2	0.0
1363	Німотузумаб	4	0	1	0.0
1364	Ністагм	550	8	38	16.5
1365	Нітразепам	33	0	5	1.0
1366	Нітрендипін	13	0	4	0.0
1367	Нітроксолін	493	8	25	14.5
1368	Нітрофурани	172	2	11	5.0
1369	Нітрофурантоїн	164	0	21	4.0
1370	Ніфедипін	197	1	12	6.0
1371	Ніфурател	58	0	5	2.0
1372	Ніфуроксазид	712	10	38	23.5
1373	Нобелівська премія з фізіології або медицини	134	0	14	4.0
1374	Новоутворення ендокринних залоз	58	0	5	2.0
1375	Нога людини	732	11	39	20.5
1376	Ножиці атравматичні	13	0	4	0.0
1377	Нозологія	223	1	18	7.0
1378	Нокардіоз	28	0	5	1.0
1379	Нома	81	0	5	3.0
1380	Норовірусна інфекція	0	0	0	0.0
1381	Норфлоксацин	196	2	14	6.0
1382	Носова канюля	32	0	3	1.0
1383	Носова кровотеча	338	5	19	10.0
1384	Нудота	344	4	20	10.0
1385	Нуклеозидні інгібітори зворотньої транскриптази	18	0	4	1.0
1386	Нюховий горбок	12	0	3	0.5
1387	О'ньйонг'ньйонг	4	0	1	0.0
1388	Обідкова частка	18	0	3	1.0
1389	Обінутузумаб	8	0	5	0.0
1390	Обличчя великої панди (ознака)	3	0	2	0.0
1391	Образцов Василь Парменович	36	0	5	1.0
1392	Обрамлене застереження	13	0	2	1.0
1393	Огорожа (анатомія)	15	0	4	0.5
1394	Одеська обласна клінічна лікарня	45	0	4	1.0
1395	Ожиріння в Україні	28	0	4	1.0
1396	Окоруховий нерв	118	0	15	3.0
1397	Оксаліплатин	76	0	7	2.5
1398	Оксацилін	54	0	5	2.0
1399	Оксибутинін	49	0	6	2.0
1400	Оксиками	32	0	4	1.0
1401	Оксикодон	358	3	25	10.0
1402	Оксиконазол	12	0	2	1.0
1403	Окситоцин	1279	29	55	39.5
1404	Окскарбазепін	20	0	4	1.0
1405	Окспренолол	0	0	0	0.0
1406	Олеандоміцин	32	0	4	1.0
1407	Олігурія	169	0	11	5.0
1408	Олмесартан	42	0	6	1.0
1409	Олопатадин	58	0	9	2.0
1410	Омалізумаб	23	0	4	1.0
1411	Омепразол	412	6	23	13.0
1412	Омнопон	81	0	7	3.0
1413	Омоконазол	8	0	1	0.5
1414	Онейроїд	34	0	3	1.0
1415	Оніхофагія	37	0	3	1.0
1416	Онкологія	466	7	27	13.5
1417	Онкоцит	11	0	1	1.0
1418	Онхоцеркоз	67	0	6	2.0
1419	Операція Крайля	84	0	9	2.0
1420	Оперізуючий герпес	6007	93	671	170.5
1421	Опікова хвороба	63	0	9	1.5
1422	Опіковий шок	75	0	5	2.0
1423	Опісторхоз	540	6	29	17.5
1424	Опортуністична інфекція	122	0	8	4.0
1425	Орієнтовний перелік основних лікарських засобів, розроблений ВООЗ	105	0	9	3.0
1426	Орнідазол	330	1	19	10.0
1427	Орнітоз	266	2	16	8.0
1428	Орхіт	288	4	19	9.0
1429	Орципреналін	9	0	3	0.0
1430	Остеопороз	1550	20	71	48.5
1431	Остеосинтез	112	0	19	3.0
1432	Острівцева кора	55	0	5	1.5
1433	Осьовий хребець	89	0	7	2.0
1434	Отопластика	118	0	10	3.0
1435	Отруєння	527	5	36	15.5
1436	Отруєння грибами	134	0	11	4.0
1437	Отруєння етиловим спиртом	119	0	11	3.5
1438	Отто Обермаєр	5	0	4	0.0
1439	Офатумумаб	1	0	1	0.0
1440	Офлоксацин	200	1	12	6.0
1441	Офтальмологія	964	6	71	31.0
1442	Офтальмоплегія	72	0	8	2.0
1443	Очеревина	211	1	14	6.0
1444	Очерки гнойной хирургии	20	0	4	1.0
1445	Очна артерія	30	0	4	1.0
1446	Очна ямка	88	0	12	2.0
1447	П'єр Фідель Бретонно	14	0	3	0.0
1448	П'єр-Шарль Александр Луї	3	0	1	0.0
1449	П'ята холерна пандемія	6	0	1	0.0
1450	П'яткова кістка	64	0	5	2.0
1451	Падалка Борис Якович	7	0	2	0.0
1452	Паклітаксел	133	0	10	4.0
1453	Панарицій	590	9	27	19.0
1454	Пандемія	352	3	19	10.0
1455	Пандемія грипу H1N1 (2009)	42	0	6	1.0
1456	Пандемія хвороби, яку спричинює вірус Зіка	25	0	3	1.0
1457	Панкреатична нейроендокринна пухлина	28	0	5	1.0
1458	Пантопразол	251	3	20	7.0
1459	Панцитопенія	121	1	9	3.0
1460	Папілома	1355	20	60	42.0
1461	Папілярний рак щитоподібної залози	358	2	20	11.0
1462	Парааміносаліцилова кислота	11	0	2	0.0
1463	Парагангліома	29	0	3	1.0
1464	Парагонімоз	81	0	10	2.0
1465	Парагрип	135	0	14	3.5
1466	Паразитарна інвазія	234	1	12	7.0
1467	Параліч	367	4	27	11.0
1468	Парамедик	672	3	73	17.0
1469	Паранеопластичний синдром	92	0	8	3.0
1470	Парапроктит	1415	19	71	44.0
1471	Паратгормон	862	11	42	27.0
1472	Паратиреоїдектомія	20	0	3	1.0
1473	Паратифи	88	0	6	3.0
1474	Паратонзилярний абсцес	1168	23	54	34.5
1475	Паращитоподібна залоза	286	1	17	8.0
1476	Парвовірус В19	231	1	16	7.0
1477	Парекоксиб	16	0	3	0.0
1478	Парентеральне введення	762	9	72	23.0
1479	Пароксетин	238	3	20	7.0
1480	Пароксизм	237	1	13	7.5
1481	Пароксизмальна тахікардія	718	13	33	23.0
1482	Паромоміцин	15	0	2	0.0
1483	Паротит	264	3	18	7.5
1484	Парфанович Софія	19	0	2	1.0
1485	Патісіран	16	0	7	0.0
1486	Патогенез	215	0	15	7.0
1487	Патогенез бічного аміотрофічного склерозу	8	0	2	1.0
1488	Патогномонічний симптом	93	0	8	3.0
1489	Патологічна анатомія	398	2	60	9.5
1490	Патрік Менсон (паразитолог)	5	0	1	0.0
1491	Пауль Лангерганс	6	0	2	0.0
1492	Пахвинна зв'язка	92	0	7	2.0
1493	Пахвинний канал	342	2	22	11.0
1494	Пахвова артерія	46	0	6	1.0
1495	Пахвова вена	7	0	1	0.0
1496	Пахова гранульома	152	2	11	4.0
1497	Пегільований інтерферон альфа-2а	49	0	7	1.0
1498	Пегільований інтерферон альфа-2b	33	0	3	1.0
1499	Пегфілграстим	23	0	3	1.0
1500	Педикульоз	1593	33	69	50.5
1501	Пелещук Анатолій Петрович	10	0	4	0.0
1502	Пембролізумаб	153	1	12	5.0
1503	Пеметрексед	64	0	11	2.0
1504	Пенетрація (медицина)	110	1	10	3.0
1505	Пеніцилін	1185	17	50	36.5
1506	Пентазоцин	11	0	2	0.0
1507	Пентамідин	20	0	4	0.0
1508	Пентобарбітал	165	0	11	5.0
1509	Пентоксифілін	212	2	15	6.0
1510	Пенцикловір	22	0	2	1.0
1511	Пептична виразка	904	13	50	27.5
1512	Первинний амебний менінгоенцефаліт	42	0	7	1.0
1513	Передменструальний синдром	2420	60	97	76.0
1514	Передня мозкова артерія	47	0	6	1.0
1515	Передня яремна вена	26	0	4	1.0
1516	Передсердний натрійуретичний фактор	65	0	6	2.0
1517	Передчасна еякуляція	1003	14	45	32.0
1518	Переливання крові	1225	15	62	37.5
1519	Перелік інфекційних хвороб людини	824	11	65	23.0
1520	Перелік курсів екстреної медичної допомоги	30	0	6	1.0
1521	Перелік паразитарних хвороб людини	63	0	7	2.0
1522	Переломи кісток	1023	11	73	30.0
1523	Перикардит	333	0	24	9.5
1524	Перитоніт	1649	28	78	50.5
1525	Періодонтоз	458	5	29	13.5
1526	Перкусія	164	0	14	5.0
1527	Пероральний прийом лікарських засобів	1412	29	71	43.5
1528	Перстнещитоподібна артерія	1	0	1	0.0
1529	Пертузумаб	19	0	4	0.0
1530	Перша холерна пандемія	10	0	2	0.0
1531	Петер Крауснекер	3	0	2	0.0
1532	Петехія	267	2	15	9.0
1533	Пефлоксацин	30	0	5	1.0
1534	Печериста пазуха	58	0	5	2.0
1535	Печінка	1763	37	88	53.5
1536	Печінкова недостатність	379	6	27	10.0
1537	Печія	890	13	114	25.5
1538	Пирогов Микола Іванович	1067	18	81	30.5
1539	Півкулі головного мозку	381	5	23	12.0
1540	Під'язикова артерія	4	0	2	0.0
1541	Підвисоцький Володимир Валеріанович	43	0	6	1.0
1542	Підвішуюча зв'язка щитоподібної залози	1	0	1	0.0
1543	Підключична артерія	152	0	15	4.5
1544	Підключична вена	70	0	7	2.0
1545	Підотимод	9	0	3	0.0
1546	Підпід'язикова артерія	0	0	0	0.0
1547	Підшкірна ін'єкція	874	10	98	24.5
1548	Підшкірний мансонельоз	43	0	4	1.0
1549	Підшкірні філяріїдози	34	0	4	1.0
1550	Пієлонефрит	2179	42	100	67.0
1551	Пімозид	15	0	3	0.0
1552	Піндолол	20	0	6	1.0
1553	Пінеалобластома	1	0	1	0.0
1554	Пінеалома	10	0	2	0.0
1555	Пінта (хвороба)	67	0	9	2.0
1556	Піодермія	1128	16	114	30.5
1557	Піпемідова кислота	18	0	3	1.0
1558	Піперазин	130	1	9	4.0
1559	Піперацилін	31	0	2	1.0
1560	Піразинамід	36	0	5	2.0
1561	Пірамідна система	177	1	14	4.5
1562	Пірантел	173	1	13	5.0
1563	Пірибедил	35	0	5	1.0
1564	Піріметамін	19	0	4	1.0
1565	Піріметамін/сульфадоксин	5	0	1	0.0
1566	Пірліндол	7	0	2	0.0
1567	Піроксикам	59	0	7	2.0
1568	Пітавастатин	7	0	1	0.0
1569	Пітуіцитома	8	0	2	0.0
1570	Плазмодій	124	0	9	4.0
1571	Платифілін	323	2	25	10.5
1572	Плеврит	1044	13	49	32.5
1573	Плевромутилін	4	0	2	0.0
1574	Плечеголовна вена	32	0	3	1.0
1575	Плечоголовний стовбур	27	0	5	1.0
1576	Пліометрика	66	0	6	2.0
1577	Плоска бородавка	174	2	12	5.5
1578	Плоскоклітинна карцинома щитоподібної залози	32	0	3	1.0
1579	Пляма (висип)	163	2	12	5.0
1580	Плямиста гарячка Скелястих Гір	44	0	6	1.0
1581	Пневмоконіоз	112	1	9	3.0
1582	Пневмоторакс	933	8	88	26.5
1583	Пневмоцистна пневмонія	133	0	14	4.0
1584	Побічна дія (медицина)	3018	68	118	91.5
1585	Поверхнева скронева артерія	24	0	3	1.0
1586	Повільні інфекції	23	0	3	1.0
1587	Повітряно-крапельний механізм передачі інфекції	144	0	9	4.0
1588	Поворотний тиф	63	0	6	2.0
1589	Подагра	4694	81	520	134.5
1590	Позаконазол	13	0	2	0.0
1591	ПоКіФоРо ІнРиКоЗ	20	0	5	1.0
1592	Поле Бродмана 4	8	0	2	0.0
1593	Поле Бродмана 5	5	0	3	0.0
1594	Поле Бродмана 6	4	0	2	0.0
1595	Поле Бродмана 7	5	0	2	0.0
1596	Поле Бродмана 8	3	0	1	0.0
1597	Поле Бродмана 9	8	0	4	0.0
1598	Поле Бродмана 10	12	0	3	0.0
1599	Поле Бродмана 11	1	0	1	0.0
1600	Поле Бродмана 12	3	0	2	0.0
1601	Поле Бродмана 13	1	0	1	0.0
1602	Поле Бродмана 14	1	0	1	0.0
1603	Поле Бродмана 15	1	0	1	0.0
1604	Поле Бродмана 16	1	0	1	0.0
1605	Поле Бродмана 20	5	0	2	0.0
1606	Поле Бродмана 21	4	0	1	0.0
1607	Поле Бродмана 22	7	0	2	0.0
1608	Поле Бродмана 23	12	0	6	0.0
1609	Поле Бродмана 24	4	0	2	0.0
1610	Поле Бродмана 25	18	0	4	0.5
1611	Поле Бродмана 26	6	0	2	0.0
1612	Поле Бродмана 27	4	0	1	0.0
1613	Поле Бродмана 28	4	0	1	0.0
1614	Поле Бродмана 29	8	0	3	0.0
1615	Поле Бродмана 30	9	0	2	1.0
1616	Поле Бродмана 31	9	0	2	0.0
1617	Поле Бродмана 32	5	0	2	0.0
1618	Поле Бродмана 33	6	0	3	0.0
1619	Поле Бродмана 34	6	0	2	0.0
1620	Поле Бродмана 35	6	0	4	0.0
1621	Поле Бродмана 36	7	0	2	0.0
1622	Поле Бродмана 37	11	0	4	0.0
1623	Поле Бродмана 38	17	0	3	1.0
1624	Поле Бродмана 39	3	0	1	0.0
1625	Поле Бродмана 40	8	0	2	0.5
1626	Поле Бродмана 43	5	0	2	0.0
1627	Поле Бродмана 44	5	0	3	0.0
1628	Поле Бродмана 45	11	0	5	0.0
1629	Поле Бродмана 46	2	0	1	0.0
1630	Поле Бродмана 47	5	0	1	0.0
1631	Поле Бродмана 48	0	0	0	0.0
1632	Поле Бродмана 49	1	0	1	0.0
1633	Поле Бродмана 52	2	0	1	0.0
1634	Поліартрит	652	11	28	20.5
1635	Полідипсія	62	0	5	2.0
1636	Полієнові антибіотики	61	0	7	2.0
1637	Полікістоз нирок	447	7	28	14.0
1638	Поліклініка № 1 Державного управління справами	143	0	10	4.0
1639	Поліневрит	263	2	27	7.0
1640	Поліноз	578	5	34	18.0
1641	Поліомієліт	2833	48	140	86.0
1642	Політравма	456	2	27	15.0
1643	Поліфагія (симптом)	55	0	5	2.0
1644	Поля Бродмана	73	0	7	2.0
1645	Поля Бродмана 17, 18, 19. Зорова кора.	25	0	4	1.0
1646	Поля Бродмана 41 і 42	7	0	2	0.0
1647	Поперечна артерія шиї	19	0	6	1.0
1648	Постцентральна звивина	17	0	2	1.0
1649	Потилична артерія	13	0	5	0.0
1650	Потилична частка	141	0	11	4.0
1651	Потрійний-А синдром	26	0	3	1.0
1652	Поясна кора	19	0	3	1.0
1653	Правастатин	7	0	3	0.0
1654	Правець	5865	104	627	155.5
1655	Правило Лібермейстера	11	0	2	1.0
1656	Правцева діагностична тріада	40	0	9	1.0
1657	Празиквантел	93	0	7	3.0
1658	Празозин	42	0	4	1.0
1659	Праміпексол	37	0	6	1.0
1660	Прамірацетам	61	0	16	2.0
1661	Прасугрель	29	0	4	1.0
1662	Прегабалін	651	10	38	20.0
1663	Преднізолон	823	11	48	25.5
1664	Примак Федір Якович	6	0	1	0.0
1665	Пріонові хвороби	264	1	25	6.5
1666	Проба Шелестюка	80	0	7	2.0
1667	Прогестерон	1919	31	79	62.0
1668	Прогормон	8	0	1	0.0
1669	Прогресивний параліч	39	0	7	1.0
1670	Продромальний період	94	0	10	3.0
1671	Прозектор	34	0	4	1.0
1672	Проказа	1735	28	76	54.5
1673	Прокаїн	219	2	14	6.5
1674	Прокаїнамід	22	0	4	1.0
1675	Проктит	453	7	26	13.0
1676	Пролактин	1566	19	70	52.0
1677	Пролактинома	206	0	15	6.0
1678	Променева терапія	541	5	32	16.0
1679	Променева хвороба	750	11	39	23.0
1680	Променево-зап'ястковий суглоб	164	0	16	4.0
1681	Прометазин	75	0	6	3.0
1682	Пропафенон	40	0	3	1.0
1683	Пропілтіоурацил	7	0	2	0.0
1684	Пропранолол	196	0	11	6.5
1685	Пророксан	16	0	3	0.0
1686	Простагландини	383	2	20	12.0
1687	Простатит	3382	86	141	104.0
1688	Протиглисні засоби	66	0	6	2.0
1689	Протипаркінсонічні препарати	52	0	18	1.0
1690	Протіонамід	3	0	1	0.0
1691	Протрузія міжхребцевого диска	841	11	44	26.5
1692	Професійні хвороби	78	0	8	2.0
1693	Прохлорперазин	31	0	12	6.0
1694	Процедура Бенталла	36	0	5	1.0
1695	Псевдобульбарний синдром	253	1	20	8.0
1696	Псевдоефедрин	200	1	13	6.0
1697	Псевдотуберкульоз	198	1	23	5.0
1698	Психіатр	216	1	13	7.0
1699	Псоріаз	4158	91	185	132.0
1700	Пташиний грип	120	0	8	3.5
1701	Пульпіт	592	6	41	18.0
1702	Пульпозне ядро	17	0	2	1.0
1703	Пульс	1804	42	91	55.0
1704	Пульсометрія	25	0	3	1.0
1705	Пухир	214	1	14	6.5
1706	Пухлина головного мозку	1705	34	80	53.5
1707	Пухлинний маркер	299	2	18	9.0
1708	Рабдоміоліз	467	2	113	7.0
1709	Рабепразол	38	0	3	1.0
1710	Разагілін	11	0	3	0.0
1711	Рак легені	2472	46	106	77.5
1712	Рак молочної залози	1592	24	76	51.0
1713	Рак паращитоподібної залози	39	0	5	1.0
1714	Рак підшлункової залози	652	9	34	21.0
1715	Рак стравоходу	257	3	19	8.0
1716	Рак шийки матки	862	14	72	25.5
1717	Рак шкіри	1414	24	63	45.0
1718	Рак щитоподібної залози	515	6	26	16.5
1719	Раково-ембріональний антиген	201	1	13	6.0
1720	Ралтегравір	9	0	2	0.0
1721	Рана	302	3	20	9.0
1722	Рандомізоване контрольоване дослідження	71	0	8	1.5
1723	Ранолазин	54	0	7	2.0
1724	Рауль Бенсауд	1	0	1	0.0
1725	Рафаель Бланшар	20	2	12	3.0
1726	Рахіт	1153	19	52	37.0
1727	Реактивний артрит	900	10	48	28.0
1728	Реакція Асколі	13	0	2	0.0
1729	Реакція пасивної гемаглютинації	54	0	6	1.5
1730	Реанімація (медицина)	825	8	41	25.0
1731	Ребаміпід	52	0	8	1.0
1732	Реберношийний стовбур	6	0	1	0.0
1733	Ревматизм	2864	54	121	88.0
1734	Ревматологія	533	5	31	16.0
1735	Рейкі	280	2	15	9.0
1736	Рене Лаенек	17	0	3	1.0
1737	Ренін	157	1	10	4.5
1738	Реноваскулярна гіпертензія	103	1	7	3.0
1739	Реовіруси	28	0	5	1.0
1740	Реовірусна інфекція	79	2	9	4.0
1741	Респіраторно-синцитіальна інфекція	59	0	8	2.0
1742	Рестриктивна кардіоміопатія	17	0	2	0.0
1743	Ретапамулін	2	0	1	0.0
1744	Реформа швидкої (екстреної) медичної допомоги в Україні з 2016 року	149	1	12	5.0
1745	Рецидив (медицина)	403	6	23	12.0
1746	Рибавірин	56	0	6	1.5
1747	Ривароксабан	209	0	15	5.5
1748	Ригідність потиличних м'язів	218	0	14	6.0
1749	Рикетсіози	62	0	10	2.0
1750	Римантадин	158	1	11	5.0
1751	Риновірусна інфекція	83	0	9	2.0
1752	Ритонавір	21	0	3	0.0
1753	Ритуксимаб	95	0	6	3.0
1754	Рифабутин	20	0	5	1.0
1755	Рифаксимін	75	1	5	2.0
1756	Рифаміцин	15	0	2	1.0
1757	Рифапентин	2	0	1	0.0
1758	Рідкісна хвороба	186	1	14	5.5
1759	Рілпівірин	3	0	1	0.0
1760	Роберт Кох	122	0	10	4.0
1761	Роботизована хірургія	30	0	5	1.0
1762	Рогівка	312	3	27	9.0
1763	Родимка	709	10	39	21.0
1764	Розлад особистості	312	4	15	10.0
1765	Розширена підтримка життя	36	0	5	1.0
1766	Роксатидин	6	0	3	0.0
1767	Рокситроміцин	24	0	3	1.0
1768	Рольфінг	16	0	2	1.0
1769	Романовський Дмитро Леонідович	69	0	13	3.0
1770	Ропінірол	33	0	8	1.0
1771	Ротавірусна інфекція	2628	47	128	80.0
1772	Ротиготин	30	0	8	1.0
1773	Рофекоксиб	41	0	8	1.0
1774	Рубець (медицина)	453	4	29	13.5
1775	Ручківський Сергій Никифорович	2	0	1	0.0
1776	С-клітина	13	0	3	0.0
1777	Савченко Іван Григорович	7	0	1	0.0
1778	Саквінавір	4	0	3	0.0
1779	Сальбутамол	293	3	15	9.0
1780	Сальгренська Університетська Лікарня	2	0	1	0.0
1781	Сальметерол	41	0	6	1.0
1782	Сальмонельоз	3775	66	177	116.0
1783	Санація (медицина)	445	3	30	13.0
1784	Сап	129	0	10	3.5
1785	Сапроноз	79	0	7	2.0
1786	Саркоїдоз	835	11	47	25.0
1787	Саркома	1608	18	76	49.0
1788	Саркома Капоші	358	3	21	11.0
1789	Саркома Юїнга	199	6	25	15.0
1790	Саркоцистоз	49	0	7	2.0
1791	Свен Івар Сельдінгер	5	0	2	0.0
1792	Світлобоязнь	73	0	7	2.0
1793	Себастьяно Рівольта	0	0	0	0.0
1794	Севофлуран	118	0	10	4.0
1795	Сезонний афективний розлад	77	0	8	2.0
1796	Секнідазол	142	1	9	4.0
1797	Секретин	48	0	6	1.0
1798	Селегілін	32	0	9	1.0
1799	Сепсис	2991	54	171	87.5
1800	Септичний шок	285	1	18	9.0
1801	Середньомозкове ядро трійчастого нерва	3	0	2	0.0
1802	Середня мозкова артерія	81	0	7	2.0
1803	Середня щитоподібна вена	4	0	3	0.0
1804	Серозні мансонельози	11	0	4	0.0
1805	Серозні філяріїдози	8	0	3	0.0
1806	Серотонін	1986	41	88	62.5
1807	Сертаконазол	32	0	4	1.0
1808	Сертиндол	0	0	0	0.0
1809	Сертралін	238	0	18	8.0
1810	Серце людини	1696	34	80	50.5
1811	Серцева недостатність	2170	37	109	71.5
1812	Серцево-судинні захворювання	626	9	43	18.5
1813	Сехіфенадин	20	0	4	1.0
1814	Сечокам'яна хвороба	945	12	52	28.5
1815	Сибірка	685	8	34	22.0
1816	Силікоз	248	4	16	7.0
1817	Силодозин	39	0	6	1.0
1818	Симпатикотонія	29	0	10	1.0
1819	Симптом	458	7	25	13.0
1820	Симптом Аарона	17	0	2	1.0
1821	Симптом Абаді	10	0	6	0.0
1822	Симптом Бабінскі	0	0	0	0.0
1823	Симптом блідого носогубного трикутника	69	0	7	2.0
1824	Симптом випорожнень по типу «рисового відвару»	12	0	1	1.0
1825	Симптом Вінтерботтома	8	0	3	0.0
1826	Симптом Гієна	14	0	3	0.5
1827	Симптом Годельє	24	0	6	1.0
1828	Симптом двобічного збільшення потиличних лімфатичних вузлів	70	0	7	2.0
1829	Симптом Добровольської-Ніколадоні	4	0	1	0.0
1830	Симптом каптура	8	0	2	0.5
1831	Симптом каптура (психіатрія)	32	0	4	1.0
1832	Симптом Керніга	123	0	10	3.0
1833	Симптом Кіарі	8	0	1	0.0
1834	Симптом Копліка	409	4	31	12.0
1835	Симптом Курвуазьє	85	0	8	2.0
1836	Симптом Левіна	5	0	1	0.0
1837	Симптом Лессажа	11	0	2	1.0
1838	Симптом малинового желе	51	0	6	2.0
1839	Симптом малинового язика	131	0	11	4.0
1840	Симптом Мюссе	28	0	4	1.0
1841	Симптом Нікольського	0	0	0	0.0
1842	Симптом Падалки	35	0	9	0.5
1843	Симптом Пастіа	24	0	4	1.0
1844	Симптом Піка	4	0	1	0.0
1845	Симптом Романьї	5	0	1	0.0
1846	Симптом рукавичок і шкарпеток	38	0	4	1.0
1847	Симптом Стімсона	13	0	2	0.0
1848	Симптом Стокса	13	0	3	1.0
1849	Симптом триніжка	21	0	2	1.0
1850	Симптом Фаже	5	0	2	0.0
1851	Симптом Феррарі	5	0	2	0.0
1852	Симптом Флатау	19	0	4	1.0
1853	Симптом Форчгеймера	20	0	4	1.0
1854	Симптом Щоткіна-Блюмберга	158	1	12	4.0
1855	Симптоми Брудзинського	89	1	8	2.0
1856	Симптоми Тауссіга	1	0	1	0.0
1857	Синдактилія	151	1	10	4.0
1858	Синдром	424	6	26	13.0
1859	Синдром Аазе — Сміта	27	0	4	1.0
1860	Синдром Аарскога	37	0	4	1.0
1861	Синдром Абдалла — Девіса — Фарража	16	0	3	1.0
1862	Синдром Авелліса	13	0	3	0.0
1863	Синдром Адамса—Олівера	34	0	5	1.0
1864	Синдром Аді	81	0	9	2.0
1865	Синдром Аді—Крітчлі	6	0	2	0.0
1866	Синдром Аєрзи	22	0	5	0.5
1867	Синдром Акерманів	5	0	2	0.0
1868	Синдром Алажілля	23	0	3	1.0
1869	Синдром Аллана—Герндона—Дадлі	9	0	2	0.5
1870	Синдром Аллена—Гайнса	8	0	2	0.0
1871	Синдром Аллена—Мастерса	73	0	9	2.0
1872	Синдром Алстрема	22	0	5	1.0
1873	Синдром Альвареса	25	0	3	1.0
1874	Синдром Альпорта	80	0	6	3.0
1875	Синдром Андерманна	28	0	4	1.0
1876	Синдром Андерсен	35	0	4	1.0
1877	Синдром Антлі—Бікслера	12	0	2	0.5
1878	Синдром Аперта	44	0	12	1.0
1879	Синдром Аракава I	2	0	1	0.0
1880	Синдром Аракава II	1	0	1	0.0
1881	Синдром Аспергера	2959	49	196	78.0
1882	Синдром Ачора—Сміта	5	0	3	0.0
1883	Синдром Ашара	13	0	2	1.0
1884	Синдром Ашара — Тьєра	21	0	3	1.0
1885	Синдром Ашера	50	0	5	2.0
1886	Синдром Ашермана	146	0	12	4.0
1887	Синдром Бадда — Кіарі	155	0	9	5.0
1888	Синдром Бехчета	128	0	11	3.0
1889	Синдром Бруннера	38	0	8	1.0
1890	Синдром Вегенера	182	1	12	5.0
1891	Синдром відміни	782	12	39	23.5
1892	Синдром Вільямса	208	2	17	5.0
1893	Синдром Вольфа-Паркінсона-Вайта	657	6	33	20.0
1894	Синдром Герстмана — Штройслера — Шейнкера	28	0	4	1.0
1895	Синдром Гієна — Барре	596	4	42	17.5
1896	Синдром гіпоплазії лівих відділів серця	92	0	8	2.0
1897	Синдром Горнера	319	2	22	10.5
1898	Синдром Гудпасчера	70	0	9	2.0
1899	Синдром Дабіна — Джонсона	43	0	5	1.0
1900	Синдром де Тоні — Дебре — Фанконі	46	0	5	1.0
1901	Синдром Денді—Волкера	219	1	29	6.0
1902	Синдром Доріана Грея	56	0	6	2.0
1903	Синдром Дресслера	111	1	10	3.0
1904	Синдром Едвардса	580	5	33	18.0
1905	Синдром Ейкарді	26	0	4	1.0
1906	Синдром Елліса — ван Кревельда	35	0	4	1.0
1907	Синдром Жильбера	1219	11	60	40.0
1908	Синдром зап'ястного каналу	714	12	31	22.5
1909	Синдром Золлінгера — Еллісона	194	1	11	6.0
1910	Синдром Кавасакі	332	2	31	8.0
1911	Синдром Кейтеля	5	0	1	0.0
1912	Синдром китайського ресторану	33	0	4	1.0
1913	Синдром Корсакова	153	0	11	4.5
1914	Синдром космічної адаптації	18	0	3	0.5
1915	Синдром Котара	215	2	15	6.0
1916	Синдром котячого крику	296	2	21	8.5
1917	Синдром Криглера — Найяра	87	0	7	3.0
1918	Синдром Лаєлла	478	4	25	15.0
1919	Синдром Лауна — Ґанонґа — Левайна	194	0	15	6.0
1920	Синдром Лея	22	0	3	1.0
1921	Синдром Маккюна—Олбрайта	583	2	165	9.0
1922	Синдром Марфана	895	14	65	27.5
1923	Синдром Морганьї — Адамса — Стокса	74	0	6	2.0
1924	Синдром Морріса	162	0	19	4.0
1925	Синдром Неємія Ашерсона	11	0	4	0.0
1926	Синдром Неймеген	47	0	6	2.0
1927	Синдром Патау	571	8	28	18.0
1928	Синдром Пейтца — Єгерса	89	0	10	3.0
1929	Синдром передчасного збудження шлуночків	53	0	13	1.0
1930	Синдром подразненого кишечника	1351	20	64	41.5
1931	Синдром порушення активності та уваги	898	12	47	28.5
1932	Синдром раптової дитячої смерті	192	0	17	5.0
1933	Синдром Ретта	335	3	34	9.5
1934	Синдром Рея	328	2	18	10.0
1935	Синдром Ротора	54	0	6	1.5
1936	Синдром Сваєра	31	0	6	1.0
1937	Синдром системної запальної відповіді	83	1	7	2.0
1938	Синдром слабкості синусового вузла	230	1	16	7.5
1939	Синдром Стендаля	281	2	34	8.0
1940	Синдром Стівенса — Джонсона	633	3	35	19.5
1941	Синдром струшеної дитини	399	3	27	12.5
1942	Синдром Такаясу	125	0	10	4.0
1943	Синдром Тернера	433	1	24	12.5
1944	Синдром тривалої гарячки невідомого походження	124	0	10	3.5
1945	Синдром Ундіни	72	0	11	2.0
1946	Синдром хронічної втоми	827	11	48	26.0
1947	Синдром Шегрена	434	7	27	12.0
1948	Синостоз	65	0	7	2.0
1949	Синхондроз	27	0	5	1.0
1950	Сироваткова хвороба	72	0	10	2.0
1951	Сиролімус	19	0	4	1.0
1952	Система винагород	38	0	5	1.0
1953	Система груп крові AB0	281	1	18	8.5
1954	Системна склеродермія	751	8	145	20.0
1955	Системний бартонельоз	28	0	5	1.0
1956	Системний червоний вовчак	1983	25	99	62.0
1957	Сифіліс	5373	123	253	162.0
1958	Сім'яний канатик	196	0	13	5.5
1959	Сім'яні залози	545	9	27	16.0
1960	Сіра речовина	225	1	13	7.0
1961	Сіріл Гарнем	3	0	1	0.0
1962	Сітківка	354	4	22	10.5
1963	Сказ	2505	50	107	79.0
1964	Скальпована рана	86	0	18	2.0
1965	Скарлатина	2398	43	120	72.0
1966	Сколіоз	1117	16	55	35.5
1967	Скронева кістка	196	1	16	6.0
1968	Скронева частка	176	0	12	4.5
1969	Скроневий м'яз	17	0	2	1.0
1970	Слоновість	180	0	13	5.0
1971	Смугасте тіло	69	0	7	2.0
1972	СНІД	3385	74	163	103.0
1973	Содоку	41	0	7	1.0
1974	Сокол Олександра Семенівна	12	0	3	0.0
1975	Соліфенацин	27	0	3	1.0
1976	Соматосенсорна система	19	0	4	0.0
1977	Соматостатин	101	1	7	3.0
1978	Соматостатинома	2	0	1	0.0
1979	Соматотропний гормон	512	10	25	16.0
1980	Сонна хвороба	236	0	22	6.0
1981	Сорафеніб	41	0	6	1.0
1982	Соталол	22	0	3	1.0
1983	Софосбувір	160	1	13	5.0
1984	Сочевицеподібне ядро	12	0	2	0.0
1985	Спадкові захворювання	194	1	19	5.5
1986	Спалах інфекційної хвороби	32	0	3	1.0
1987	Спарганоз	16	0	3	1.0
1988	Спарфлоксацин	7	0	1	0.0
1989	Спектиноміцин	19	0	5	1.0
1990	Спинномозкова рідина	538	7	34	16.5
1991	Спинномозкове ядро трійчастого нерва	14	0	2	0.0
1992	Список лауреатів Нобелівської премії з фізіології або медицини	232	0	24	6.0
1993	Список спадкових хвороб	139	1	11	3.5
1994	Спінальна анестезія	639	5	36	19.5
1995	Спіраміцин	51	0	7	1.0
1996	Спіраприл	3	0	1	0.0
1997	Спленомегалія	137	1	9	4.0
1998	Справжня поліцитемія	530	3	31	17.5
1999	Стабілізатор мастоцитів	12	0	2	1.0
2000	Ставудин	5	0	4	0.0
2001	Станіслав фон Провасек	6	0	2	0.0
2002	Статини	491	4	31	15.5
2003	Стафілокок	4543	76	196	154.5
2004	Стафілокок золотистий	1627	31	78	54.0
2005	Стафілококова інфекція	3140	45	161	103.5
2006	Стеноз	283	2	21	8.5
2007	Стеноз мітрального клапана	143	0	13	5.0
2008	Стефанський В'ячеслав Карлович	1	0	1	0.0
2009	Стравохід	468	7	27	14.0
2010	Стрептобацильоз	16	0	6	0.0
2011	Стрептококовий фарингіт	1165	21	58	36.5
2012	Стригучий лишай	447	5	28	13.0
2013	Стрічка Брозлоу для екстреної педіатричної допомоги	6	0	1	1.0
2014	Стронгілоїдоз	327	3	24	10.0
2015	Строфантин	121	1	8	3.0
2016	Стьожак	37	0	5	1.0
2017	Субарахноїдальний крововилив	725	10	37	20.5
2018	Субдуральна гематома	471	6	26	12.5
2019	Субталамічне ядро	18	0	3	1.0
2020	Суглоб	752	8	59	23.0
2021	Сулодексид	97	0	8	3.0
2022	Сульбактам	75	0	10	2.0
2023	Сульпірид	237	2	19	7.0
2024	Сульфадиметоксин	59	0	6	1.0
2025	Сульфадимідин	13	0	2	1.0
2026	Сульфадіазин	27	0	4	1.0
2027	Сульфадоксин	21	0	5	0.0
2028	Сульфаметоксазол	30	0	3	1.0
2029	Сульфаметоксазол/триметоприм	209	1	13	7.0
2030	Сульфаметрол	2	0	1	0.0
2031	Сульфаніламід	179	2	12	5.0
2032	Сульфацетамід	36	0	5	1.0
2033	Сунітиніб	26	0	4	1.0
2034	Суперечка щодо насичених жирів	12	0	3	1.0
2035	СХ614	15	0	10	0.0
2036	Східний енцефаломієліт коней	83	0	13	2.0
2037	Сьома холерна пандемія	39	0	6	1.0
2038	Т-клітинна терапія лейкозу	13	0	2	1.0
2039	Таблетки, що розпадаються в ротовій порожнині	37	0	5	1.0
2040	Таксани	18	0	3	1.0
2041	Таласемія	231	0	18	7.0
2042	Талінолол	6	0	2	0.0
2043	Тамоксифен	186	0	14	5.0
2044	Тамсулозин	91	1	7	3.0
2045	Тегасерод	21	0	2	1.0
2046	Тегафур	17	0	2	1.0
2047	Тедизолід	16	0	3	1.0
2048	Теїксобактин	8	0	2	0.0
2049	Тейкопланін	21	0	2	1.0
2050	Телапревір	8	0	2	0.0
2051	Телбівудин	1	0	1	0.0
2052	Телемедицина	116	1	9	3.0
2053	Телітроміцин	3	0	1	0.0
2054	Телмісартан	47	0	5	1.0
2055	Темозоломід	15	0	4	1.0
2056	Теніази	28	0	4	1.0
2057	Теніаринхоз	109	0	10	3.0
2058	Теніоз	170	1	10	5.0
2059	Теноксикам	38	0	5	1.0
2060	Тенонітрозол	7	0	2	0.0
2061	Тенофовір	128	0	9	4.0
2062	Тенофовір/Емтрицитабін	33	0	4	1.0
2063	Теобальд Сміт	6	0	1	0.0
2064	Тепловий удар	1626	15	128	42.5
2065	Теразозин	29	0	5	1.0
2066	Тератома	715	2	138	14.5
2067	Тербінафін	141	0	13	4.0
2068	Тербуталін	14	0	4	0.5
2069	Теризидон	6	0	3	0.0
2070	Термінальний нерв	4	0	2	0.0
2071	Терфенадин	49	0	8	1.0
2072	Тестостерон	1527	34	68	46.0
2073	Тетраплегія	104	0	6	3.0
2074	Тизанідин	86	0	8	2.0
2075	Тикагрелор	88	1	11	2.0
2076	Тикарцилін	13	0	2	0.0
2077	Тиклопідин	14	0	3	0.0
2078	Тимолол	29	0	4	1.0
2079	Тинзапарин	13	0	4	0.0
2080	Тинідазол	98	0	7	3.0
2081	Типранавір	2	0	1	0.0
2082	Тиреоглобулін	535	5	28	15.5
2083	Тиреоїдектомія	250	2	17	8.0
2084	Тиреоїдит Хашимото	1387	20	77	43.0
2085	Тиреопероксидаза	425	4	32	12.5
2086	Тиреотропний гормон	1919	18	92	65.0
2087	Тироксин	495	6	26	15.5
2088	Тиротрицин	356	1	31	11.0
2089	Тиф	657	12	32	19.0
2090	Тіамазол	50	0	7	2.0
2091	Тіамфенікол	12	0	3	0.0
2092	Тіанептин	28	0	3	1.0
2093	Тігециклін	21	0	3	1.0
2094	Тім'яна частка	185	0	15	5.0
2095	Тіогуанін	10	0	2	0.0
2096	Тіопентал натрію	198	0	14	5.5
2097	Тіоридазин	38	0	8	2.5
2098	Тіотриазолін	423	3	23	13.5
2099	Тіотропію бромід	24	0	5	1.0
2100	Тітов Михайло Борисович	3	0	1	0.0
2101	Тобраміцин	86	0	6	3.0
2102	Токсичний багатовузловий зоб	183	2	12	5.0
2103	Токсокароз	1054	10	56	33.0
2104	Токсоплазмоз	1564	22	83	48.5
2105	Толперизон	67	0	6	2.0
2106	Толтеродин	17	0	4	0.0
2107	Томас Сиденгам	6	0	1	0.0
2108	Тонкоголкова аспіраційна пункційна біопсія	96	0	8	2.5
2109	Топотекан	19	0	3	1.0
2110	Тореміфен	40	0	5	2.0
2111	Тоцилізумаб	27	0	4	1.0
2112	Трандолаприл	6	0	2	0.0
2113	Трансмісивний механізм передачі інфекції	104	0	9	3.0
2114	Трансплантат	34	0	4	1.0
2115	Трансплантація	242	2	17	6.5
2116	Трансплантація печінки	147	0	11	4.5
2117	Трансплантологія	51	0	7	1.0
2118	Трапецієподібний м'яз	182	0	16	5.0
2119	Трастузумаб	209	0	47	4.5
2120	Трахеїт	537	10	26	15.0
2121	Трахома	163	1	11	5.0
2122	Трематодози	10	0	1	1.0
2123	Третиноїн	58	0	7	2.0
2124	Третій шлуночок	96	0	7	3.0
2125	Третя пандемія чуми	50	0	4	2.0
2126	Третя холерна пандемія	6	0	2	0.0
2127	Триамцинолон	117	0	14	3.0
2128	Тригексифенідил	72	0	8	2.0
2129	Трийодтиронін	193	1	17	5.5
2130	Трикутник Пирогова	44	0	5	1.0
2131	Тримебутин	105	0	8	3.0
2132	Тримеперидин	74	0	6	2.0
2133	Триметазидин	175	1	21	5.0
2134	Триметоприм	63	0	8	2.0
2135	Трипаносомози	28	0	4	1.0
2136	Трипторелін	29	0	8	1.0
2137	Трифлузал	26	0	4	1.0
2138	Трифлуоперазин	16	0	5	3.0
2139	Трихінельоз	253	1	15	8.0
2140	Трихомоноз	2740	44	139	85.5
2141	Трихоцефальоз	241	1	21	7.0
2142	Трициклічні антидепресанти	315	3	16	10.0
2143	Тріада Гатчінсона	23	0	4	0.0
2144	Трійчастий вузол	17	0	5	0.0
2145	Трійчастий нерв	958	18	50	30.5
2146	Тровафлоксацин	12	0	3	0.0
2147	Тромбоемболія легеневої артерії	1549	22	85	50.5
2148	Тромбоз	565	5	30	16.5
2149	Тромбоз глибоких вен	495	7	27	15.5
2150	Тромбофлебіт	672	9	35	19.0
2151	Тромбоцитопенія	674	7	40	20.0
2152	Тропічна медицина	24	0	6	1.0
2153	Тропічні хвороби	17	0	3	0.0
2154	Троподифен	5	0	1	0.0
2155	Тропонін	471	6	26	15.0
2156	Туберкульоз	5076	90	257	153.0
2157	Туберозний склероз	123	0	8	4.0
2158	Туляремія	324	2	25	10.0
2159	Тулярин	4	0	2	0.0
2160	Тяжкий гострий респіраторний синдром	88	0	8	2.0
2161	Увеїт	421	5	27	12.0
2162	Ударний об'єм	27	0	4	1.0
2163	Українська військово-медична академія	288	1	18	9.0
2164	Українська спілка психотерапевтів	34	0	4	1.0
2165	Український лепрозорій	117	0	11	3.0
2166	Ундециленова кислота	16	0	6	1.0
2167	Урапідил	38	0	3	1.5
2168	Уремія	234	3	19	7.0
2169	Уропепсин	2	0	1	0.0
2170	Устекінумаб	19	0	2	1.0
2171	Фавіпіравір	7	0	2	0.0
2172	Фамотидин	43	0	7	1.0
2173	Фамцикловір	42	0	6	1.0
2174	Фарбування гематоксиліном-еозином	49	0	4	2.0
2175	Фарбування за ван Гізоном	10	0	3	0.0
2176	Фарбування за Романовським—Гімзою	66	0	10	2.0
2177	Фарбування за Цілем — Нільсеном	45	0	8	1.0
2178	Фарингіт	2277	46	107	72.0
2179	Фармацевтика	102	0	7	3.0
2180	Фармація	236	0	13	7.0
2181	Фасціольоз	200	2	19	6.0
2182	Фасція (анатомія)	247	2	14	7.5
2183	Фатальне сімейне безсоння	119	0	12	4.0
2184	Фекально-оральний механізм	206	1	14	6.0
2185	Фексофенадин	169	1	10	5.5
2186	Фелодипін	45	0	4	1.0
2187	Фенетилін	148	1	12	4.0
2188	Фенілбутазон	22	0	3	1.0
2189	Феніндіон	7	0	2	0.0
2190	Фенітоїн	87	0	6	3.0
2191	Феноксиметилпеніцилін	29	0	4	1.0
2192	Фенотерол	35	0	7	1.0
2193	Фенспірид	72	0	6	2.0
2194	Фентиконазол	25	0	3	1.0
2195	Фентоламін	29	0	4	1.0
2196	Феохромоцитома	217	1	12	7.0
2197	Фердинанд фон Гебра	23	0	15	0.0
2198	Фердинанд Штехер	8	0	3	0.0
2199	Фіброгастродуоденоскопія	169	1	12	5.0
2200	Фіброзне кільце	65	0	10	2.0
2201	Філатов Володимир Петрович	246	1	26	7.5
2202	Філграстим	31	0	4	1.0
2203	Філіппо Пачіні	2	0	1	0.0
2204	Філяріїдози	119	0	31	3.0
2205	Фінастерид	128	0	20	2.5
2206	Фінголімод	17	0	4	1.0
2207	Флегмона	618	8	35	19.0
2208	Флекаїнід	57	0	7	1.0
2209	Флувастатин	20	0	4	0.0
2210	Флувоксамін	50	0	7	1.0
2211	Флударабін	8	0	2	0.0
2212	Флуконазол	564	8	26	18.0
2213	Флуоксетин	750	12	32	24.0
2214	Флупіртин	5	0	3	0.0
2215	Флурбіпрофен	61	0	7	2.0
2216	Флутамід	95	0	8	2.5
2217	Флуфеназин	35	1	10	4.0
2218	Флуцитозин	14	0	3	0.0
2219	Флюоресцентна гібридизація in situ	21	0	4	0.0
2220	Флюпентиксол	0	0	0	0.0
2221	Фозиноприл	7	0	2	0.0
2222	Фолікулярна клітина	56	0	5	2.0
2223	Фолікулярний рак щитоподібної залози	86	0	11	3.0
2224	Фондапаринукс	22	0	3	1.0
2225	Формотерол	23	0	7	1.0
2226	Фосампренавір	0	0	0	0.0
2227	Фоскарнет	28	0	3	1.0
2228	Фосфазид	1	0	1	0.0
2229	Фосфоміцин	343	3	22	11.0
2230	Фотемустин	1	0	1	0.0
2231	Фрамбезія	146	0	10	4.0
2232	Фраміцетин	23	0	4	1.0
2233	Франц Бабель де Фронсберґ	4	0	2	0.0
2234	Франц де Пауля Нойгаузер	4	0	2	0.0
2235	Фрідріх Гаас	23	0	5	1.0
2236	Фрідріх Фюллеборн	4	0	1	0.0
2237	Фріц Шаудін	15	3	4	4.0
2238	Фталилсульфатіазол	34	0	4	1.0
2239	Фтивазид	16	0	3	0.0
2240	Фторлак	25	0	4	1.0
2241	Фторхінолони	328	3	20	10.0
2242	Фузафунгін	22	0	2	1.0
2243	Фузидова кислота	54	0	6	1.0
2244	Фульвестрант	9	0	2	0.0
2245	Фуразидин	83	0	7	3.0
2246	Фуразолідон	163	0	12	5.0
2247	Фурункульоз	2612	63	108	80.5
2248	Хантавірусний легеневий синдром	10	0	6	0.0
2249	Харчові отруєння	719	10	51	21.5
2250	Хасімото Хакару	5	0	1	0.0
2251	Хвороба «рука-нога-рот»	466	6	60	12.0
2252	Хвороба Альцгеймера	4701	95	193	151.0
2253	Хвороба Андерсен	10	0	3	0.0
2254	Хвороба Боуена	140	0	10	4.0
2255	Хвороба Верльгофа	323	3	22	10.0
2256	Хвороба Вільсона	1292	4	364	19.0
2257	Хвороба Вільяма Александера	70	1	7	2.0
2258	Хвороба Гантінгтона	540	9	28	16.0
2259	Хвороба Гюнтера	70	0	7	3.0
2260	Хвороба Іценка — Кушинга	325	6	19	10.0
2261	Хвороба К'ясанурського лісу	8	0	3	0.0
2262	Хвороба котячих подряпин	810	9	112	19.5
2263	Хвороба Кройцфельда — Якоба	257	3	14	8.5
2264	Хвороба Лайма	6260	88	315	184.5
2265	Хвороба Менкеса	19	0	3	0.0
2266	Хвороба Паркінсона	4015	82	180	130.0
2267	Хвороба Пейроні	182	2	20	5.0
2268	Хвороба Пертеса	458	2	35	13.0
2269	Хвороба Пламмера	0	0	0	0.0
2270	Хвороба Рандю — Ослера	120	1	10	4.0
2271	Хвороба Рейно	702	13	37	20.5
2272	Хвороба Росаі — Дорфман	4	0	1	0.0
2273	Хвороба Тея — Сакса	174	1	19	5.0
2274	Хвороба Фарбера	23	0	3	1.0
2275	Хвороба Шагаса	166	1	11	5.0
2276	Хвороба Шамберга	107	0	8	3.0
2277	Хвороба, яку спричинює вірус Ебола	1095	12	90	29.5
2278	Хвороба, яку спричинює вірус Зіка	151	0	12	4.0
2279	Хвороба, яку спричинює вірус Марбург	97	0	9	3.0
2280	Хвороба, яку спричинює вірус Ніпах	15	2	6	3.5
2281	Хвороба, яку спричинює вірус Хендра	22	2	10	5.0
2282	Хвороби, що передаються статевим шляхом	2287	38	122	67.5
2283	Хвостате ядро	26	0	4	1.0
2284	Хидей Ногучі	21	0	4	1.0
2285	Хілоторакс	49	0	5	1.0
2286	Хілурія	33	0	5	1.0
2287	Хінідин	32	0	5	1.0
2288	Хінолони	66	0	5	2.0
2289	Хірургічна операція	587	8	43	16.0
2290	Хірургія	350	2	36	10.5
2291	Хіфенадин	17	0	3	1.0
2292	Хламідійна лімфогранульома	175	1	11	4.5
2293	Хламідіоз	3522	60	166	109.0
2294	Хлорамбуцил	28	0	6	1.0
2295	Хлорамфенікол	273	0	15	8.0
2296	Хлордіазепоксид	19	0	3	1.0
2297	Хлоропірамін	127	0	8	4.0
2298	Хлорохін	26	0	5	1.0
2299	Хлорфенамін	104	0	8	3.0
2300	Хлорхінальдол	11	0	3	0.0
2301	Холангіт	268	1	32	7.0
2302	Холера	1206	21	66	36.0
2303	Холерний вібріон	114	0	12	3.0
2304	Холестатичний синдром	438	5	21	14.0
2305	Холецистектомія	201	0	12	6.0
2306	Хоменко Григорій Гнатович	8	0	3	0.5
2307	Хондрит (хвороба)	17	0	3	1.0
2308	Хоріонічний гонадотропін	1921	23	93	62.0
2309	Хоріосклероз	48	0	4	1.0
2310	Хржонщевський Никанор Адамович	28	0	4	0.0
2311	Хромафінні клітини	13	0	2	1.0
2312	Хронічна ниркова недостатність	377	4	22	11.5
2313	Хронічний гастрит	352	5	19	10.5
2314	Хронічний гепатит	298	1	19	8.5
2315	Хронічний лімфолейкоз	178	1	19	4.0
2316	Хронічний мієлоцитарний лейкоз	87	0	8	2.5
2317	Хронічний панкреатит	1063	16	47	35.5
2318	Цві Ларон	4	0	2	0.0
2319	Целекоксиб	133	1	8	4.0
2320	Центральний госпіталь Міністерства внутрішніх справ України	372	0	23	11.0
2321	Центральний госпіталь Служби безпеки України	313	0	18	9.0
2322	Центральний клінічний госпіталь Державної прикордонної служби України	321	0	22	10.0
2323	Ценуроз	19	0	3	1.0
2324	Церивастатин	10	0	2	0.0
2325	Цетиризин	320	5	21	10.0
2326	Цетуксимаб	22	0	3	0.5
2327	Цефадроксил	30	0	4	1.0
2328	Цефазолін	143	1	9	4.0
2329	Цефаклор	26	0	4	1.0
2330	Цефалексин	158	1	12	4.0
2331	Цефалоспорини	492	6	34	14.0
2332	Цефалотин	24	0	9	0.0
2333	Цефамандол	11	0	2	0.0
2334	Цефепім	70	0	6	2.0
2335	Цефіксим	244	2	17	7.0
2336	Цефоперазон	61	0	6	1.5
2337	Цефотаксим	195	2	13	5.5
2338	Цефпірамід	4	0	1	0.0
2339	Цефпіром	16	0	2	1.0
2340	Цефподоксим	234	1	21	6.5
2341	Цефпрозил	15	0	2	1.0
2342	Цефрадин	18	0	3	1.0
2343	Цефтазидим	48	0	6	1.0
2344	Цефтаролін	44	0	5	1.0
2345	Цефтібутен	12	0	4	0.0
2346	Цефтізоксим	10	0	2	0.0
2347	Цефтобіпрол	26	0	3	1.0
2348	Цефтріаксон	1375	23	68	41.5
2349	Цефуроксим	166	0	11	5.0
2350	Цеце	459	6	50	13.0
2351	Цидофовір	16	0	3	0.0
2352	Цизаприд	68	0	7	2.0
2353	Циклосерин	41	0	5	1.0
2354	Циклоспорин	71	0	6	2.0
2355	Циклофосфамід	81	0	6	2.0
2356	Цилазаприл	5	0	1	0.0
2357	Цилостазол	66	0	6	2.0
2358	Циметидин	53	0	5	2.0
2359	Цинаризин	415	3	25	12.5
2360	Ципрогептадин	99	0	7	3.0
2361	Ципротерон	70	0	8	2.0
2362	Ципрофлоксацин	368	4	20	11.0
2363	Цироз печінки	1339	26	62	39.0
2364	Цисплатин	102	0	15	3.0
2365	Цистит	2182	54	91	67.0
2366	Цистицеркоз	358	3	22	10.0
2367	Циталопрам	101	1	7	3.0
2368	Цитарабін	18	0	4	1.0
2369	Цитиколін	242	1	13	6.5
2370	Цитомегаловірус	1454	25	76	44.0
2371	Цитомегаловірусна інфекція	1752	27	82	55.5
2372	Ціп'як бичачий	478	7	28	14.5
2373	Ціп'як свинячий	201	2	12	6.0
2374	Ціп'як собачий	88	0	10	2.0
2375	Цукровий діабет	4982	92	279	152.0
2376	Цукровий діабет тип 1	443	5	25	13.5
2377	Цукровий діабет тип 2	2285	36	104	72.0
2378	Цуцугамуші	20	0	3	1.0
2379	Червоне ядро	23	0	3	1.0
2380	Черевний тиф	815	12	49	25.0
2381	Черепні нерви	746	9	49	23.0
2382	Черепно-мозкова травма	1040	13	47	33.0
2383	Чернов Василь Єгорович	13	0	3	1.0
2384	Четверта холерна пандемія	3	0	1	0.0
2385	Четвертий шлуночок	71	0	8	2.0
2386	Чікунгунья	67	0	6	2.0
2387	Чоловіча статева система	7103	164	273	220.5
2388	Чорна речовина	51	0	5	2.0
2389	Чорна смерть	1035	19	48	31.0
2390	Чорна Тамара Трохимівна	15	0	5	1.0
2391	Чума	2837	66	139	84.0
2392	Чума Юстиніана	180	1	10	6.0
2393	Чумна паличка	89	0	7	3.0
2394	Шагома	4	0	1	0.0
2395	Шарлотта Кліверлі-Бісман	26	0	3	1.0
2396	Шарль Манту	22	0	4	1.0
2397	Шевчук Віктор Григорович	17	0	4	0.0
2398	Шигелла Бойда	4	0	1	0.0
2399	Шигельоз	527	6	34	15.5
2400	Шизофренія	6823	153	281	209.0
2401	Шийний відділ хребта	411	6	22	13.0
2402	Шина (медицина)	89	0	8	2.0
2403	Шистосомози	100	0	9	3.0
2404	Шия	214	1	17	6.0
2405	Шкала Франкеля	122	0	12	3.0
2406	Шкурба Андрій Вікторович	22	0	4	1.0
2407	Шлунково-кишкова кровотеча	811	10	42	25.5
2408	Шлунок	984	17	52	29.0
2409	Шок (медицина)	1293	8	108	34.0
2410	Шоста холерна пандемія	5	0	2	0.0
2411	Шпательний тест	29	0	3	1.0
2412	Шпиталь	184	2	11	5.5
2413	Щербак Юрій Миколайович	285	2	20	8.0
2414	Щитоподібна залоза	2916	55	129	95.5
2415	Щитоподібний хрящ	88	0	8	3.0
2416	Щитошийний стовбур	21	0	9	0.0
2417	Щока	57	0	4	2.0
2418	Юкстагломерулярний апарат	40	0	5	1.0
2419	Юстинус Кернер	6	0	1	0.0
2420	Яворовський Олександр Петрович	13	0	3	1.0
2421	Ядро Едінгера-Вестфаля	10	0	1	1.0
2422	Ядро лицевого нерва	6	0	1	0.0
2423	Ядро одинокого шляху	13	0	3	1.0
2424	Ядро окорухового нерва	15	0	2	1.0
2425	Язикова артерія	16	0	4	1.0
2426	Язикова вена	0	0	0	0.0
2427	Яйцеклітина	1044	17	89	29.5
2428	Ящур	209	0	14	5.0
2429	Aedes albopictus	70	0	7	2.0
2430	Anoplura	83	0	7	3.0
2431	ATC код A	44	0	5	1.0
2432	ATC код B	25	0	5	0.5
2433	ATC код C	42	0	3	1.0
2434	ATC код G	20	0	3	1.0
2435	ATC код H	10	0	3	0.0
2436	ATC код J	16	0	3	1.0
2437	ATC код L	8	0	1	0.0
2438	ATC код N	32	0	3	1.0
2439	ATC код P	14	0	2	0.0
2440	ATC код S	9	0	2	0.0
2441	BMJ	28	0	4	0.5
2442	BRCA1	57	0	7	2.0
2443	Chlamydophila psittaci	26	0	4	1.0
2444	Clostridium botulinum	170	1	11	5.0
2445	D-димер	749	5	41	22.0
2446	Déviation conjuguée	8	0	2	0.0
2447	Francisella tularensis	13	0	4	0.0
2448	G-клітина	4	0	1	0.0
2449	H5N1	42	0	5	1.0
2450	Helicobacter pylori	1816	30	96	57.0
2451	HeRAMS	11	0	2	0.0
2452	International Trauma Life Support	28	0	5	1.0
2453	Medscape	32	0	3	1.0
2454	Mycobacterium ulcerans	6	0	2	0.0
2455	OMIM	73	0	9	1.5
2456	Plasmodium falciparum	51	0	5	1.0
2457	Plasmodium knowlesi	9	0	1	0.0
2458	Plasmodium malariae	24	0	5	1.0
2459	Plasmodium ovale	19	0	3	1.0
2460	Plasmodium vivax	44	0	6	1.0
2461	PubMed	251	2	17	7.0
2462	SAMPLE	80	0	10	2.0
2463	Tc-99m-MIBI	5	0	1	0.0
2464	Terminologia Anatomica	12	0	2	0.0
2465	The Lancet	49	0	5	1.0
2466	Torch-інфекції	3020	41	219	101.5
2467	UniProt	17	0	2	0.0
2468	Whonamedit?	2	0	1	0.0
2469	Yersinia enterocolitica	123	0	12	3.0
2470	Yersinia pseudotuberculosis	17	0	4	0.5
2471	ZMapp	14	0	7	0.0
