1	*-алгебра	8	0	3	0.0
2	0 (число)	280	3	21	8.0
3	0,(9)	61	0	10	1.0
4	1 (число)	188	1	16	5.0
5	2 (число)	122	0	8	4.0
6	3-сфера	15	0	3	1.0
7	4-вектор	22	0	2	1.0
8	6 (число)	152	1	11	4.0
9	Абак (рахівниця)	143	2	10	4.0
10	Абелева група	49	0	6	1.0
11	Абсолютна похибка вимірювання	139	0	9	4.0
12	Абстрактна алгебра	82	0	6	2.0
13	Абстракція	788	14	40	24.5
14	Азартна гра (теорія ігор)	2	0	1	0.0
15	Аксіома	946	21	41	29.0
16	Аксіома вибору	52	0	6	1.0
17	Аксіома паралельності Евкліда	51	0	7	1.0
18	Аксіоматика Гільберта	23	0	6	0.0
19	Аксіоми Пеано	40	0	3	1.0
20	Актуарій	131	0	12	4.0
21	Актуарна математика	134	0	11	4.0
22	Алан Тюрінг	1066	21	47	33.0
23	Алгебра	433	4	58	10.0
24	Алгебра Кліфорда	13	0	2	0.0
25	Алгебра Лі	30	0	4	1.0
26	Алгебра логіки	112	0	9	4.0
27	Алгебраїчне числове поле	7	0	2	0.0
28	Алгебраїчні числа	51	0	8	1.0
29	Алгебрична геометрія	39	0	4	1.0
30	Алгебрична топологія	12	0	2	0.0
31	Алгебричний многовид	8	0	1	0.0
32	Алгебрично замкнуте поле	20	0	4	1.0
33	Алгоритм	1027	11	56	32.0
34	Алгоритм Евкліда	219	1	14	7.0
35	Алгоритм імітації відпалу	47	0	5	1.0
36	Александр Гротендік	26	0	5	1.0
37	Аль-Хорезмі	82	0	7	2.0
38	Альберт Ейнштейн	2298	50	137	65.5
39	Альфред Грей	0	0	0	0.0
40	Альфред Тарський	19	0	3	0.0
41	Американське математичне товариство	24	0	4	1.0
42	Аналітична геометрія	145	0	20	3.0
43	Аналітична теорія чисел	9	0	1	0.0
44	Аналітична функція	46	0	6	1.0
45	Аналогова обчислювальна машина	40	0	7	1.0
46	Андре Вейль	14	0	3	0.0
47	Анрі Леон Лебег	17	0	4	1.0
48	Анрі Пуанкаре	93	0	7	3.0
49	Антіфонт	4	0	1	0.0
50	Аполлоній Перзький	16	0	2	0.5
51	Апостеріорна ймовірність	39	0	5	1.0
52	Арифметика	154	1	11	5.0
53	Арифметична функція	22	0	2	1.0
54	Арістотель	872	11	42	27.0
55	Арнольд Володимир Ігорович	71	0	42	1.0
56	Артур Кейлі	38	0	21	0.0
57	Архімед	405	6	23	11.5
58	Асимптота	144	0	10	4.0
59	Асоціативність	123	1	8	4.0
60	Атлас (математика)	6	0	2	0.0
61	Атле Сельберг	4	0	2	0.0
62	Атрактор	84	0	9	2.5
63	Аттична система числення	10	0	2	0.0
64	Афінна геометрія	14	0	2	0.0
65	Багатократний інтеграл	40	0	3	1.0
66	Багатокритеріальна оптимізація	31	0	5	1.0
67	Баєсів інформаційний критерій	20	0	3	1.0
68	Баєсова ймовірність	46	0	8	1.0
69	Баєсова лінійна регресія	15	0	2	0.0
70	Баєсова мережа	65	0	21	1.0
71	Баєсова оцінка	51	0	5	1.0
72	Баєсове виведення	41	0	4	1.0
73	Банахів простір	59	0	5	2.0
74	Банахова алгебра	15	0	4	0.5
75	Басейн притягання	2	0	1	0.0
76	Безвиграшна ситуація	18	0	3	1.0
77	Безкоаліційна гра	3	0	1	0.0
78	Безмасштабна мережа	7	0	2	0.0
79	Бенуа Мандельброт	59	0	6	1.0
80	Бернгард Ріман	58	0	7	1.0
81	Бертран Расселл	215	2	13	6.5
82	Бета-функція	21	0	5	1.0
83	Бієкція	74	0	7	2.0
84	Білінійне відображення	5	0	1	0.0
85	Бінарна класифікація	13	0	3	0.0
86	Біном Ньютона	221	1	19	6.5
87	Біноміальний коефіцієнт	117	0	9	3.0
88	Біноміальний розподіл	94	1	8	3.0
89	Блез Паскаль	301	4	28	8.0
90	Броунівське дерево	9	0	2	0.5
91	Броунівський рух	238	1	17	7.5
92	Булеан	71	0	8	2.0
93	Булева алгебра (структура)	91	0	7	3.0
94	Булева функція	124	0	9	4.0
95	Буняковський Віктор Якович	31	0	4	1.0
96	Варіаційне числення	48	0	6	1.0
97	Вейвлет	47	0	6	1.0
98	Вектор (математика)	259	2	14	8.0
99	Векторне поле	33	0	3	1.0
100	Векторне числення	13	0	2	0.0
101	Векторний простір	118	0	10	3.5
102	Велика теорема Ферма	385	5	37	10.5
103	Верхня і нижня границі	17	0	8	0.0
104	Взаємна інформація	24	0	3	1.0
105	Взаємно прості числа	285	1	19	8.5
106	Вибірка	236	0	16	7.0
107	Визначник	207	1	14	5.5
108	Виключна диз'юнкція	397	5	24	12.0
109	Вимірна функція	18	0	4	0.5
110	Випадкова величина	146	0	12	4.0
111	Випадкова подія	73	0	7	2.0
112	Випадкове блукання	28	0	4	1.0
113	Випадковий процес	83	0	9	2.5
114	Випадковий процес з довгою пам'яттю	2	0	2	0.0
115	Випадкові числа	25	0	6	1.0
116	Вироджений розподіл	30	0	4	1.0
117	Висковатов Василь Іванович	0	0	0	0.0
118	Висота (величина)	5	0	2	0.0
119	Від'ємне число	156	0	12	5.0
120	Відкрита множина	18	0	2	0.0
121	Відкриті математичні питання	98	0	7	2.0
122	Віднімання	331	3	27	9.5
123	Відношення	116	0	15	3.0
124	Відношення еквівалентності	69	0	7	2.0
125	Відношення порядку	47	0	8	1.0
126	Відособлений розподіл	8	0	2	0.0
127	Відсоток	639	11	31	19.0
128	Відстань	277	1	18	8.5
129	Вільна група	12	0	7	0.0
130	Вільний параметр	2	0	1	0.0
131	Вільні і зв'язані змінні	22	0	2	1.0
132	Вільям Ровен Гамільтон	51	0	12	1.0
133	Вільям Терстон	14	0	4	0.0
134	Вісімкова система числення	117	0	9	4.0
135	Вісь	162	1	16	4.5
136	Вкладення Сегре	1	0	1	0.0
137	Власні вектори та власні числа	123	0	23	2.5
138	Внутрішня точка	7	0	2	0.0
139	Гамма-розподіл	35	0	4	1.0
140	Гамма-функція	103	0	10	3.0
141	Гармонічна функція	24	0	4	1.0
142	Гармонічний аналіз	15	0	2	0.0
143	Гаусові числа	47	0	6	1.0
144	Гельфанд Ізраїль Мойсейович	20	0	4	1.0
145	Генератор псевдовипадкових чисел	67	0	9	2.0
146	Генератриса	38	0	6	1.0
147	Генерація випадкових чисел	108	0	7	3.0
148	Геодезична лінія	63	0	5	2.0
149	Геометрична прогресія	678	9	32	19.5
150	Геометричний броунівський рух	10	0	3	0.0
151	Геометрія	454	3	58	13.0
152	Геометрія Лобачевського	118	0	14	3.0
153	Георг Кантор	56	0	7	1.5
154	Герман Вейль	16	0	3	0.0
155	Гідроаеромеханіка	23	0	3	0.0
156	Гідромеханіка	21	0	2	1.0
157	Гійом де Лопіталь	9	0	2	0.0
158	Гільбертів простір	82	0	7	2.0
159	Гіпербола (математика)	271	1	15	8.5
160	Гіпергеометричний розподіл	9	0	3	0.0
161	Гіперграф	8	0	3	0.0
162	Гіперповерхня	17	0	3	0.0
163	Гіпотеза Гольдбаха	35	0	4	1.0
164	Гіпотеза Пуанкаре	442	4	35	12.5
165	Гіпотеза Рімана	173	1	10	5.5
166	Гістограма	101	0	8	3.0
167	Голоморфна функція	53	0	8	2.0
168	Гомеоморфізм	52	0	6	1.0
169	Гомологічна алгебра	11	0	2	0.0
170	Гомоморфізм	48	0	10	1.0
171	Гомоморфізм груп	22	0	3	1.0
172	Гомоморфне шифрування	10	0	2	0.0
173	Гомотопія	12	0	2	0.5
174	Готлоб Фреге	32	0	4	1.0
175	Готфрід Вільгельм Ляйбніц	200	1	15	6.0
176	Гра без побічних платежів	0	0	0	0.0
177	Градієнтний спуск	120	0	13	3.0
178	Градієнтні методи	17	0	4	0.0
179	Границя	162	0	14	5.0
180	Границя функції в точці	107	0	12	3.0
181	Границя числової послідовності	108	0	11	3.0
182	Граф (математика)	279	2	16	8.0
183	Група (математика)	97	0	14	2.0
184	Група Галуа	12	0	2	0.5
185	Група Лі	42	0	10	1.0
186	Густина імовірності	88	0	10	1.0
187	Ґратка (порядок)	25	0	3	1.0
188	Давид Гільберт	75	0	6	2.0
189	Дванадцяткова система числення	40	0	8	1.0
190	Девід Мамфорд	53	0	48	0.0
191	Декартова система координат	382	5	18	12.0
192	Дельта-метод	16	0	3	1.0
193	Дельта-функція Дірака	59	0	8	1.0
194	Дерево (теорія графів)	113	0	7	3.0
195	Джеймс Клерк Максвелл	156	0	15	4.0
196	Джон Конвей	14	0	2	1.0
197	Джон Мілнор	9	0	2	0.0
198	Джон фон Нейман	130	0	11	4.0
199	Джон Форбс Неш	657	10	30	20.0
200	Джордж Буль	56	0	7	1.5
201	Джуліо Асколі	0	0	0	0.0
202	Дзета-функція Рімана	104	0	10	3.0
203	Диз'юнкт Горна	2	0	1	0.0
204	Динамічна гра	0	0	0	0.0
205	Динамічна система	68	0	6	1.0
206	Дискретна група	1	0	1	0.0
207	Дискретна математика	778	8	103	17.0
208	Дискретний логарифм	14	0	3	0.0
209	Дискримінант	254	2	20	6.0
210	Дисперсійний аналіз	145	0	14	4.0
211	Дисперсія випадкової величини	562	5	33	17.5
212	Дистрибутивність	63	0	5	2.0
213	Дифеоморфізм	19	0	4	1.0
214	Диференціальна геометрія	68	0	7	2.0
215	Диференціальне рівняння з частинними похідними	64	0	7	2.0
216	Диференціальне та інтегральне числення	118	0	11	4.0
217	Диференціальне числення	85	0	13	2.0
218	Диференціальні рівняння	346	0	32	8.5
219	Диференційовний многовид	14	0	2	0.0
220	Дійсне число	788	7	36	24.0
221	Дійснозначна функція	10	0	3	0.0
222	Ділення	376	3	22	11.5
223	Діофантові рівняння	82	0	7	2.0
224	Дія (фізика)	23	0	4	0.5
225	Добуток	806	13	43	26.0
226	Довга арифметика	38	0	6	1.0
227	Доведення	51	0	6	1.0
228	Доведення з нульовим пізнанням	13	0	3	0.0
229	Довжина	425	6	23	13.0
230	Довжина кривої	24	0	3	1.0
231	Довірчий інтервал	192	1	12	6.0
232	Додавання	249	1	16	7.0
233	Дональд Кнут	100	0	9	3.0
234	Досконале число	133	0	17	4.0
235	Дослідження операцій	169	1	13	5.0
236	Дотична	103	0	12	3.0
237	Дотичний простір	18	0	6	0.0
238	Дріб	1127	10	101	32.0
239	Дрінфельд Володимир Гершонович	35	0	4	1.0
240	Друга похідна	38	0	4	2.0
241	Еварист Галуа	47	0	7	1.0
242	Евклід	167	0	11	5.0
243	Евклідів простір	152	0	9	5.0
244	Евклідова геометрія	144	0	13	4.5
245	Едвард Віттен	25	0	3	1.0
246	Експоненційний розподіл	94	0	8	2.0
247	Ексцентриситет	176	1	13	4.5
248	Елементарна математика	29	0	4	1.0
249	Елі Жозеф Картан	8	0	4	0.0
250	Еліпс	311	2	21	9.0
251	Еліптична крива	36	0	5	1.0
252	Еліптична криптографія	55	0	5	1.0
253	Еліптична функція	8	0	2	0.0
254	Еммі Нетер	39	0	5	1.0
255	Емпірична функція розподілу	61	0	6	2.0
256	Ентропійна швидкість	17	0	3	1.0
257	Ентропія	1331	24	70	40.5
258	Ератосфен	184	1	18	5.0
259	Ергодичний розподіл	5	0	2	0.0
260	Ермітова форма	4	0	1	0.0
261	Ефект метелика (математика)	322	3	23	9.0
262	Жак Соломон Адамар	7	0	1	0.0
263	Жан-П'єр Серр	9	0	2	0.0
264	Житомирська Світлана Яківна	10	0	2	0.0
265	Життя (гра)	169	0	14	4.5
266	Жозеф-Луї Лагранж	41	0	5	1.0
267	Жорданова нормальна форма	31	0	7	1.0
268	Загальна лінійна група	4	0	1	0.0
269	Загальна теорія відносності	546	7	29	17.0
270	Загальна топологія	17	0	4	0.5
271	Задання групи	21	0	8	0.0
272	Задача дробово-лінійного програмування	0	0	0	0.0
273	Задача про пакування в ємності	30	0	3	1.0
274	Задача розв'язності	17	0	3	0.0
275	Закон великих чисел	163	1	10	5.5
276	Закон виключеного третього	54	0	6	2.0
277	Закони Кеплера	185	1	10	6.0
278	Закони Ланчестера	6	0	4	0.0
279	Закони Ньютона	2044	37	94	64.0
280	Замикання (математика)	19	0	2	1.0
281	Заперечення	128	1	10	3.0
282	Зв'язність (диференціальна геометрія)	4	0	2	0.0
283	Звичайні диференціальні рівняння	69	0	8	2.0
284	Згортка (математичний аналіз)	53	0	6	1.0
285	Зліченна множина	30	0	5	1.0
286	Знак рівності	236	0	15	7.5
287	Зовнішня алгебра	10	0	3	0.0
288	Зовнішня похідна	5	0	2	0.0
289	Золота спіраль	147	1	14	4.0
290	Золотий перетин	1488	30	70	45.0
291	Ізометрія (математика)	38	0	3	1.0
292	Ізоморфізм	70	0	6	2.0
293	Ізоморфізм груп	21	0	4	1.0
294	Імовірнісна логіка	4	0	2	0.0
295	Імовірність	357	2	24	10.5
296	Імпульс (механіка)	263	2	17	8.0
297	Індекс контура відносно точки	4	0	1	0.0
298	Індо-арабська система числення	345	3	24	10.0
299	Інтеграл	722	12	47	22.0
300	Інтеграл Лебега	30	0	5	1.0
301	Інтегральна теорема Коші	35	0	5	1.0
302	Інтегральна формула Коші	17	0	4	0.5
303	Інтегральне правило Лейбніца	1	0	1	0.0
304	Інтегральне рівняння	25	0	4	1.0
305	Інтервал (математика)	64	0	5	2.0
306	Інтерполяція	240	1	17	7.0
307	Інформаційна ентропія	153	0	12	4.0
308	Інформаційний критерій Акаіке	35	0	6	1.0
309	Інформація	1251	16	70	37.5
310	Ірвінг Рід	26	0	16	0.0
311	Ірраціональні числа	462	7	23	15.0
312	Ісаак Ньютон	797	12	50	23.0
313	Історія геометрії	35	0	8	1.0
314	Історія математики	189	1	14	5.0
315	Історія математичних позначень	40	0	6	1.0
316	Істотний многовид	1	0	1	0.0
317	Ймовірнісний простір	53	0	5	2.0
318	Йоганн Кеплер	151	1	12	5.0
319	Калібрувальна інваріантність	58	0	5	2.0
320	Канонічна кореляція	26	0	5	1.0
321	Карл Вейєрштрасс	23	0	3	0.0
322	Карл Фрідріх Гаусс	199	1	15	6.0
323	Категорійна змінна	36	0	4	1.0
324	Категорійний розподіл	16	0	3	0.0
325	Квадрат	425	4	27	13.5
326	Квадратична форма	40	0	5	1.0
327	Квадратичний закон взаємності	22	0	4	1.0
328	Квадратне рівняння	713	11	38	22.0
329	Квадратний корінь	547	8	39	16.0
330	Квантова електродинаміка	51	0	5	1.0
331	Квантова криптографія	36	0	5	1.0
332	Квантова логіка	18	0	2	0.5
333	Квантова механіка	549	6	33	17.0
334	Квантова хромодинаміка	58	0	8	2.0
335	Квартет Анскомбе	18	0	3	0.0
336	Китайська теорема про остачі	31	0	9	1.0
337	Кільце (алгебра)	103	0	8	3.0
338	Кільце многочленів	10	0	1	0.5
339	Кільцевий підпис	24	0	15	0.0
340	Кінематика	198	0	23	5.5
341	Кінетична енергія	435	2	27	13.0
342	Клавдій Птолемей	228	1	12	6.5
343	Клас еквівалентності	62	0	8	2.0
344	Клас складності NP	43	0	6	1.0
345	Клас складності P	34	0	8	1.0
346	Клас складності PSPACE	9	0	3	0.0
347	Класична механіка	207	1	12	6.5
348	Кластеризація методом к–середніх	111	1	9	3.0
349	Коваріація	97	0	8	3.0
350	Коефіцієнт Баєса	26	0	4	1.0
351	Коефіцієнт Жаккара	35	0	4	1.0
352	Колмогоров Андрій Миколайович	56	0	5	2.0
353	Коло	711	8	35	23.5
354	Комбінаторика	247	0	16	7.5
355	Комбінаторна оптимізація	33	0	5	1.0
356	Комбінація (комбінаторика)	196	1	11	6.0
357	Компактний простір	61	0	7	2.0
358	Комплексна площина	29	0	4	1.0
359	Комплексне число	508	7	28	15.5
360	Комплексний аналіз	92	0	10	3.0
361	Композиція функцій	38	0	4	1.0
362	Компонента зв'язності графа	22	0	3	1.0
363	Комутативна алгебра	8	0	1	0.0
364	Комутативне кільце	6	0	1	0.0
365	Комутативність	130	0	13	4.0
366	Кон'юнкція	119	0	11	4.0
367	Конкатенація	178	0	12	6.0
368	Континуум-гіпотеза	36	0	4	1.0
369	Контрапозиція	20	0	3	0.5
370	Кооперативна гра (теорія ігор)	9	0	3	0.0
371	Кореляція і залежність	378	3	20	12.0
372	Кортеж (інформатика)	103	0	7	3.0
373	Крайова задача	20	0	3	0.5
374	Крива	107	0	28	3.0
375	Кривина (математика)	33	0	5	1.0
376	Криві другого порядку	51	0	4	2.0
377	Криза основ математики	18	0	3	0.0
378	Криптоаналіз	62	0	6	2.0
379	Криптографічна геш-функція	87	0	6	3.0
380	Криптографічно стійкий генератор псевдовипадкових чисел	18	0	3	1.0
381	Криптографія	600	8	35	18.5
382	Критерій Фішера	185	1	12	5.0
383	Критична точка (математика)	33	0	3	1.0
384	Куб	350	4	18	10.5
385	Куля (геометрія)	9	0	2	0.0
386	Курт Гедель	67	0	8	2.0
387	Кут	408	5	31	11.0
388	Кутова швидкість	213	2	16	5.5
389	Кутовий коефіцієнт	160	1	12	4.0
390	Лагранжіан	30	0	3	1.0
391	Лазар Карно	12	0	2	0.0
392	Ланцюги Маркова	94	0	10	3.0
393	Ланцюги Маркова з неперервним часом	6	0	3	0.0
394	Ланцюговий дріб	54	0	4	2.0
395	Лейтзен Егберт Ян Брауер	9	0	2	0.0
396	Лексель Андрій Іванович	2	0	1	0.0
397	Лема Гронуолла — Беллмана	1	0	1	0.0
398	Лема Цорна	7	0	1	0.0
399	Леонард Ейлер	199	1	18	6.0
400	Лінійна алгебра	211	1	18	6.0
401	Лінійна комбінація	31	0	3	1.0
402	Лінійна регресія	290	4	18	8.5
403	Лінійна функція	159	1	12	4.5
404	Лінійне відображення	54	0	5	1.0
405	Лінійне програмування	106	0	9	3.0
406	Лінійне рівняння	242	1	15	7.5
407	Лінія	218	2	17	5.5
408	Логарифм	760	11	40	23.0
409	Логарифмічно угнута функція	3	0	1	0.0
410	Логіка	728	12	42	21.0
411	Логіка другого порядку	7	0	2	0.0
412	Логіка першого порядку	50	0	5	1.0
413	Логічний сполучник	47	0	5	1.0
414	Любич Михайло Юрійович	7	0	3	0.0
415	Ляпунов Олександр Михайлович	42	0	5	1.0
416	Майже періодична функція	16	0	3	1.0
417	Майкл Атія	23	0	5	0.5
418	Максимальний ідеал	10	0	3	0.0
419	Маргуліс Григорій Олександрович	12	0	3	0.0
420	Марковська властивість	17	0	2	1.0
421	Марковська модель	26	0	4	1.0
422	Марковський момент часу	3	0	1	0.0
423	Марковський процес	37	0	6	1.0
424	Марковський процес вирішування	18	0	3	1.0
425	Мартингал	17	0	3	0.0
426	Математик	160	1	17	4.0
427	Математика	1057	20	62	32.0
428	Математична індукція	101	0	9	2.0
429	Математична константа	72	0	7	2.0
430	Математична логіка	165	1	13	5.0
431	Математична статистика	115	0	11	4.0
432	Математична фізика	61	0	5	2.0
433	Математичне моделювання	143	1	8	4.0
434	Математичне сподівання	293	1	24	9.0
435	Математичний аналіз	355	2	43	10.0
436	Матриця (математика)	491	4	37	15.5
437	Матриця суміжності	51	0	4	1.0
438	Машина Тюрінга	222	2	14	7.0
439	Медаль Філдса	87	0	9	3.0
440	Медіана (статистика)	627	6	38	19.0
441	Мероморфна функція	16	0	2	1.0
442	Метаматематика	10	0	2	0.0
443	Метамова	39	0	6	1.0
444	Метод Гауса	123	0	16	3.0
445	Метод Гауса — Жордана	35	0	7	1.0
446	Метод головних компонент	113	0	11	3.0
447	Метод групового урахування аргументів	23	0	3	1.0
448	Метод максимальної правдоподібності	72	0	6	2.0
449	Метод матриць переходу	9	0	2	0.5
450	Метод Монте-Карло	217	2	16	6.5
451	Метод невизначених множників	24	0	4	0.0
452	Метод Ньютона	115	0	9	3.5
453	Метод скінченних різниць	36	0	4	1.0
454	Метричний простір	84	0	7	2.0
455	Метричний тензор	44	0	5	1.0
456	Механіка Гамільтона	30	0	3	1.0
457	Мимобіжні прямі	114	0	7	3.5
458	Міжнародна математична олімпіада	103	0	17	3.0
459	Мінімальна довжина повідомлення	1	0	1	0.0
460	Мінімізація булевих функцій за допомоги дужкових форм	3	0	1	0.0
461	Міра множини	57	0	6	1.0
462	Міра Хаара	4	0	2	0.0
463	Многовид	54	0	5	2.0
464	Многогранник	76	0	9	2.0
465	Многокутник	230	2	14	7.5
466	Многочлен	430	6	24	13.0
467	Множення	364	4	25	10.0
468	Множина	612	8	35	17.0
469	Мода (статистика)	254	2	21	7.0
470	Модель Барабаші — Альберт	12	0	2	0.0
471	Модель Блека — Шоулза	45	0	6	1.0
472	Модуль (математика)	446	4	24	14.5
473	Модуль над кільцем	33	0	5	1.0
474	Модульна арифметика	116	0	9	3.0
475	Модулярна форма	21	0	8	0.0
476	Мультиіндекс	1	0	1	0.0
477	Мультимножина	12	0	2	1.0
478	Найбільше відоме просте число	228	1	13	7.0
479	Найбільший спільний дільник	342	1	31	9.5
480	Найменше спільне кратне	516	5	32	14.5
481	Накриття (топологія)	9	0	2	0.0
482	Напівмартингал	0	0	0	0.0
483	Нат (одиниця вимірювання)	24	0	3	1.0
484	Натуральні числа	1562	26	75	48.5
485	Начала Евкліда	44	0	5	1.0
486	Нго Бао Чау	9	0	3	0.0
487	Невластивий інтеграл	2	0	2	0.0
488	Недетермінований скінченний автомат	15	0	5	0.0
489	Неевклідова геометрія	84	0	6	2.0
490	Незалежність (теорія ймовірностей)	30	0	9	1.0
491	Незвідний многочлен	31	0	5	1.0
492	Неімплікація	3	0	1	0.0
493	Нелінійні диференціальні рівняння	6	0	1	0.0
494	Неперервна справа функція з лівосторонніми границями	3	0	1	0.0
495	Неперервна функція	119	0	11	3.0
496	Нерівність	481	6	34	15.0
497	Нерівність Коші — Буняковського	125	0	13	4.0
498	Нерівність трикутника	97	0	13	2.0
499	Нерівність Чебишова	26	0	3	1.0
500	Нескінченність	311	4	20	9.0
501	Нечітка множина	24	0	3	1.0
502	Ніколя Бурбакі	20	0	3	1.0
503	Нільпотентна група	6	0	2	0.0
504	Нім (гра)	37	0	5	1.0
505	Норма (математика)	74	0	6	2.0
506	Норма (теорія полів)	9	0	2	0.0
507	Нормальна підгрупа	16	0	3	0.0
508	Нормальний розподіл	683	7	39	20.5
509	Обернена функція	127	0	12	3.0
510	Обернені тригонометричні функції	212	1	15	6.5
511	Область визначення	392	5	20	12.5
512	Область значень	163	0	14	4.0
513	Область цілісності	12	0	3	0.0
514	Обчислювальна математика	74	0	8	2.0
515	Обчислювана функція	20	0	4	0.0
516	Оґюстен-Луї Коші	80	0	23	1.0
517	Одностороння функція	19	0	3	1.0
518	Окіл	45	0	4	1.0
519	Омар Хайям	727	14	43	21.5
520	Оператор Лапласа	103	0	10	3.0
521	Оптимізація (математика)	97	0	9	3.0
522	Оптимум Парето	100	0	9	2.0
523	Опукла комбінація	7	0	1	0.0
524	Опукла множина	21	0	2	1.0
525	Опукла функція	43	0	4	1.0
526	Ортогональна матриця	55	0	6	2.0
527	Ортогональність	108	0	7	3.0
528	Ортонормований базис	28	0	6	1.0
529	Оскар Зарицький	6	0	1	0.0
530	Основна теорема алгебри	86	0	7	2.0
531	Основна теорема арифметики	67	0	6	2.0
532	Оцінка апостеріорного максимуму	20	0	3	0.0
533	Оцінка густини	28	0	5	1.0
534	П'єр Рене Делінь	8	0	2	0.0
535	П'єр Ферма	105	0	32	2.0
536	П'єр-Симон Лаплас	91	0	7	2.5
537	П'ятикомірник	7	0	2	0.0
538	Пал Ердеш	36	0	4	1.0
539	Парабола	280	2	20	9.0
540	Парадокс Банаха — Тарського	69	0	6	2.0
541	Парадокс Расселла	103	0	8	3.0
542	Паралельність	150	0	9	4.5
543	Параметр	120	0	12	3.0
544	Переважне приєднання	10	0	2	0.0
545	Перевірка відношенням правдоподібностей	24	0	8	0.0
546	Перевірка статистичних гіпотез	61	0	8	1.5
547	Перельман Григорій Якович	533	3	45	15.0
548	Перестановка	134	1	11	4.0
549	Перетворення Гільберта	13	0	2	0.0
550	Перетворення Лапласа	97	0	12	2.0
551	Перетворення Фур'є	196	1	14	5.5
552	Перетин множин	116	0	18	3.0
553	Перехресна ентропія	32	0	3	1.0
554	Перехресна перевірка	42	0	6	1.0
555	Периметр	175	1	12	5.0
556	Періодична функція	83	0	6	2.0
557	Періодичний стан	3	0	1	0.0
558	Підмножина	153	1	13	4.0
559	Піднесення до степеня	771	14	44	23.0
560	Підстановка	7	0	2	0.0
561	Піфагор	511	7	25	16.0
562	Планування експерименту	148	0	13	4.0
563	Площа	1131	20	56	34.0
564	Площа поверхні	22	0	2	1.0
565	Площина	171	1	15	5.0
566	Поверхневий інтеграл	39	0	8	1.0
567	Поверхня	104	0	7	3.0
568	Повний метричний простір	21	0	3	1.0
569	Подвійні числа	29	0	4	0.5
570	Подільність	63	0	7	2.0
571	Позиційні системи числення	131	0	11	4.0
572	Показникова функція	222	1	14	7.0
573	Пол Джозеф Коен	19	0	4	1.0
574	Поле (алгебра)	68	0	6	2.0
575	Поле Галуа	69	0	7	2.0
576	Поліноми Ерміта	31	0	7	1.0
577	Поль Дірак	97	0	34	2.0
578	Полюс (комплексний аналіз)	20	0	2	1.0
579	Полярна система координат	187	0	15	5.0
580	Помилки першого і другого роду	117	0	41	2.5
581	Порядкове число	24	0	5	0.0
582	Послідовність	124	0	15	3.0
583	Послідовність Фібоначчі	724	12	56	20.5
584	Потужність множини	120	1	9	3.0
585	Похибки та залишки	60	0	6	1.5
586	Похідна	719	10	42	21.5
587	Правило висновування	20	0	4	0.0
588	Правило Лопіталя	82	0	11	2.0
589	Правильний многокутник	151	1	11	4.0
590	Правильний трикутник	461	5	23	14.0
591	Представлення групи	8	0	2	0.0
592	Приблизне баєсове обчислення	51	0	10	1.0
593	Прикладна математика	417	2	31	12.0
594	Принцип детальної рівноваги	3	0	2	0.0
595	Принцип Діріхле	95	0	6	3.0
596	Принцип максиміну	4	0	1	0.0
597	Припущення	80	0	9	2.0
598	Прискорення	575	4	33	16.5
599	Пристосованість (статистика)	17	0	3	0.0
600	Проблема зупинки	36	0	4	1.0
601	Проблема чотирьох фарб	71	0	10	1.0
602	Проблеми Гільберта	97	0	9	3.0
603	Проективна геометрія	31	0	6	1.0
604	Проективний простір	17	0	2	1.0
605	Проста група	8	0	2	0.0
606	Просте число	943	14	49	28.5
607	Простий ідеал	6	0	1	0.0
608	Простір Мінковського	57	0	6	2.0
609	Простір Шварца	10	0	4	0.0
610	Простір Lp	57	0	6	1.5
611	Просторово-часовий інтервал	52	0	6	2.0
612	Протокол узгодження ключів	8	0	3	0.0
613	Процес Леві	4	0	1	0.0
614	Пряма	309	3	49	9.0
615	Пряма секретність	29	0	5	1.0
616	Прямий кут	148	0	9	5.0
617	Прямокутний трикутник	2118	33	106	65.0
618	Псевдотріангуляція	3	0	1	0.0
619	Пучок (математика)	5	0	1	0.0
620	Радіальна базисна функція	15	0	2	1.0
621	Радіан	342	1	22	11.0
622	Радіус	476	6	31	15.0
623	Раціональна функція	24	0	3	1.0
624	Раціональні числа	682	11	37	20.0
625	Регістр зсуву з лінійним зворотним зв'язком	19	0	4	1.0
626	Регресійний аналіз	244	1	20	7.5
627	Регуляризація (математика)	34	0	6	1.0
628	Рене Декарт	522	7	25	16.5
629	Рене Том	14	0	3	0.0
630	Рерайтинг (математика)	3	0	1	0.0
631	Римська система числення	2639	48	113	86.5
632	Рівність класів P і NP	124	1	12	3.5
633	Рівновага Неша	111	0	9	3.0
634	Рівномірна збіжність	22	0	4	1.0
635	Рівномірна обмеженість	2	0	1	0.0
636	Рівностепенева неперервність	18	0	2	1.0
637	Рівняння	244	1	16	8.0
638	Рівняння Дірака	57	0	9	1.0
639	Рівняння конвекції-дифузії	30	0	4	1.0
640	Рівняння Лапласа	35	0	4	1.0
641	Рівняння Максвелла	188	0	22	4.0
642	Рівняння Нав'є — Стокса	202	0	12	6.5
643	Рівняння Пелля	11	0	1	1.0
644	Рівняння Смолюховського	5	0	2	0.0
645	Рівняння теплопровідності	60	0	8	2.0
646	Рівняння Фоккера-Планка	17	0	5	0.0
647	Рівняння Чепмена — Колмогорова	6	0	1	0.0
648	Рівняння четвертого степеня	102	0	11	2.0
649	Рівняння Шредінгера	208	1	17	6.0
650	Ріманова поверхня	23	0	4	1.0
651	Ріхард Дедекінд	11	0	2	0.0
652	Річард Евен Борхердс	4	0	1	0.0
653	Роджер Пенроуз	41	0	6	1.0
654	Розбиття множини	27	0	11	0.0
655	Розв'язна група	15	0	3	0.5
656	Роздрібнена множина	9	0	4	0.0
657	Розмірність простору	61	0	5	2.0
658	Розподіл ймовірностей	210	1	24	6.5
659	Розподіл Коші	30	0	5	1.0
660	Розподіл Пуассона	104	0	7	4.0
661	Розподіл хі-квадрат	48	0	5	2.0
662	Розфарбовування ребер	7	0	2	0.0
663	Розходження Кульбака — Лейблера	28	0	4	1.0
664	Розширений фільтр Калмана	16	0	3	1.0
665	Розширення поля	15	0	3	1.0
666	Рональд Фішер	21	0	2	1.0
667	Ряд (математика)	118	0	11	3.0
668	Ряд Тейлора	225	1	18	7.0
669	Ряд Фур'є	259	1	29	7.0
670	Саймон Дональдсон	30	0	26	0.0
671	Середнє арифметичне	481	6	28	15.0
672	Середнє значення	253	1	16	8.0
673	Сигма-алгебра	32	0	4	1.0
674	Символ Кронекера	33	0	3	1.0
675	Символ Похгаммера	11	0	3	0.0
676	Симетрична група	27	0	3	1.0
677	Симетрія	268	3	15	8.0
678	Симетрія в математиці	32	0	5	1.0
679	Симплекс	69	0	9	2.0
680	Симплекс-метод	68	0	11	2.0
681	Сингулярний розклад матриці	100	0	17	2.0
682	Сингулярні гомології	2	0	1	0.0
683	Система координат	367	3	25	9.5
684	Система лінійних алгебраїчних рівнянь	209	1	16	6.0
685	Система числення	333	3	20	10.0
686	Сімеон-Дені Пуассон	20	0	3	0.0
687	Скаляр	165	1	11	5.0
688	Скалярний добуток	334	1	26	10.0
689	Скінченна множина	47	0	4	2.0
690	Скінченні різниці	16	0	3	0.0
691	Складано-ножева перевибірка	16	0	2	1.0
692	Складене число	190	1	15	5.0
693	Соломон Лефшец	6	0	2	0.0
694	Спектральна теорема	6	0	2	0.0
695	Спеціальна теорія відносності	256	1	21	7.0
696	Список математичних категорій	32	0	8	1.0
697	Список тригонометричних тотожностей	328	4	20	11.0
698	Спільна ентропія	4	0	1	0.0
699	Спінор	19	0	3	0.0
700	Спліт-кватерніони	15	0	3	0.0
701	Спрямований ациклічний граф	50	0	5	1.0
702	Срініваса Рамануджан	308	2	19	9.0
703	Стандартна модель	98	0	8	3.0
704	Стандартне відхилення	923	12	57	28.5
705	Статистика	727	7	56	22.5
706	Статистична дисперсія	92	1	9	2.0
707	Статистична значущість	286	3	19	9.0
708	Статистична механіка	24	0	6	0.0
709	Статистичне висновування	52	0	6	1.0
710	Стаціонарна точка	33	0	4	1.0
711	Степеневий ряд	39	0	6	1.0
712	Степінь трансцендентності	2	0	1	0.0
713	Стефан Банах	237	1	49	5.0
714	Стівен Смейл	9	0	2	0.0
715	Стохастична гра	5	0	1	0.0
716	Стохастична матриця	7	0	2	0.0
717	Стохастична модель	19	0	5	1.0
718	Стохастичне числення Іто	10	0	2	0.0
719	Сума	493	6	28	16.0
720	Сфера	264	2	20	8.0
721	Сфера Рімана	18	0	4	0.0
722	Сферична система координат	98	0	8	3.0
723	Сюр'єкція	70	0	6	2.0
724	Таблиця множення	360	3	23	12.0
725	Теза Черча — Тюрінга	13	0	3	0.0
726	Тензорний добуток	31	0	5	1.0
727	Теорема	189	2	15	5.0
728	Теорема Асколі — Арцела	11	0	4	0.0
729	Теорема Баєса	306	3	16	9.0
730	Теорема Банаха про нерухому точку	17	0	2	1.0
731	Теорема Гамільтона — Келі	17	0	3	1.0
732	Теорема Гана — Банаха	22	0	3	0.5
733	Теорема Кантора	33	0	4	1.0
734	Теорема косинусів	559	6	32	18.0
735	Теорема Лагранжа	115	0	12	4.0
736	Теорема Лагранжа (теорія груп)	16	0	2	1.0
737	Теорема Льовенгейма — Сколема	5	0	1	0.0
738	Теорема Піфагора	3239	59	170	101.0
739	Теорема про планарне розбиття	17	0	4	1.0
740	Теорема про розподіл простих чисел	26	0	4	1.0
741	Теорема Рамсея	21	0	2	1.0
742	Теорема Рімана — Роха	7	0	2	0.0
743	Теорема синусів	249	2	17	7.0
744	Теорема Скорохода про вкладення	4	0	2	0.0
745	Теорема Стокса	51	0	6	1.5
746	Теореми Веєрштраса у банахових просторах	4	0	2	0.5
747	Теореми Геделя про неповноту	173	1	12	5.0
748	Теореми про ізоморфізми	11	0	3	0.0
749	Теоретична інформатика	43	0	4	1.0
750	Теорія алгоритмів	135	0	12	4.0
751	Теорія Вапника — Червоненкіса	11	0	4	0.0
752	Теорія випадкових процесів	17	0	3	0.0
753	Теорія відносності	808	16	40	26.0
754	Теорія Галуа	34	0	7	1.0
755	Теорія графів	236	2	15	7.0
756	Теорія груп	67	0	7	2.0
757	Теорія ігор	415	6	27	12.0
758	Теорія інваріантів	17	0	2	1.0
759	Теорія інформації	175	0	17	5.0
760	Теорія ймовірностей	745	8	43	22.5
761	Теорія категорій	70	0	6	2.0
762	Теорія керування	80	0	11	2.0
763	Теорія кодування	44	0	8	1.0
764	Теорія масового обслуговування	41	0	4	1.0
765	Теорія мереж	20	0	3	0.0
766	Теорія множин	177	0	13	5.0
767	Теорія множин Цермело — Френкеля	51	0	11	1.0
768	Теорія наближень	10	0	2	0.0
769	Теорія обчислюваності	15	0	2	0.0
770	Теорія порядку	21	0	3	1.0
771	Теорія представлень	9	0	2	0.0
772	Теорія Серфа	1	0	1	0.0
773	Теорія складності обчислень	86	0	6	2.0
774	Теорія статистичного навчання	6	0	1	0.0
775	Теорія хаосу	291	4	17	8.0
776	Теорія чисел	132	0	11	4.0
777	Теплокарта	18	0	3	0.0
778	Теренс Тао	34	0	3	1.0
779	Тесеракт	249	1	18	7.0
780	Тімоті Гауерс	7	0	2	0.0
781	Топологічна група	35	0	10	1.0
782	Топологічний векторний простір	0	0	0	0.0
783	Топологічний простір	48	0	5	1.0
784	Топологія	198	0	12	6.0
785	Топологія Зариського	10	0	4	1.0
786	Тотожне відображення	26	0	3	1.0
787	Тотожність	335	4	19	11.0
788	Тотожність Ейлера	56	0	7	1.0
789	Точка	201	0	14	6.5
790	Точність до	6	0	1	0.0
791	Трансцендентне число	49	0	6	1.0
792	Трапеція	875	15	49	26.5
793	Тривимірний опис об'єкта	97	0	7	2.5
794	Тригонометричні функції	1412	28	69	40.0
795	Тригонометрія	248	1	17	8.0
796	Трикутник	950	12	55	30.0
797	Трикутник Рело	108	0	26	2.0
798	Тріангуляція (геометрія)	29	0	4	1.0
799	Узагальнена функція	15	0	2	0.0
800	Умови Коші — Рімана	17	0	4	0.0
801	Умовна ентропія	26	0	3	1.0
802	Умовне математичне сподівання	7	0	2	0.0
803	Уявна одиниця	110	0	10	3.0
804	Фазовий простір	16	0	3	0.0
805	Факторгрупа	24	0	6	1.0
806	Факторизація	88	0	19	2.0
807	Факторпростір	4	0	1	0.0
808	Фелікс Гаусдорф	5	0	2	0.0
809	Фелікс Кляйн	24	0	3	1.0
810	Фібоначчі	297	3	16	9.5
811	Фізика	964	16	46	29.0
812	Філософія математики	35	0	5	1.0
813	Фільтр Калмана	79	0	7	2.0
814	Формальний степеневий ряд	22	0	5	1.0
815	Формула	104	1	7	3.0
816	Формула Гауса — Бонне	7	0	2	0.0
817	Формула Ейлера	171	0	11	5.0
818	Формула Муавра	59	0	5	2.0
819	Формула Ньютона — Лейбніца	103	0	9	3.0
820	Формула Остроградського	91	0	9	3.0
821	Формула повної ймовірності	79	0	7	2.0
822	Формула Фейнмана — Каца	5	0	1	0.0
823	Фрактал	1625	13	128	47.5
824	Фрактальна розмірність	20	0	4	1.0
825	Франсуа Вієт	59	0	5	2.0
826	Фундаментальна група	7	0	2	0.0
827	Фундаментальна послідовність	27	0	6	1.0
828	Функтор	16	0	2	0.0
829	Функції Бесселя	35	0	5	1.0
830	Функціональна похідна	12	0	2	0.5
831	Функціональний аналіз	92	0	10	2.0
832	Функціональний ряд	57	0	9	1.0
833	Функція (математика)	619	6	38	18.0
834	Функція внеску	14	0	4	0.0
835	Функція Ейлера	84	0	7	3.0
836	Функція Мебіуса	22	0	3	1.0
837	Функція правдоподібності	58	0	15	1.0
838	Функція розподілу (статистична фізика)	1	0	1	0.0
839	Функція розподілу ймовірностей	149	0	11	4.5
840	Характер представлення групи	2	0	1	0.0
841	Характеристика Ейлера	23	0	8	1.0
842	Характеристична функція	18	0	3	0.0
843	Хвильове рівняння	23	0	4	1.0
844	Хеш-функція	288	1	20	9.0
845	Хроматичне число	15	0	3	0.0
846	Центральна гранична теорема	68	0	9	2.0
847	Центральний момент	15	0	2	1.0
848	Циклічний підклас	0	0	0	0.0
849	Циліндрична система координат	33	0	5	1.0
850	Цифри	920	12	41	29.0
851	Ціла функція	10	0	2	0.0
852	Цілі числа	519	7	27	16.0
853	Цілком впорядкована множина	8	0	1	0.0
854	Цілком неперервний оператор	5	0	2	0.0
855	Чарлз Сандерс Пірс	43	0	5	1.0
856	Час	660	12	30	20.5
857	Часова область	27	0	4	0.0
858	Часовий ряд	100	0	10	3.0
859	Часткова похідна	90	0	11	2.0
860	Частково впорядкована множина	49	0	5	1.0
861	Частота події	10	0	4	0.0
862	Чезаре Арцела	2	0	1	0.0
863	Чисельне інтегрування	44	0	7	1.0
864	Чисельні методи	285	0	32	7.0
865	Числа Бернуллі	53	0	8	2.0
866	Числення висловлень	42	0	6	1.0
867	Число	532	8	29	16.0
868	Число пі	2270	52	124	68.0
869	Чиста математика	28	0	5	1.0
870	Чотири арифметичні дії	830	6	79	23.0
871	Шарль Ерміт	16	0	4	0.0
872	Швидке перетворення Фур'є	95	0	9	2.5
873	Швидкість	741	11	49	22.0
874	Шинтан Яу	23	0	3	1.0
875	Шифр	57	0	5	2.0
876	Шифрування	207	2	14	6.0
877	Шіінг-Шен Черн	11	0	3	0.0
878	Шістнадцяткова система числення	403	5	22	13.5
879	Шлях (теорія графів)	23	0	4	1.0
880	Щербина Марія Володимирівна	12	0	2	1.0
881	Якобіан	32	0	4	1.0
882	Co-NP	4	0	1	0.0
883	E (число)	701	13	60	20.0
884	EXPTIME	2	0	1	0.0
885	Gnuplot	13	0	3	0.0
886	Hashcash	15	0	2	1.0
887	Maple	39	0	4	1.0
888	Mathematica	56	0	6	2.0
889	MathML	30	0	4	1.0
890	NP-повна задача	75	0	10	2.0
891	NP-складна задача	36	0	3	1.0
892	PCP-теорема	2	0	1	0.0
893	T-критерій Стьюдента	290	3	20	8.0
894	T-розподіл Стьюдента	69	0	6	2.0
