1	Аврора біла	44	0	3	1.0
2	Аґапантіїні	5	0	2	0.0
3	Аґапантія	6	0	1	0.0
4	Акантоліда жовтоголова	10	0	3	0.0
5	Акантоліда сланцева	10	0	3	1.0
6	Акарапідоз	24	0	3	1.0
7	Акариформні кліщі	21	0	3	1.0
8	Акарициди	81	0	8	2.0
9	Акарологія	29	0	3	1.0
10	Американський білий метелик	221	0	30	5.5
11	Анадримадуза Ретовського	26	0	4	1.0
12	Анатомія комах	139	0	14	4.0
13	Андрена велика	18	0	2	1.0
14	Андрена золотонога	11	0	2	1.0
15	Андрена ошатна	10	0	2	0.0
16	Андрена степова	6	0	1	0.5
17	Андрена червоноплямиста	7	0	1	1.0
18	Андреніди	24	0	5	1.0
19	Аністиди	7	0	2	0.0
20	Аноплій самарський	64	0	5	2.0
21	Антени (біологія)	42	0	6	1.0
22	Антофора коренаста	18	0	2	1.0
23	Антофора чорновійчаста	7	0	1	0.0
24	Апростема Карпентера	8	0	2	0.0
25	Апростема Пелетьє	8	0	2	0.0
26	Аранеоморфні	33	0	5	1.0
27	Арахнологія	92	0	23	2.0
28	Аргасові кліщі	55	0	6	2.0
29	Арге Беккера	15	0	3	1.0
30	Арге Фрівальдського	7	0	3	0.5
31	Аргіопа тигрова	12191	129	1201	329.5
32	Артроплевра	74	0	18	1.5
33	Архіметаболія	5	0	2	0.0
34	Архостемати	4	0	1	0.0
35	Аскалаф строкатий	13	0	2	1.0
36	Аскалафові	2	0	1	0.0
37	Афелінус	5	0	1	0.0
38	Африканізована бджола	45	0	6	1.5
39	Бабка перев'язана	43	0	4	1.0
40	Бабки	717	12	37	22.0
41	Багатозв'яз гірський український	15	0	2	1.0
42	Барвниця грушева	26	0	3	1.0
43	Бджола (геральдика)	42	0	9	1.0
44	Бджола (рід)	167	0	13	5.0
45	Бджола велика	30	0	3	1.0
46	Бджола східна	13	0	4	1.0
47	Бджола-муляр Лефебвра	14	0	2	0.0
48	Бджоли	1299	27	71	39.0
49	Бджолині	57	0	6	1.0
50	Бджоловидка	12	0	2	1.0
51	Бджоловидка звичайна	42	0	8	1.0
52	Бджоловидка лісова	6	0	1	0.0
53	Безвусикові	5	0	1	0.0
54	Бей-Бієнко Григорій Якович	32	0	4	1.0
55	Білан брукв'яний	28	0	3	1.0
56	Білан гірський	14	0	2	1.0
57	Білан жилкуватий	39	0	6	1.0
58	Білан капустяний	123	0	12	3.0
59	Білан ріпаковий	34	0	4	1.0
60	Біланові	24	0	4	1.0
61	Білокрилки	37	0	7	1.0
62	Білюх ріпаковий	0	0	0	0.0
63	Білюх степовий	23	0	3	1.0
64	Білюшок гірчичник	20	0	3	1.0
65	Білюшок Дюпоншеля	15	0	3	1.0
66	Білюшок Морзе	11	0	2	1.0
67	Бірміт	20	0	3	1.0
68	Бірроїдні	3	0	1	0.0
69	Бластобазиди	26	0	25	0.0
70	Блискітники	5	0	1	0.0
71	Блідий луговий метелик	11	0	2	1.0
72	Блідонога садова мурашка	14	0	2	0.5
73	Блішка бурякова звичайна	46	0	7	2.0
74	Блішка бурякова південна	21	0	3	1.0
75	Блішка льонова синя	30	0	4	1.0
76	Блішка смугаста хлібна	33	0	5	1.0
77	Блішки лляні	5	0	1	0.0
78	Блохи	1875	38	106	56.0
79	Богомол звичайний	4623	59	219	151.5
80	Богомоли	3184	36	170	101.0
81	Богомольчик Гельдрейха	25	0	6	1.0
82	Богомольчик кримський	152	0	18	5.0
83	Боліварія короткокрила	95	0	8	3.0
84	Больбелязм однорогий	10	0	2	0.0
85	Борошнистий червець	17	0	3	0.0
86	Борошнисті червеці	48	0	7	2.0
87	Борошняний кліщ	54	0	11	1.0
88	Бражник дубовий	83	0	7	2.0
89	Бражник карликовий	12	0	2	0.0
90	Бражник Комарова	6	0	1	0.0
91	Бражник Маака	2	0	1	0.0
92	Бражник мертва голова	241	3	16	7.0
93	Бражник олеандровий	74	0	6	3.0
94	Бражник очкастий	120	0	13	3.0
95	Бражник південний молочайний	36	0	3	1.0
96	Бражник підмаренниковий	95	0	9	2.0
97	Бражник прозерпіна	76	0	5	3.0
98	Бражник скабіозовий	16	0	2	1.0
99	Бражник тополевий	84	0	9	2.0
100	Бражник тютюновий	68	0	28	1.0
101	Бражник хорватський	29	0	3	1.0
102	Бражникові	912	9	136	25.5
103	Браконіди	11	0	3	0.0
104	Брахіцерус зморшкуватий	8	0	1	0.0
105	Бренівкові	20	0	4	1.0
106	Бронзівка волохата	61	0	5	2.0
107	Бронзівка гладка	64	0	6	2.0
108	Бронзівка мармурова	22	0	3	1.0
109	Бронзівка особлива	24	0	3	1.0
110	Бронзівки	38	0	3	1.0
111	Бронтоскорпіо	5	0	1	0.0
112	Букарка	38	0	6	1.0
113	Бупрестоїдні	2	0	1	0.0
114	Буравниця борщевична	29	0	4	1.0
115	Буряковий довгоносик-стеблоїд	37	0	4	1.0
116	Ванесса чорно-руда	34	0	5	1.0
117	Ведмедиці	51	0	14	1.0
118	Ведмедиця велика	53	0	7	1.0
119	Ведмедиця Геба	24	0	3	1.0
120	Ведмедиця Гера	37	0	4	1.0
121	Ведмедиця кайя	95	0	30	1.0
122	Ведмедиця-господиня	14	0	3	0.0
123	Велетенський мурашиний лев західний	12	0	2	1.0
124	Великий в'язовий заболонник	36	0	8	1.0
125	Великокрильці	5	0	1	0.0
126	Веслокрилі	4	0	1	0.0
127	Веснянка велика	52	0	20	1.0
128	Веснянки (комахи)	39	0	9	1.0
129	Віллі Хенніг	8	0	2	0.0
130	Вільгельм Фердинанд Еріхсон	0	0	0	0.0
131	Віялокрилі	19	0	5	1.0
132	Вовчок звичайний	510	7	36	15.0
133	Вогнівка акацієва	9	0	2	0.0
134	Вогнівка інжирна	53	0	5	2.0
135	Вогнівка яблунева	23	0	5	1.0
136	Вогнівки	43	0	4	1.0
137	Вогнівки-трав'янки	11	0	4	0.0
138	Водомірки	127	1	14	3.0
139	Водяні скорпіони	53	0	5	2.0
140	Волохокрилець звичайний	6	0	2	0.0
141	Волохокрильці	62	0	24	1.0
142	Воші	1907	40	82	58.5
143	Всеїдні жуки	11	0	2	0.0
144	Вузьконадкрил	3	0	2	0.0
145	Вузьконадкрил рудий	3	0	1	0.5
146	Вусач дубовий	18	0	2	1.0
147	Вусач дубовий великий західний	77	1	10	2.0
148	Вусач дубовий малий	44	0	7	1.0
149	Вусач земляний Мокржецького	15	0	5	1.0
150	Вусач ліщиновий	46	0	6	1.0
151	Вусач пахучий	8	0	3	0.0
152	Вусач пахучий мускусний	67	0	6	1.0
153	Вусач сірий кленовий	43	0	7	1.0
154	Вусач-великозуб оленерогий	11	0	2	1.0
155	Вусач-коренеїд	12	0	2	1.0
156	Вусач-коренеїд елегантний	19	0	5	1.0
157	Вусач-коренеїд кримський	1	0	1	0.0
158	Вусач-коренеїд хрестоносець	28	0	5	1.0
159	Вусач-пурпуронадкрил Келера	2	0	1	0.0
160	Вусач-стенокор дубовий	3	0	2	0.0
161	Вусач-титан	5	0	2	0.0
162	Вусач-титан велетенський	15	0	2	0.0
163	Вусач-товстун	1	0	1	0.0
164	Вусач-товстун вербовий	12	0	2	0.0
165	Вусачик-акмеопс	1	0	1	0.0
166	Вусачик-акмеопс семикрапковий	16	0	3	1.0
167	Вусачі	197	0	14	5.5
168	Вусачі Українських Карпат	29	0	3	1.0
169	Вуховертка звичайна	260	3	17	7.5
170	Вуховертки	75	0	9	2.0
171	Гал (біологія)	215	0	95	3.0
172	Галеруцини	6	0	1	0.0
173	Галиці	19	0	4	1.0
174	Галиця виноградна	17	0	3	1.0
175	Галиця вічкова	15	0	3	1.0
176	Галиця пагонова смородинова	12	0	2	1.0
177	Галиця плодова грушева	8	0	2	1.0
178	Гармонія азійська	75	0	9	2.0
179	Гарячка паппатачі	43	0	6	1.0
180	Гемолімфа	68	0	5	2.0
181	Гемоціанін	45	0	6	1.0
182	Гігантський азійський шершень	236	3	18	6.5
183	Гілл-топпінг	10	0	2	0.0
184	Гіляров Меркурій Сергійович	12	0	3	0.0
185	Гіперметаморфоз	0	0	0	0.0
186	Гірняк Евриала	22	0	4	1.0
187	Гірняк полонинець	18	0	3	0.5
188	Гірняк Проноя	16	0	3	1.0
189	Гірняк темнорудий	12	0	3	1.0
190	Гниди	568	9	28	17.0
191	Гнойовик звичайний	75	0	8	2.0
192	Гнус	332	4	26	10.5
193	Голова комах	26	0	3	1.0
194	Головогруди	24	0	3	1.0
195	Головотрубка	2	0	1	0.0
196	Головчак Актеон	10	0	2	1.0
197	Головчак Андромеда	13	0	2	1.0
198	Головчак великий рожаний	16	0	2	1.0
199	Головчак гратчастий	11	0	2	1.0
200	Головчак жилкуватий	16	0	3	0.5
201	Головчак карчоховий	9	0	2	1.0
202	Головчак кома	11	0	2	0.0
203	Головчак крокісовий	9	0	2	1.0
204	Головчак кружало	10	0	2	1.0
205	Головчак лісовий	16	0	3	1.0
206	Головчак мальвовий	12	0	2	1.0
207	Головчак мозаїчний	12	0	2	1.0
208	Головчак Морфей	13	0	2	1.0
209	Головчак Палемон	9	0	2	1.0
210	Головчак поцяткований	12	0	3	1.0
211	Головчак Прото	9	0	2	1.0
212	Головчак серпійний	5	0	2	0.0
213	Головчак сида	11	0	3	1.0
214	Головчак строкатий	9	0	2	1.0
215	Головчак східний	11	0	2	0.0
216	Головчак Таґес	6	0	2	0.0
217	Головчак тире	7	0	2	0.0
218	Головчак французький	7	0	2	0.5
219	Головчак чистецевий	9	0	2	0.5
220	Головчак-лісовик	7	0	2	0.5
221	Головчаки	7	0	2	0.0
222	Голометабола	20	0	3	1.0
223	Горохова попелиця	20	0	3	1.0
224	Гохгут Йоганн Хайнріх	9	0	6	0.0
225	Гребенников Віктор Степанович	20	0	3	1.0
226	Грибоподібні тіла	2	0	1	0.0
227	Грилоблатиди	7	0	2	0.0
228	Груди комах	15	0	2	0.0
229	Губоногі	69	0	7	2.0
230	Гусениця	270	2	15	9.0
231	Густав Майр	1	0	1	0.0
232	Ґедзі	951	11	79	28.0
233	Ґедзь бичачий	119	0	8	4.0
234	Давньокрилі	17	0	2	1.0
235	Данаєць Хрисипп	15	0	2	1.0
236	Данилевський Олександр Сергійович	18	0	4	0.0
237	Двокрилі	123	0	10	3.0
238	Двопарноногі багатоніжки	30	0	5	1.0
239	Двопорі	3	0	1	0.0
240	Дендрометріни	1	0	1	0.0
241	Деревинник дубовий	40	0	10	1.0
242	Деревний богомол закавказький	131	1	12	4.0
243	Джміль	724	12	40	22.5
244	Джміль альпійський	2	0	1	0.0
245	Джміль золотисто-підперезаний	6	0	1	0.0
246	Джміль мінливий	7	0	2	0.0
247	Джміль полярний	8	0	2	0.0
248	Джон Обадія Вествуд	2	0	1	0.0
249	Джордж Генрі Горн	0	0	0	0.0
250	Дзвінцеві	44	0	6	1.0
251	Дзюрчалки	83	0	8	2.0
252	Дибка степова	60	0	6	2.0
253	Династес	1	0	1	0.0
254	Династес Мая	2	0	1	0.0
255	Династес титис	1	0	1	0.0
256	Дихальце	10	0	3	0.0
257	Діапауза	22	0	3	1.0
258	Діаприїди	8	0	3	0.5
259	Довговус	3	0	1	0.0
260	Довговусі	30	0	6	1.0
261	Довговусі прямокрилі	25	0	6	0.0
262	Довговуска білоплямиста	9	0	1	1.0
263	Довгоніжка шкідлива	35	0	4	1.0
264	Довгоносик бульбочковий сірий щетинистий	37	0	9	1.0
265	Довгоносик бульбочковий смугастий	30	0	7	1.0
266	Довгоносик буряковий звичайний	59	0	8	1.5
267	Довгоносик візерунковий	19	0	3	1.0
268	Довгоносик грушевий листковий	18	0	2	1.0
269	Довгоносик двокільовий	16	0	3	1.0
270	Довгоносик землистий	16	0	2	1.0
271	Довгоносик комірний	428	4	28	13.5
272	Довгоносик ліщиновий	41	0	3	2.0
273	Довгоносик малиново-суничний	28	0	4	1.0
274	Довгоносик рисовий	33	0	5	1.0
275	Довгоносик сірий бруньковий	14	0	4	1.0
276	Довгоносик сірий буряковий	17	0	3	1.0
277	Довгоносик стебловий	14	0	2	1.0
278	Довгоносики	145	0	11	4.0
279	Довгоносикоподібні	24	0	4	1.0
280	Дозорець-імператор	54	0	5	2.0
281	Домашній чорний павук	413	5	27	13.0
282	Дріофториди	1	0	1	0.0
283	Дрозофіла чорночерева	189	0	16	6.0
284	Дрозофіли	482	6	35	14.5
285	Дукачик блакитнуватий	9	0	2	1.0
286	Дукачик бурий	10	0	2	1.0
287	Дукачик ватрак	10	0	1	1.0
288	Дукачик непарний	12	0	3	0.0
289	Дукачик обочень	10	0	2	0.5
290	Дукачик Терсамон	21	0	3	1.0
291	Дукачик фіялковий	10	0	2	1.0
292	Дядечко Микола Платонович	20	0	2	1.0
293	Евцера вірменська	3	0	1	0.0
294	Евцера далматська	9	0	2	1.0
295	Ейлія іржава	14	0	2	1.0
296	Екдізон	4	0	2	0.0
297	Екологія комах	55	0	6	1.0
298	Елія гостроголова	13	0	3	0.0
299	Ембії	12	0	2	0.5
300	Емпуза	16	0	3	1.0
301	Емпуза піщана	81	1	6	2.0
302	Емпуза смугаста	110	0	11	3.0
303	Емпузові	8	0	2	0.0
304	Ентомологічна зброя	37	0	6	1.0
305	Ентомологічний сачок	4	0	1	0.0
306	Ентомологія	231	2	16	7.0
307	Ентомохорія	4	0	2	0.0
308	Ентоцид (Метаризин)	161	2	15	4.0
309	Еребіди	4	0	2	0.0
310	Ернст Людвиг Ташенберг	1	0	1	0.0
311	Євген Йоганн Крістоф Еспер	1	0	1	0.0
312	Жалібниця	43	0	4	1.0
313	Жало (тварин)	150	1	11	4.5
314	Жан Анрі Фабр	23	0	4	1.0
315	Жан Гійом Авдінет-Сервіль	1	0	1	0.0
316	Жирове тіло	36	0	5	1.0
317	Життєвий цикл комах	172	1	12	5.0
318	Жовтюх	5	0	1	0.0
319	Жовтюх альфакарець	11	0	2	1.0
320	Жовтюх осьмак	33	0	18	1.0
321	Жовтюх помаранчик	18	0	2	1.0
322	Жовтюх торфовищний	17	0	2	1.0
323	Жовтюх шапранець	16	0	4	1.0
324	Жужелиця дама	6	0	1	0.0
325	Жужелиця Шеврола	4	0	1	0.0
326	Жук малиновий	64	0	12	2.0
327	Жук музейний	33	0	8	1.0
328	Жук хлібний	82	0	10	2.0
329	Жук-Геркулес	53	0	5	2.0
330	Жук-носоріг європейський	244	3	14	8.0
331	Жук-олень	481	8	24	14.5
332	Жук-самітник	27	0	8	1.0
333	Жуки-бомбардири	42	0	5	1.0
334	Жуки-гнойовики	126	1	9	4.0
335	Жуки-точильники	213	3	11	7.0
336	Жуки-хижаки	20	0	2	1.0
337	Заболонник	7	0	2	0.0
338	Заболонник грабовий	36	0	8	1.0
339	Західна бурякова муха	12	0	3	0.0
340	Західний квітковий трипс	26	0	8	1.0
341	Зегрис Евфема	21	0	3	1.0
342	Зелена цитрусова попелиця	9	0	3	0.5
343	Зеленоочка	14	0	2	1.0
344	Земледухи	455	4	31	14.5
345	Зернова міль	89	0	9	3.0
346	Зерноїд гороховий	45	0	10	2.0
347	Златка блискуча	9	0	2	0.0
348	Златка бронзова дубова	34	0	8	1.0
349	Златка смородинова вузькотіла	32	0	8	1.0
350	Златка чорна	36	0	8	1.0
351	Златки	50	0	6	1.0
352	Знойко Дмитро Васильович	8	0	2	0.0
353	Золотогуз	22	0	3	1.0
354	Золотоочки	60	0	8	2.0
355	Зораптери	8	0	2	0.0
356	Зоряниця Аврора	26	0	4	1.0
357	Зубарик стегнуватий	7	0	3	0.0
358	Зубарик чорнолапий	5	0	1	0.0
359	Іксодові кліщі	257	0	24	7.0
360	Імаго	257	2	15	8.0
361	Інсектициди	371	5	21	11.5
362	Ірис плямистий	133	0	10	4.0
363	Історія диптерології	4	0	1	0.0
364	Їздці	69	0	7	2.0
365	Їздці-іхневмоніди	12	0	2	0.5
366	Йоганн Зігфрід Хуфнагель	0	0	0	0.0
367	Йоганн Ігнац Шіффермюллер	1	0	1	0.0
368	Йоганн Карл Вільгельм Іллігер	5	0	2	0.0
369	Йоганн Каспар Фюсслі	3	0	2	0.0
370	Йоганн Фрідріх Вільгельм Гербст	1	0	1	0.0
371	Казарка (комаха)	42	0	8	1.0
372	Каліфориди	61	0	5	2.0
373	Каптурники	10	0	2	0.0
374	Карадрина	12	0	1	0.0
375	Каракурт	3213	60	191	97.0
376	Карл Пенеке	10	0	1	0.0
377	Касти комах	12	0	3	0.0
378	Катаптерикс кримський	10	0	1	1.0
379	Квіткоїд грушевий	33	0	8	1.0
380	Квіткоїд ріпаковий	27	0	6	1.0
381	Квіткоїд яблуневий	26	0	6	1.0
382	Кененії	19	0	3	1.0
383	Кератофаги	8	0	2	0.0
384	Кержнер Ізяслав Мойсейович	10	0	3	0.0
385	Кириченко Олександр Миколайович	10	0	3	0.0
386	Ківсяки	52	0	6	1.0
387	Кістянки	65	0	5	2.0
388	Клітра	6	0	3	0.0
389	Клітрини	3	0	1	0.0
390	Кліщ собачий	90	0	6	2.0
391	Кліщі	714	12	31	22.0
392	Клоп грушевий	10	0	2	0.0
393	Клоп маврський	13	0	3	0.0
394	Клоп шкідлива черепашка	71	0	6	2.5
395	Клоп щавлевий	16	0	3	0.0
396	Клоп-арлекін	15	0	3	1.0
397	Клопи	1159	23	57	34.5
398	Книжковий скорпіон	70	0	34	1.0
399	Кобилка (Прямокрилі)	30	0	3	1.0
400	Кобилка хрестова	18	0	6	1.0
401	Ковалик смугастий	34	0	6	1.0
402	Ковалики	112	0	12	3.0
403	Коконопряди	15	0	3	1.0
404	Коконопрядоподібні	2	0	2	0.0
405	Колемболи	33	0	4	1.0
406	Колорадський жук	584	10	29	19.0
407	Кольпа Клюге	5	0	1	0.0
408	Комар блискучий	1	0	1	0.0
409	Комар звичайний	439	6	20	14.0
410	Комарик черенковий	13	0	3	0.5
411	Комарі	2275	50	98	69.0
412	Комахи	1454	23	72	44.0
413	Комахи в культурі	48	0	8	1.0
414	Комахозапилення	50	0	6	1.0
415	Коник блакитнокрилий	19	0	4	1.0
416	Коник зелений	685	8	48	21.5
417	Кордулегастер кільчастий	20	0	3	1.0
418	Коренегриз звичайний	24	0	5	1.0
419	Коретра	7	0	2	0.0
420	Корнєєв Валерій Олексійович	44	0	17	0.0
421	Короїд	142	0	11	4.0
422	Короїд зморшкуватий	34	0	6	1.0
423	Короїд непарний багатоїдний	32	0	4	1.0
424	Короїд непарний західний	76	0	16	1.0
425	Короїди	102	0	6	3.0
426	Коромисла	32	0	3	1.0
427	Коромисло (рід)	8	0	2	0.0
428	Коротковусі двокрилі	11	0	2	0.0
429	Коротковусі прямокрилі	25	0	3	1.0
430	Кортодера волохата	2	0	1	0.0
431	Коршунов Юрій Петрович	1	0	1	0.0
432	Косарики (ентомологія)	223	1	30	5.5
433	Косатцеві	28	0	3	1.0
434	Косатці	12	0	5	0.0
435	Косатцюваті	10	0	2	0.0
436	Костянтин Гормузакі	12	0	2	1.0
437	Краброніди	10	0	3	0.0
438	Кравчик-головач	58	0	8	2.0
439	Красновуска Маккара	4	0	1	0.0
440	Красотіл пахучий	34	0	4	1.0
441	Красуня блискуча кримська	19	0	3	1.0
442	Красуня діва	28	0	3	1.0
443	Кривовусі крихітки-молі	15	0	2	1.0
444	Крила комах	49	0	8	1.0
445	Крилаті комахи	42	0	5	1.0
446	Круглошовні мухи	7	0	2	0.0
447	Круліковський Леонід Костянтинович	4	0	1	0.0
448	Крупноголови	2	0	1	0.0
449	Ксєнжопольський Антон Владиславович	13	0	7	0.0
450	Ксилокопа	68	0	8	2.0
451	Ксилокопа звичайна	264	2	42	6.0
452	Ксилокопа райдужна	39	0	5	1.0
453	Ксилокопа фіолетова	157	0	18	4.0
454	Ктир велетенський	20	0	3	1.0
455	Ктир шершенеподібний	29	0	4	1.0
456	Кубіталія чорна	14	0	1	1.0
457	Кукуїформні	4	0	1	0.0
458	Кукуйоїдні	7	0	1	0.0
459	Кутикула безхребетних	29	0	4	1.0
460	Левкоринія білолоба	9	0	3	0.5
461	Легіт березовий	17	0	2	1.0
462	Легіт дубовий	18	0	4	1.0
463	Лептура	5	0	1	0.0
464	Лептура етіопка	3	0	1	0.0
465	Лептура золотиста	23	0	7	1.0
466	Лептура кривонога	3	0	2	0.0
467	Лептура червоноспинкова	1	0	1	0.0
468	Лептура чотирисмуга	4	0	2	0.0
469	Лептурини	5	0	1	0.0
470	Листоблішка грушева	32	0	3	2.0
471	Листоблішка зонтична	17	0	6	1.0
472	Листоблішка яблунева	16	0	2	1.0
473	Листоблішки	9	0	2	0.0
474	Листоїд в'язовий	26	0	7	1.0
475	Листоїд рудий	1	0	1	0.0
476	Листоїд фіолетовий вільховий	58	0	8	1.0
477	Листоїди	45	0	6	1.0
478	Листокрутка брунькова	22	0	5	1.0
479	Листокрутка вербова кривовуса	8	0	1	0.0
480	Листокрутка виноградна	28	0	4	1.0
481	Листокрутка вишнева	9	0	2	0.0
482	Листокрутка кривовуса ліщинова	8	0	2	0.0
483	Листокрутка кривовуса смородинова	5	0	1	0.0
484	Листокрутка полохлива	12	0	3	1.0
485	Листокрутка різноколірна плодова	6	0	2	0.0
486	Листокрутка розанова	13	0	2	1.0
487	Листокрутка свинцевосмугаста	4	0	1	0.0
488	Листокрутка сітчаста	11	0	3	1.0
489	Листокрутка строкато-золотиста	7	0	2	0.0
490	Листокрутка сунична	7	0	1	0.0
491	Лівшиц Іссахар Зельманович	4	0	1	0.0
492	Ліксус катрановий	6	0	2	0.0
493	Лімнефіліди	24	0	21	0.0
494	Лук'янович Федір Костянтинович	8	0	2	0.0
495	Лунка срібляста	12	0	2	1.0
496	Луски	54	0	6	1.0
497	Лускокрилі	760	12	36	24.0
498	Лускокрилі на поштових марках СРСР	901	1	220	12.0
499	Лусочниця звичайна	143	0	11	5.0
500	Людвіг Гангльбауер	1	0	1	0.0
501	Людовико ді Капоріакко	0	0	0	0.0
502	Лялечка	98	0	8	3.0
503	Ляміїні	1	0	1	0.0
504	М'якотілки	23	0	3	1.0
505	Макрофія тевтонська	1	0	1	0.0
506	Максили	24	0	5	1.0
507	Мальпігієві судини	27	0	3	1.0
508	Малярійні комарі	162	2	12	4.5
509	Мандибули	45	0	4	2.0
510	Мантиспові	7	0	2	0.0
511	Мариковський Павло Іустинович	72	0	8	3.0
512	Маріо Бецці	2	0	1	0.0
513	Матка (бджільництво)	283	3	18	8.0
514	Махаон (комаха)	300	1	17	9.0
515	Мацумура Шенен	1	0	1	0.0
516	Мегалара гаруда	8	0	2	0.0
517	Мегахілиди	6	0	2	0.0
518	Мей Беренбаум	4	0	1	0.0
519	Мереживниця Галатея	23	0	3	1.0
520	Мереживниця російська	13	0	2	1.0
521	Мертвоїди	23	0	3	1.0
522	Метелівкові	32	0	4	1.0
523	Міксофаги	4	0	1	0.0
524	Міль бурякова мінуюча	15	0	2	1.0
525	Міль довговуса зелена	7	0	1	0.5
526	Міль довговуса фіолетова	18	0	9	1.0
527	Міль зонтична	12	0	2	1.0
528	Міль капустяна	28	0	2	1.0
529	Міль листкова	16	0	3	1.0
530	Міль плодова	32	0	3	1.0
531	Міль серпокрила персикова	26	0	3	1.0
532	Міль цибулева	11	0	3	0.0
533	Міль яблунева	39	0	8	1.0
534	Мінери	13	0	2	1.0
535	Мінливець великий	30	0	4	1.0
536	Мінливець малий	26	0	3	1.0
537	Мінливець Метис	13	0	3	1.0
538	Мокреці	24	0	3	1.0
539	Мокржецький Сигізмунд Олександрович	8	0	1	0.0
540	Молі довговусі	2	0	1	0.0
541	Молі-строкатки	6	0	2	0.0
542	Мольорх малий	2	0	1	0.0
543	Монарх (метелик)	188	1	10	6.0
544	Морімус	3	0	1	0.0
545	Морімус блакитний	19	0	7	0.0
546	Морімус справжній	18	0	6	1.0
547	Морфо	45	0	7	1.0
548	Москіт	68	0	6	1.5
549	Москіти	103	0	8	3.0
550	Мотиль	193	2	15	6.5
551	Мурахи	1013	19	46	32.0
552	Мурашиний лев звичайний	39	0	6	1.0
553	Мурашині леви	43	0	6	2.0
554	Муха вишнева	27	0	4	1.0
555	Муха гессенська	30	0	4	1.0
556	Муха капустяна весняна	25	0	4	1.0
557	Муха кімнатна	979	21	51	30.5
558	Муха морквяна	29	0	4	1.0
559	Мухи	497	10	24	14.0
560	Мухи-стрічкокрилки	5	0	1	0.0
561	Мухоловка звичайна	1249	22	68	36.5
562	Надкрила	45	0	6	1.0
563	Наличник (біологія)	2	0	1	0.0
564	Настінні павуки-краби	12	0	2	1.0
565	Непарний шовкопряд	40	0	5	1.0
566	Неуротома фауста	4	0	2	0.0
567	Нівелія кров'янистонадкрила	21	0	6	1.0
568	Німфа (біологія)	94	0	6	2.0
569	Новокрилі	44	0	3	1.0
570	Ноги комах	91	1	7	2.5
571	Ноліди	1	0	1	0.0
572	Носатки	3	0	1	0.0
573	Носачка-листовидка	19	0	4	1.0
574	Носачки	1	0	1	0.0
575	Нотум	10	0	2	0.0
576	Образцов Микола Сергійович	9	0	4	0.0
577	Оводи	451	3	26	15.0
578	Оглоблін Дмитро Олексійович	7	0	1	0.0
579	Оглоблін Олександр Олексійович	6	0	2	0.0
580	Одноденки	237	0	50	4.0
581	Однопорі	4	0	1	0.0
582	Оксамитниця аретуса	10	0	2	1.0
583	Оксамитниця Тарпея	8	0	2	0.0
584	Оксамитниця Ютта	7	0	1	0.0
585	Оліготоміди	4	0	1	1.0
586	Онтофаг	4	0	1	0.0
587	Опариш	418	6	22	13.0
588	Опістосома	2	0	1	0.0
589	Опостегіди	1	0	1	0.0
590	Орусус паразитичний	11	0	3	1.0
591	Орхідейний богомол	18	0	4	1.0
592	Оса	1253	22	60	39.5
593	Осадець білозір	15	0	2	1.0
594	Осадець великий	9	0	1	1.0
595	Осадець Егерія	12	0	3	1.0
596	Осадець Мегера	5	0	1	1.0
597	Осмія руда	46	0	6	1.0
598	Очняк волове око	34	0	12	1.0
599	Очняк жовтогарячий	13	0	4	1.0
600	Очняк квітковий	14	0	2	1.0
601	Очняк Лікаон	6	0	1	0.0
602	Очняк ферульний	6	0	2	0.0
603	П'явиця синя	30	0	8	1.0
604	П'ядун аґрусовий	23	0	4	1.0
605	П'ядун березовий	31	0	4	1.0
606	П'ядун зимовий	16	0	4	1.0
607	П'ядун обведений	6	0	1	0.0
608	П'ядун щавлевий	9	0	4	0.0
609	П'ядуни	43	0	8	1.0
610	Павук жовтий	2123	32	161	60.5
611	Павук-краб	11	0	2	1.0
612	Павук-сріблянка	1135	21	58	34.0
613	Павук-хрестовик	3150	55	157	99.5
614	Павуки	2166	48	87	66.5
615	Павуки роду Argiope	12	0	4	0.0
616	Павуки-краби	93	0	9	2.0
617	Павуки-тенетники	104	0	14	3.0
618	Павукоподібні	477	2	31	15.5
619	Павутинні кліщі	63	0	5	2.0
620	Панцирні кліщі	11	0	3	0.5
621	Паперові оси	91	0	9	2.0
622	Паразитоформні кліщі	39	0	7	1.0
623	Пасманець струмковий	10	0	1	1.0
624	Пауроподи	24	0	5	1.0
625	Пахіта	3	0	1	0.0
626	Пахіта смугаста	2	0	1	0.0
627	Пахіта чотириплямиста	3	0	1	0.0
628	Пацюкова блоха	54	0	4	2.0
629	Педикульоз	1593	33	69	50.5
630	Пелекоцера широколоба	2	0	1	0.0
631	Первиннобезкрилі комахи	24	0	2	1.0
632	Передньоспинка	5	0	2	0.0
633	Перетинчастокрилі	182	0	14	5.0
634	Періодичні цикади	113	0	12	3.0
635	Перлівець Геката	11	0	4	0.0
636	Перлівець Дафна	9	0	3	0.0
637	Перлівець Евномія	6	0	2	0.0
638	Перлівець Єфросина	6	0	2	0.0
639	Перлівець Іно	8	0	2	0.0
640	Перлівець малий	4	0	1	0.0
641	Перлівець північний	5	0	2	0.0
642	Перлівець Селена	4	0	1	0.0
643	Перлівець Титанія	7	0	3	0.0
644	Петрункевич Олександр Іванович	6	0	1	0.0
645	Печерний коник кавказький	2	0	1	0.0
646	Пилкоротиця південна	3	0	1	0.0
647	Пилкохвіст	3	0	2	0.0
648	Пилкохвіст Болдирева	8	0	2	1.0
649	Пилкохвіст український	32	0	3	1.0
650	Пилові кліщі	354	3	23	10.5
651	Пильщик березовий	13	0	4	0.0
652	Пильщики	41	0	4	1.0
653	Північна бурякова муха	16	0	2	1.0
654	Піґулочники	3	0	1	0.0
655	Підсрібник Адиппа	14	0	2	1.0
656	Підсрібник великий	26	0	3	1.0
657	Підсрібник габовий	12	0	2	0.5
658	Підсрібник Лаодіка	9	0	2	0.0
659	Підсрібник Латонія	9	0	2	0.5
660	Підсрібник Ніобея	4	0	1	0.0
661	Підсрібник Пандора	12	0	2	1.0
662	Плавунець облямований	45	0	5	1.0
663	Плавунець широкий	11	0	2	0.0
664	Плавунцеві	91	0	8	3.0
665	Плавунці	13	0	2	1.0
666	Пластинчастовусі	86	0	14	1.5
667	Платтяна воша	250	4	17	7.5
668	Плішивий шершень	56	0	6	2.0
669	Плодожерка яблунева	83	0	10	2.0
670	Плоский червоний кліщ	13	0	3	0.0
671	Плоскотілка червона	7	0	2	0.0
672	Плоскотілки	9	0	3	0.0
673	Політ комах	20	0	4	1.0
674	Пономаренко Олександр Георгійович	0	0	0	0.0
675	Попелиці	251	1	16	6.5
676	Попелиця баштанна	21	0	3	1.0
677	Порчинський Йосип Алоїзович	8	0	2	0.0
678	Постільний клоп	1729	37	85	52.5
679	Примарові	95	0	10	2.0
680	Прихованохоботник стебловий капустяний	26	0	6	1.0
681	Прихованощелепні	5	0	2	0.0
682	Прочанок	24	0	21	0.5
683	Прочанок Арканія	9	0	4	1.0
684	Прочанок Глікеріон	6	0	1	1.0
685	Прочанок Едип	10	0	4	0.0
686	Прочанок Леандр	6	0	2	0.0
687	Прочанок памфіл	23	0	3	1.0
688	Прус італійський	74	0	8	2.0
689	Прусак	134	1	8	4.0
690	Прусак рудий	265	3	15	7.0
691	Прямокрилі	156	0	12	5.0
692	Псарус черевастий	5	0	2	0.0
693	Псевдоскорпіони	108	0	14	2.0
694	Псевдофаенопс Якобсона	2	0	1	0.0
695	Псевдощитівки	7	0	2	0.0
696	Птахокрилка королеви Олександри	6	0	1	0.0
697	Птеростих	5	0	2	0.0
698	Пухоїди	36	0	4	1.0
699	Ранатра звичайна	35	0	9	1.0
700	Рафідофориди	16	0	3	1.0
701	Рицинулеї	5	0	2	0.0
702	Рівнокрилі	38	0	4	1.0
703	Рівнокрилі бабки	36	0	5	1.0
704	Різнокрилі	30	0	4	1.0
705	Рогач малий	64	0	11	1.0
706	Рогачі	36	0	3	1.0
707	Рогохвіст-авгур	5	0	1	0.0
708	Рогохвости	19	0	5	1.0
709	Родендорф Борис Борисович	4	0	1	0.0
710	Ротовий апарат комах	69	0	6	2.0
711	Руднєв Дмитро Федорович	1	0	1	0.0
712	Рябець Аврелія	7	0	1	0.0
713	Рябець Авринія	5	0	1	0.0
714	Рябець арденнський	5	0	2	1.0
715	Рябець Аталія	8	0	1	0.0
716	Рябець Бритомартида	4	0	1	0.0
717	Рябець великий	5	0	1	0.0
718	Рябець діаміна	7	0	2	0.0
719	Рябець звичайний	10	0	2	1.0
720	Рябець рудий	8	0	1	0.0
721	Рябець червоний	47	0	23	1.0
722	Сарана	806	13	41	24.5
723	Сарана марокська	19	0	2	1.0
724	Сарана перелітна	259	3	17	8.0
725	Саранові	66	0	7	2.0
726	Сатир боровий	10	0	2	1.0
727	Сатир боровий південний	5	0	1	0.0
728	Сатир Брісеїда	2	0	1	0.0
729	Сатир буковий	6	0	2	0.0
730	Сатир Герміона	3	0	1	0.0
731	Сатир Дріада	27	0	17	1.0
732	Сатир Персефона	5	0	2	0.0
733	Сатир Цирцея	5	0	1	0.0
734	Сатурнієві	9	0	2	0.0
735	Сатурнія (метелик)	2	0	1	0.0
736	Сатурнія велика	125	0	9	3.5
737	Світлякові	174	1	11	5.0
738	Сидячечеревні	10	0	3	0.0
739	Сизириди	4	0	3	0.0
740	Симфіли	18	0	3	1.0
741	Синдром руйнування колоній	34	0	3	1.0
742	Синявець Алькон	6	0	1	0.0
743	Синявець Альцет	11	0	3	1.0
744	Синявець Антерос	6	0	1	0.0
745	Синявець Аргирогномон	10	0	3	1.0
746	Синявець Аргіад	8	0	2	0.5
747	Синявець Аргус	7	0	2	0.0
748	Синявець Аріон	7	0	1	0.0
749	Синявець вицвілий	20	0	14	0.0
750	Синявець Вікрама	5	0	2	0.0
751	Синявець голуб'як	3	0	2	0.0
752	Синявець гороховий	7	0	2	0.0
753	Синявець Дамон	4	0	1	0.0
754	Синявець Дамоне	5	0	1	0.5
755	Синявець евмедон	6	0	2	0.0
756	Синявець Ідас	12	0	3	1.0
757	Синявець Ікар	57	0	14	2.0
758	Синявець карликовий	6	0	2	0.5
759	Синявець конюшиновий	6	0	2	0.0
760	Синявець Коридон	4	0	1	0.0
761	Синявець кримський	2	0	1	0.0
762	Синявець крушиновий	8	0	1	1.0
763	Синявець Мелеагр	8	0	2	0.0
764	Синявець Озиріс	5	0	2	0.0
765	Синявець Оріон	6	0	2	0.0
766	Синявець Піритой	3	0	2	0.0
767	Синявець приязний	7	0	2	0.5
768	Синявець Рипарта	5	0	2	0.0
769	Синявець Телей	6	0	2	0.0
770	Синявець темно-синій	23	0	16	0.0
771	Синявець Терсит	8	0	3	0.0
772	Синявець торфовищний	6	0	2	0.0
773	Синявець туркусовий	3	0	1	0.0
774	Синявець хазарський	4	0	1	0.0
775	Синявець чорнуватий	7	0	2	0.0
776	Синявцеві	32	0	8	1.0
777	Система Комстока-Нідема	2	0	1	0.0
778	Систематичний перелік родин жуків світу	12	0	3	0.0
779	Сінниця Геро	8	0	2	0.0
780	Сіноїди	29	0	5	1.0
781	Сітчастокрилі	32	0	3	1.0
782	Скарабей	30	0	5	1.0
783	Скарабей священний	380	0	28	11.5
784	Сколія-гігант	166	1	46	4.0
785	Сколопендра	1101	13	55	32.5
786	Сколопендра гігантська	94	0	6	3.0
787	Сколопендра кільчаста	35	0	4	1.0
788	Сколопендра товста	18	0	3	1.0
789	Скорпіон кримський	44	0	6	1.0
790	Скорпіони	659	13	35	19.5
791	Скорпіонові мухи	32	0	3	1.0
792	Слимакоїд кримський	48	0	9	1.0
793	Сліпняк буряковий	15	0	3	1.0
794	Сліпняк люцерновий	38	0	5	1.0
795	Слоник люцерновий	32	0	7	1.0
796	Совинський Вадим Васильович	2	0	1	0.0
797	Совка Агриппіна	8	0	2	0.0
798	Совка капустяна	30	0	4	1.0
799	Совка озима	43	0	5	1.0
800	Совка пірамідальна	10	0	2	0.0
801	Совка соснова	22	0	6	0.0
802	Совка-гамма	33	0	4	1.0
803	Совки	210	1	15	6.0
804	Совки-п'ядуни	3	0	1	0.0
805	Сольпуга звичайна	45	0	5	2.0
806	Сольпуги	172	1	14	5.0
807	Соміти	10	0	3	0.0
808	Сонечка	769	9	39	24.5
809	Сонечко двокрапкове	61	0	6	2.0
810	Сонечко семикрапкове	162	0	14	4.5
811	Сонцевик адмірал	92	0	8	3.0
812	Сонцевик будяковий	106	0	12	3.0
813	Сонцевик кропив'яний	66	0	8	2.0
814	Сонцевик павиче око	140	1	10	4.0
815	Сонцевик фау-біле	12	0	2	0.0
816	Сонцевики	70	0	6	2.0
817	Сонцевичок змінний	15	0	3	0.0
818	Список аністид України	7	0	3	1.0
819	Список бабок Польщі	10	0	3	1.0
820	Список бабок Росії	2	0	1	0.0
821	Список бабок України	106	1	9	3.0
822	Список богомолів Алжиру	7	0	2	0.5
823	Список богомолів В'єтнаму	1	0	1	0.0
824	Список богомолів Європи	68	0	11	2.0
825	Список богомолів Непалу	3	0	2	0.0
826	Список богомолів Північної Македонії	0	0	0	0.0
827	Список богомолів України	1117	9	58	34.5
828	Список богомолів Шрі-Ланки	3	0	1	0.0
829	Список видів бджіл Ізраїлю	1	0	1	0.0
830	Список видів бджіл Швеції	1	0	1	0.0
831	Список видів джмелів України	105	0	14	2.0
832	Список видів мурах Грузії	4	0	1	0.0
833	Список видів мурах Данії	0	0	0	0.0
834	Список видів мурах Польщі	4	0	1	0.0
835	Список видів мурах роду Camponotus	12	0	2	1.0
836	Список видів мурах роду Crematogaster	0	0	0	0.0
837	Список видів мурах Росії	2	0	1	0.0
838	Список видів мурах України	209	0	17	5.5
839	Список видів мурах Швеції	2	0	1	0.0
840	Список видів мурах Шрі-Ланки	2	0	1	0.0
841	Список видів роду джміль	15	0	4	0.0
842	Список видів роду Aedes	3	0	2	0.0
843	Список видів роду Cicindela	1	0	1	0.0
844	Список двокрилих Польщі	23	0	3	1.0
845	Список денних метеликів Азербайджану	1	0	1	0.0
846	Список денних метеликів Алжиру	0	0	0	0.0
847	Список денних метеликів Вірменії	3	0	1	0.0
848	Список денних метеликів Ірану	2	0	1	0.0
849	Список денних метеликів Намібії	0	0	0	0.0
850	Список денних метеликів Російської Федерації	1	0	1	0.0
851	Список денних метеликів Санкт-Петербурга і Ленінградської області	1	0	1	0.0
852	Список денних метеликів Туреччини	0	0	0	0.0
853	Список денних метеликів України	590	9	44	17.5
854	Список денних метеликів Швеції	1	0	1	0.0
855	Список комах, занесених до Червоної книги України	160	0	10	5.0
856	Список лускокрилих Австрії	1	0	1	0.0
857	Список лускокрилих Албанії	2	0	1	0.0
858	Список лускокрилих Андорри	3	0	2	0.0
859	Список лускокрилих Бельгії	2	0	1	0.0
860	Список лускокрилих Білорусі	1	0	1	0.0
861	Список лускокрилих Болгарії	2	0	1	0.0
862	Список лускокрилих Боснії і Герцеговини	3	0	1	0.0
863	Список лускокрилих Греції	2	0	1	0.0
864	Список лускокрилих Данії	1	0	1	0.0
865	Список лускокрилих Естонії	2	0	1	0.0
866	Список лускокрилих Ірану	2	0	1	0.0
867	Список лускокрилих Кіпру	0	0	0	0.0
868	Список лускокрилих Латвії	1	0	1	0.0
869	Список лускокрилих Литви	2	0	1	0.0
870	Список лускокрилих Ліхтенштейну	1	0	1	0.0
871	Список лускокрилих Люксембургу	1	0	1	0.0
872	Список лускокрилих Молдови	2	0	1	0.0
873	Список лускокрилих Намібії	1	0	1	0.0
874	Список лускокрилих Норвегії	1	0	1	0.0
875	Список лускокрилих Острова Пасхи	1	0	1	0.0
876	Список лускокрилих Островів Святої Єлени, Вознесіння і Тристан-да-Кунья	0	0	0	0.0
877	Список лускокрилих Північної Македонії	3	0	1	0.0
878	Список лускокрилих Польщі	1	0	1	0.0
879	Список лускокрилих Російської Федерації	13	0	3	0.0
880	Список лускокрилих Румунії	1	0	1	0.0
881	Список лускокрилих Сербії, Чорногорії та Косова	0	0	0	0.0
882	Список лускокрилих Словаччини	8	0	3	0.0
883	Список лускокрилих Танзанії	5	0	1	0.0
884	Список лускокрилих Угорщини	1	0	1	0.0
885	Список лускокрилих України	92	0	11	2.0
886	Список лускокрилих Фінляндії	1	0	1	0.0
887	Список лускокрилих Хорватії	1	0	1	0.0
888	Список лускокрилих Чехії	1	0	1	0.0
889	Список лускокрилих Швеції	1	0	1	0.0
890	Список лускокрилих Шрі-Ланки	3	0	2	0.0
891	Список метеликів родини Coleophoridae Туреччини	0	0	0	0.0
892	Список молей Туреччини	1	0	1	0.0
893	Список павуків Польщі	97	0	7	3.0
894	Список павуків Шрі-Ланки	9	0	2	1.0
895	Список прямокрилих України	127	0	44	3.0
896	Список скорпіонів Шрі-Ланки	0	0	0	0.0
897	Список совок Туреччини	2	0	2	0.0
898	Список тарганів Польщі	3	0	1	0.0
899	Список турунів Білорусі	0	0	0	0.0
900	Список турунів Естонії	2	0	1	0.0
901	Список турунів Молдови	3	0	2	0.0
902	Справжні ківсяки	7	0	3	0.0
903	Справжні клопи	116	0	9	3.0
904	Справжні коники	881	11	60	26.0
905	Справжні оси	57	0	5	2.0
906	Справжні попелиці	33	0	5	1.0
907	Справжні цвіркуни	192	1	14	5.5
908	Стафілін волохатий	9	0	4	0.0
909	Стафілін пахучий	74	0	8	1.5
910	Стебельчасточеревні	18	0	2	1.0
911	Стенурелла	2	0	2	0.0
912	Стерніт	22	0	4	1.0
913	Странгалія	2	0	1	0.0
914	Странґаліна вузькотіла	17	0	5	1.0
915	Стрибуни	7	0	2	0.0
916	Стрілка (бабка)	15	0	3	1.0
917	Стрілка Ліндена	12	0	3	1.0
918	Стрілка Меркурія	11	0	3	1.0
919	Стрілки (родина)	27	0	14	0.0
920	Стрільчатка псі	6	0	1	0.0
921	Стрільчатка тризубець	11	0	6	0.0
922	Стрільчатка щавлева	8	0	3	0.0
923	Стрічкарка диз'юнктивна	3	0	1	0.0
924	Стрічкарка Камілла	23	0	19	1.0
925	Стрічкарка орденська малинова	40	0	5	2.0
926	Стрічкарка тополева	25	0	4	1.0
927	Стрічкарка червоно-жовта	1	0	1	0.0
928	Стрічкарки	12	0	3	1.0
929	Строкатки (метелики)	27	0	4	1.0
930	Строкатокрилки	12	0	2	0.0
931	Тагма	5	0	2	0.0
932	Тарантул	881	17	37	28.0
933	Тарантул південноруський	2224	33	181	60.5
934	Тарган чорний	173	2	15	5.0
935	Таргани	991	18	48	28.5
936	Тарганові перегони	7	0	2	0.0
937	Тарганоподібні	173	0	22	5.5
938	Твердокрилі	436	4	21	13.5
939	Теленга Микола Абрамович	5	0	1	0.0
940	Тельсон	7	0	2	0.0
941	Тенебріоноїдні	3	0	1	0.0
942	Теодор Генрі Фрісон	0	0	0	0.0
943	Тер-Мінасян Маргарита Єрвандівна	5	0	2	0.0
944	Тергіт	8	0	2	0.0
945	Терміти	188	1	14	5.5
946	Тетригіди	4	0	1	0.0
947	Томарес Каллімах	3	0	1	0.0
948	Томас Волластон	1	0	1	0.0
949	Тонкі ківсяки	8	0	1	1.0
950	Тонкопряди	7	0	4	0.0
951	Тонкочеревець Фонсколомба	12	0	3	0.0
952	Торакс (зоологія)	16	0	2	1.0
953	Трахеї	37	0	5	1.0
954	Трахейнодишні	24	0	5	1.0
955	Триктенотоміди	2	0	1	0.0
956	Трипси	103	0	8	3.0
957	Тріскачка ширококрила	11	0	3	0.0
958	Тромбідіформні кліщі	16	0	4	0.0
959	Трубкокрут дубовий	29	0	8	1.0
960	Трубкокрути	3	0	1	0.0
961	Трубконосики	3	0	1	0.0
962	Трутень	623	7	31	19.0
963	Турун	130	0	16	2.5
964	Турун бесарабський	6	0	3	0.0
965	Турун Менетріє	4	0	1	0.0
966	Турун печерний Дублянського	3	0	1	0.0
967	Турун угорський	12	0	3	0.0
968	Турун Фабра	2	0	1	0.0
969	Турун Фабра український	28	0	3	1.0
970	Турун хлібний	64	0	12	1.5
971	Турун Щеглова	3	0	1	0.0
972	Туруни	207	2	16	6.0
973	Туруноїдні	4	0	1	0.0
974	Уваров Борис Петрович	3	0	1	0.0
975	Фасеткове око	54	0	6	1.5
976	Філоксера виноградна	131	1	9	4.0
977	Фредерік Мур	5	0	1	0.0
978	Френсіс Песко	0	0	0	0.0
979	Хвостюшки	3	0	1	0.0
980	Хвостюшок акацієвий	5	0	1	0.0
981	Хвостюшок в'язовий	10	0	2	0.0
982	Хвостюшок падубник	3	0	1	0.0
983	Хвостюшок підзелень	6	0	3	0.0
984	Хвостюшок сливовий	13	0	6	0.0
985	Хвостюшок терновий	5	0	1	0.0
986	Хижі жуки	27	0	3	1.0
987	Хітин	341	4	22	10.5
988	Хоботкові метелики	16	0	2	0.0
989	Хореутиди	0	0	0	0.0
990	Хребтоплав звичайний	10	0	2	0.0
991	Хризоліна	5	0	1	0.0
992	Хризомеліни	3	0	1	0.0
993	Хрущ	176	1	12	5.0
994	Хрущ волохатий	35	0	7	1.0
995	Хрущ мармуровий	66	0	7	2.0
996	Хрущ травневий	343	5	19	10.0
997	Хрущак борошняний	96	0	8	2.5
998	Хрущі	97	0	7	3.0
999	Царічкова Діана Борисівна	8	0	6	0.0
1000	Цвіркун польовий	324	5	21	9.0
1001	Цвіркуни	388	6	25	10.5
1002	Целонітес абревіатус кримський	10	0	2	1.0
1003	Церамбікоїдні	5	0	2	0.0
1004	Цератофій багаторогий	30	0	8	1.0
1005	Цеце	459	6	50	13.0
1006	Цикади	1162	13	60	35.0
1007	Цикадки	37	0	3	1.0
1008	Чарльз Ротшильд	0	0	0	0.0
1009	Чекініола пластисцелідина	11	0	2	1.0
1010	Червеці	48	0	17	1.0
1011	Червець	165	1	12	4.5
1012	Червиця пахуча	93	0	15	2.0
1013	Червневий хрущ	47	0	7	1.5
1014	Червоноклоп червоний	693	11	34	21.0
1015	Червонолоб	1	0	1	0.0
1016	Червчик Комстока	12	0	3	1.0
1017	Черевце	24	0	4	0.5
1018	Черевце комах	13	0	2	1.0
1019	Чорнотілки	62	0	7	2.0
1020	Чубатка пишновуса	5	0	1	0.0
1021	Шапіро Дора Самійлівна	1	0	1	0.0
1022	Шведські мухи	13	0	2	0.5
1023	Шелюжко Лев Андрійович	14	0	6	0.0
1024	Шершень	2161	37	110	67.0
1025	Шершень звичайний	608	6	31	19.0
1026	Шершень східний	67	0	7	2.0
1027	Шизоміди	18	0	2	1.0
1028	Шкіроїди	51	0	5	1.0
1029	Шовкопряд шовковичний	158	1	11	5.0
1030	Шовкопряди	20	0	3	0.0
1031	Шовкопряди похідні	16	0	3	1.0
1032	Щербатка c-біле	18	0	4	1.0
1033	Щетинкохвості	17	0	3	1.0
1034	Щитівки	33	0	4	1.0
1035	Щитники	21	0	2	1.0
1036	Щупальця	31	0	3	1.0
1037	Явище флюоресценції у скорпіонів	1	0	1	0.0
1038	Яйцеклад	34	0	4	1.0
1039	Aaaba	5	0	1	0.0
1040	Aaata finchi	8	0	2	0.0
1041	Abax	25	0	5	1.0
1042	Abiromorphus anceyi	1	0	1	0.0
1043	Acalyptratae	2	0	1	0.0
1044	Acanthaeschna victoria	3	0	1	0.0
1045	Acanthopsychops triaina	0	0	0	0.0
1046	Acanthopteroctetidae	2	0	1	0.0
1047	Aconurella	3	0	2	0.0
1048	Acorius	2	0	1	0.0
1049	Acostemminae	2	0	1	0.0
1050	Acraea horta	8	0	3	0.0
1051	Acromyrmex	2	0	1	0.0
1052	Acronicta	1	0	1	0.0
1053	Actenicerus	1	0	1	0.0
1054	Adela croesella	18	0	14	0.0
1055	Adela cuprella	11	0	6	0.0
1056	Adelowalkeria	3	0	2	0.0
1057	Adelpholeon lithophorus	1	0	1	0.0
1058	Adosomus	16	0	4	0.0
1059	Adosomus roridus	12	0	2	1.0
1060	Adrapsa	1	0	1	0.0
1061	Adrapsoides	1	0	1	0.0
1062	Aedes	28	0	4	1.0
1063	Aedes aegypti	48	0	5	1.0
1064	Aedes albopictus	70	0	7	2.0
1065	Aedes dorsalis	2	0	1	0.0
1066	Aedes nigromaculis	3	0	1	0.0
1067	Aenictus	1	0	1	0.0
1068	Aethiocarenus burmanicus	2	0	1	0.0
1069	Afghanocleonus	2	0	1	0.0
1070	Afrolarinus	2	0	1	0.0
1071	Agabinae	3	0	1	0.0
1072	Agapanthia amicula	2	0	1	0.0
1073	Agapanthia angelicae	1	0	1	0.0
1074	Agapanthia annularis	2	0	1	0.0
1075	Agapanthia asphodeli	1	0	1	0.0
1076	Agapanthia detrita	1	0	1	0.0
1077	Agapanthia pesarinii	1	0	1	0.0
1078	Agelenidae	31	0	6	1.0
1079	Agelenoidea	4	0	1	0.0
1080	Ageleradix	4	0	1	0.0
1081	Ageleradix cymbiforma	3	0	1	0.0
1082	Ageleradix otiforma	3	0	1	0.0
1083	Agonum	4	0	1	0.0
1084	Agonum dolens	1	0	1	0.0
1085	Agonum ericeti	2	0	1	0.0
1086	Agonum gracilipes	2	0	1	0.0
1087	Agonum lugens	1	0	1	0.0
1088	Agonum sexpunctatum	1	0	1	0.0
1089	Agonum versutum	1	0	1	0.0
1090	Agraeciini	23	0	22	0.0
1091	Agraulis vanillae	11	0	8	0.0
1092	Aguriahana	1	0	1	0.0
1093	Albicostella	2	0	1	0.0
1094	Alebra	1	0	1	0.0
1095	Aleocharinae	5	0	1	0.0
1096	Allantinae	1	0	1	0.0
1097	Allolarinus	2	0	1	0.0
1098	Alobaldia	1	0	1	0.0
1099	Alucita bulgaria	4	0	2	0.0
1100	Alucita karadagica	3	0	1	0.0
1101	Alucita pliginskii	4	0	2	0.0
1102	Alysiinae	4	0	2	0.0
1103	Amarixys	1	0	1	0.0
1104	Amarixys gracilis	1	0	1	0.0
1105	Ameles	8	0	1	0.0
1106	Ameles decolor	14	0	6	1.0
1107	Ameles fasciipennis	38	0	8	2.0
1108	Ameles spallanzania	6	0	2	0.0
1109	Amelinae	14	0	14	0.0
1110	Amelini	9	0	6	0.0
1111	Amimenus	2	0	1	0.0
1112	Ammocleonus	3	0	1	0.0
1113	Anareolatae	2	0	1	0.0
1114	Aneuretus simoni	4	0	2	0.0
1115	Anomala binotata	3	0	1	0.0
1116	Anomaloninae	4	0	2	0.0
1117	Anopheles	55	0	5	2.0
1118	Anopheles (підрід)	6	0	2	0.0
1119	Anopheles freeborni	2	0	1	0.0
1120	Anopheles minor	2	0	1	0.0
1121	Anoplognathini	3	0	2	0.0
1122	Anoplura	83	0	7	3.0
1123	Anthrenus	5	0	2	0.0
1124	Apamea	6	0	3	0.0
1125	Apamea barbara	1	0	1	0.0
1126	Apamea glenura	1	0	1	0.0
1127	Apameini	4	0	1	0.0
1128	Aparotopus	2	0	1	0.0
1129	Aphelinidae	6	0	2	0.0
1130	Aphidiinae	2	0	1	0.0
1131	Aphidoletes	3	0	1	0.0
1132	Aphis	5	0	2	0.0
1133	Aphis baccharicola	1	0	1	0.0
1134	Aphthartopsychops scutatus	3	0	2	0.5
1135	Aphthona herbigrada	1	0	1	0.0
1136	Aphthona melancholica	5	0	1	0.0
1137	Aplesilus	3	0	1	0.0
1138	Apleurus	4	0	1	0.0
1139	Apoditrysia	1	0	1	0.0
1140	Apoidea	17	0	3	1.0
1141	Aprosthema	2	0	1	0.0
1142	Aptenoperissus	1	0	1	0.0
1143	Aptenoperissus etius	1	0	1	0.0
1144	Aptenoperissus magnifemoris	0	0	0	0.0
1145	Aptenoperissus pusillus	0	0	0	0.0
1146	Apteromantis aptera	16	0	4	1.0
1147	Araneoidea	4	0	2	0.0
1148	Arbelana	1	0	1	0.0
1149	Arboridia	1	0	1	0.0
1150	Archaeocercus schuvachinae	2	0	1	0.0
1151	Archaeolepis mane	2	0	1	0.0
1152	Archiearinae	1	0	1	0.0
1153	Archiinocellia oligoneura	0	0	0	0.0
1154	Architendipedidae	4	0	1	0.0
1155	Archizelmiridae	7	0	1	0.5
1156	Archocyrtus	23	0	14	0.0
1157	Archocyrtus kovalevi	0	0	0	0.0
1158	Arctiinae	1	0	1	0.0
1159	Arctoperlaria	1	0	1	0.0
1160	Arge pallidinervis	2	0	1	0.0
1161	Argema	4	0	2	0.0
1162	Argema mittrei	11	0	2	0.0
1163	Argiope	318	4	25	8.5
1164	Argiope aemula	13	0	3	1.0
1165	Argiope aetheroides	2	0	1	0.0
1166	Argiope amoena	28	0	4	1.0
1167	Argiope anasuja	7	0	1	0.0
1168	Argiope argentata	9	0	2	0.0
1169	Argiope aurantia	211	0	34	3.5
1170	Argiope boesenbergi	6	0	1	1.0
1171	Argiope catenulata	11	0	3	0.0
1172	Argiope chloreis	10	0	1	1.0
1173	Argiope dang	5	0	2	0.0
1174	Argiope doleschalli	2	0	1	0.0
1175	Argiope hoiseni	1	0	1	0.0
1176	Argiope lobata	1074	17	46	32.5
1177	Argiope mangal	1	0	1	0.0
1178	Argiope minuta	10	0	2	1.0
1179	Argiope modesta	11	0	2	1.0
1180	Argiope ocula	6	0	1	0.0
1181	Argiope perforata	6	0	2	0.0
1182	Argiope picta	25	0	2	1.0
1183	Argiope pulchella	10	0	3	1.0
1184	Argiope reinwardti	9	0	2	1.0
1185	Argiope trifasciata	14	0	2	1.0
1186	Argynnini	9	0	3	0.0
1187	Argyresthia albistria	4	0	1	0.0
1188	Argyresthia bergiella	3	0	1	0.0
1189	Argyresthia bonnetella	16	2	12	2.0
1190	Argyresthia conjugella	4	0	1	0.0
1191	Argyresthia illuminatella	4	0	1	0.5
1192	Argyresthia ivella	4	0	1	1.0
1193	Argyresthia laevigatella	4	0	2	1.0
1194	Argyresthia praecocella	10	0	7	0.0
1195	Argyresthia pruniella	2	0	1	0.0
1196	Argyresthia pygmaeella	4	0	1	0.5
1197	Argyresthia retinella	2	0	1	0.0
1198	Argyresthia semifusca	2	0	1	0.0
1199	Argyrotaenia brimuncus	9	0	5	0.0
1200	Aricia artaxerxes	8	0	5	0.0
1201	Arractocetus	2	0	1	0.0
1202	Aruena apicimaculata	2	0	1	0.0
1203	Asiarge	1	0	1	0.0
1204	Asiarge centralis	1	0	1	0.0
1205	Asiarge regeli	1	0	1	0.0
1206	Asinocleonus	2	0	1	0.0
1207	Asiochaoboridae	3	0	1	0.0
1208	Aspidiotinae	2	0	1	0.0
1209	Asproparthenis	14	0	2	1.0
1210	Atactogaster	2	0	1	0.0
1211	Atherigoninae	4	0	1	0.0
1212	Athysanella	2	0	1	0.0
1213	Athysanopsis	1	0	1	0.0
1214	Athysanus	2	0	1	0.0
1215	Atolmis rubricollis	1	0	1	0.0
1216	Atrax sutherlandi	1	0	1	0.0
1217	Atta	33	0	22	1.0
1218	Atta cephalotes	6	0	2	1.0
1219	Atta colombica	2	0	1	0.0
1220	Atta texana	5	0	1	0.0
1221	Atta vollenweideri	2	0	1	0.0
1222	Attacus atlas	28	0	4	1.0
1223	Attercopus fimbriunguis	2	0	1	0.0
1224	Austroasca	1	0	1	0.0
1225	Aztecarpalus	1	0	1	0.0
1226	Balclutha	1	0	1	0.0
1227	Balinskycercella	5	0	2	0.0
1228	Bambusana	2	0	2	0.0
1229	Bangasternus	3	0	1	0.0
1230	Barbitistes constrictus	16	0	3	1.0
1231	Barbitistini	1	0	1	0.0
1232	Bathyphlebia	3	0	1	0.0
1233	Batrachedra praeangusta	3	0	1	0.5
1234	Batrachedridae	2	0	1	0.0
1235	Batrisini	2	0	1	0.0
1236	Bellinympha	0	0	0	0.0
1237	Besuchetiella	2	0	1	0.0
1238	Blaberidae	5	0	1	0.0
1239	Blastobasis phycidella	4	0	1	1.0
1240	Blastobasis ponticella	5	0	1	0.5
1241	Blattellidae	9	0	1	0.0
1242	Blattuloidea	1	0	1	0.0
1243	Blepharodinae	3	0	1	0.0
1244	Blepharopsis mendica	1	0	1	0.0
1245	Bobacella	2	0	1	0.0
1246	Bodemeyeria	5	0	1	0.0
1247	Boganiidae	12	0	6	0.0
1248	Boletobiinae	2	0	1	0.0
1249	Bolivaria	4	0	2	0.0
1250	Bombus transversalis	12	0	4	0.0
1251	Bombus tricornis	4	0	1	0.0
1252	Bombus trinominatus	35	0	17	1.5
1253	Bothriurus olaen	3	0	1	0.0
1254	Bothrogonia	3	0	1	0.0
1255	Bothynoderes	15	0	3	1.0
1256	Brachodidae	17	0	15	0.0
1257	Brachyceridae	4	0	2	0.0
1258	Brachycerinae	3	0	2	0.0
1259	Brachycerini	3	0	1	0.0
1260	Brachycerus	35	0	10	1.0
1261	Brachycleonus	3	0	1	0.0
1262	Brachysternus	1	0	1	0.0
1263	Brachysternus angustus	1	0	1	0.0
1264	Brachysternus germaini	1	0	1	0.5
1265	Brachysternus marginatus	1	0	1	0.0
1266	Brachysternus patagoniensis	1	0	1	0.0
1267	Brachysternus prasinus	1	0	1	0.0
1268	Brachysternus solier	1	0	1	0.0
1269	Brachysternus spectabilis	1	0	1	0.0
1270	Bracon hebetor	3	0	1	0.0
1271	Broconius	11	0	3	1.0
1272	Bryodemella	4	0	1	0.0
1273	Bubas bubalus	6	0	2	0.5
1274	Bubopsis agrionoides	1	0	1	0.0
1275	Bucculatrix albedinella	4	0	1	0.0
1276	Bucculatrix anthemidella	15	0	13	0.0
1277	Bucculatrix artemisiella	11	0	2	0.5
1278	Bucculatrix frangutella	19	19	19	19.0
1279	Bucculatrix gnaphaliella	0	0	0	0.0
1280	Bucculatrix infans	0	0	0	0.0
1281	Bucculatrix noltei	0	0	0	0.0
1282	Bucculatrix paliuricola	0	0	0	0.0
1283	Bucculatrix ulmella	14	0	12	0.0
1284	Bulbitermes	2	0	1	0.0
1285	Buprestinae	3	0	1	0.0
1286	Buprestis	3	0	1	0.0
1287	Burmocorynus jarzembowski	0	0	0	0.0
1288	Burmogramma liui	0	0	0	0.0
1289	Burmomacer kirejtshuki	0	0	0	0.0
1290	Burmopsychops	0	0	0	0.0
1291	Cacopsylla	2	0	1	0.0
1292	Cacopsylla costalis	1	0	1	0.0
1293	Cacopsylla crataegi	2	0	1	0.0
1294	Cacopsylla cretica	1	0	1	0.0
1295	Cacopsylla curta	3	0	1	0.0
1296	Cacopsylla difficilis	1	0	1	0.0
1297	Cacopsylla dilonchi	1	0	1	0.0
1298	Cacopsylla elegantula	1	0	1	0.0
1299	Cacopsylla exima	1	0	1	0.0
1300	Calamoceratidae	18	0	18	0.0
1301	Caligula	14	0	2	1.0
1302	Callistolixus	10	0	2	0.0
1303	Calodemas	3	0	1	0.0
1304	Calopterygoidea	3	0	1	0.0
1305	Calyptratae	3	0	1	0.0
1306	Camponotus	23	0	4	1.0
1307	Camponotus vagus	37	0	16	1.0
1308	Camptopterohelea odora	0	0	0	0.0
1309	Carabinae	7	0	3	0.0
1310	Carparachne aureoflava	8	0	2	1.0
1311	Catocalini	4	0	1	0.0
1312	Cauchas fibulella	0	0	0	0.0
1313	Cecidomyiinae	3	0	1	0.0
1314	Centrocleonus	4	0	1	1.0
1315	Cerambyx welensii	1	0	1	0.0
1316	Ceratocampinae	1	0	1	0.0
1317	Chalcophora mariana	44	0	10	1.0
1318	Charaxes candiope	4	0	1	0.0
1319	Chauliognathus pensylvanicus	1	0	1	0.0
1320	Cheiracanthium inclusum	39	0	11	1.0
1321	Chilocorus bipustulatus	9	0	2	0.0
1322	Chilognatha	7	0	2	1.0
1323	Chimerarachne yingi	3	0	1	0.0
1324	Chironomoidea	6	0	1	0.0
1325	Chorthippus dorsatus	6	0	2	0.0
1326	Chromonotus	11	0	2	1.0
1327	Chromosomus	4	0	1	0.0
1328	Chrysididae	20	0	4	1.0
1329	Chrysidoidea	3	0	1	0.0
1330	Chrysis comparata	4	0	2	0.0
1331	Chrysis fulgida	8	0	2	0.0
1332	Chrysis pulchella	4	0	2	0.0
1333	Chrysis zetterstedti	3	0	1	0.0
1334	Chrysolina (підрід)	1	0	1	0.0
1335	Chrysops	25	0	6	1.0
1336	Chthonioidea	2	0	1	0.0
1337	Cicadula	2	0	2	0.0
1338	Cicindela	4	0	1	0.0
1339	Cicindela hybrida	18	0	3	0.0
1340	Cicindelina	1	0	1	0.0
1341	Cicindelinae	6	0	1	0.0
1342	Cicindelini	1	0	1	0.0
1343	Cimicoidea	1	0	1	0.0
1344	Cimicomorpha	3	0	1	0.0
1345	Citheronia	1	0	1	0.0
1346	Citioica	1	0	1	0.0
1347	Cladofer huangi	0	0	0	0.0
1348	Cleonini	5	0	1	0.0
1349	Cleonis	14	0	3	1.0
1350	Cleonolithus	2	0	1	0.0
1351	Cleridae	9	0	3	0.0
1352	Clistopyga crassicaudata	2	0	1	0.0
1353	Clitumninae	2	0	1	0.0
1354	Clytra appendicina	6	0	4	0.0
1355	Clytra atraphaxidis	5	0	3	0.0
1356	Cnemodontus	3	0	1	0.0
1357	Coccidulinae	5	0	2	0.0
1358	Coccinellinae	8	0	2	0.0
1359	Coccophagus	2	0	1	0.0
1360	Coccophagus lycimnia	2	0	1	0.0
1361	Coccophagus maculipennis	4	0	2	0.0
1362	Coccophagus malthusi	2	0	1	0.0
1363	Coccophagus margaritatus	3	0	2	0.0
1364	Coelidiinae	3	0	1	0.0
1365	Coenagrionoidea	2	0	1	0.0
1366	Colladonus	2	0	1	0.0
1367	Compsolixus	11	0	2	1.0
1368	Coniocleonus	12	0	2	1.0
1369	Conocephalinae	25	0	15	1.0
1370	Conorhynchus	10	0	3	1.0
1371	Coptera anka	3	0	1	0.0
1372	Coreana raphaelis	1	0	1	0.0
1373	Coreoidea	2	0	1	0.0
1374	Cornupalpatum burmanicum	6	0	3	0.0
1375	Cosmogaster	2	0	1	0.0
1376	Cosmophasis bitaeniata	1	0	1	0.0
1377	Cotesia glomerata	5	0	1	0.0
1378	Coulinus	1	0	1	0.0
1379	Creatonotos gangis	82	0	16	2.0
1380	Crematogaster	7	0	2	0.0
1381	Crematogaster schmidti	16	0	2	1.0
1382	Creobroter	6	0	2	0.0
1383	Creoleon lugdunensis	3	0	2	0.0
1384	Cretanallachius magnificus	0	0	0	0.0
1385	Cretogramma engeli	1	0	1	0.0
1386	Cretoparacucujus cycadophilus	2	0	2	0.0
1387	Cryphopus	3	0	1	0.0
1388	Ctenurella	0	0	0	0.0
1389	Cuculliinae	8	0	3	0.0
1390	Culicomorpha	9	0	2	1.0
1391	Cupiennius	4	0	1	0.0
1392	Cupiennius salei	9	0	2	0.0
1393	Curculioididae	4	0	2	0.0
1394	Curculioninae	3	0	1	0.0
1395	Curculionites	1	0	1	0.0
1396	Cybister lateralimarginalis	4	0	1	0.0
1397	Cylindera	2	0	1	0.0
1398	Cylindera germanica	2	0	1	0.0
1399	Cylindera glabra	2	0	1	0.0
1400	Cymothoe sangaris	4	0	2	0.5
1401	Cynthia	17	0	4	0.0
1402	Cyphocleonus	18	0	3	1.0
1403	Danainae	12	0	2	0.0
1404	Daphnusa	2	0	1	0.0
1405	Daphnusa ailanti	1	0	1	0.0
1406	Daphnusa sinocontinentalis	2	0	1	0.0
1407	Darwinylus marcosi	0	0	0	0.0
1408	Dasineura	4	0	2	0.0
1409	Dasystoma salicella	20	0	17	1.0
1410	Deinocroton draculi	0	0	0	0.0
1411	Deltocephalus	2	0	1	0.0
1412	Demodex cyonis	3	0	2	0.0
1413	Desis bobmarleyi	2	0	1	0.0
1414	Diaea	2	0	1	0.0
1415	Diaea dorsata	12	0	3	1.0
1416	Diaea ergandros	5	0	2	0.0
1417	Diaea evanida	1	0	1	0.0
1418	Diaea giltayi	1	0	1	0.0
1419	Diaeini	4	0	2	0.0
1420	Dikraneura	2	0	1	0.0
1421	Dilixellus	9	0	2	0.0
1422	Diodontognathus papillatus	0	0	0	0.0
1423	Dipteromantispidae	7	0	4	0.0
1424	Dolichopoda	6	0	2	0.0
1425	Dolichopoda geniculata	3	0	1	0.0
1426	Dolichopoda graeca	1	0	1	0.0
1427	Dolichopoda hussoni	1	0	1	0.0
1428	Dolichopoda makrykapa	1	0	1	0.0
1429	Dolomedes	12	0	3	0.5
1430	Donacia semicuprea	2	0	1	0.0
1431	Doratura	1	0	1	0.0
1432	Dorcadion cinerarium	1	0	1	0.0
1433	Dorcadion fuliginator	3	0	1	0.0
1434	Dorcadion mokrzeckii	14	0	2	1.0
1435	Dorcadion pedestre	1	0	1	0.0
1436	Dorcadion sareptanum	3	0	1	0.0
1437	Dryocampa	1	0	1	0.0
1438	Dryops	1	0	1	0.0
1439	Dysaphis	4	0	1	0.0
1440	Eacles	2	0	1	0.0
1441	Eacles barnesi	1	0	1	0.0
1442	Eacles oslari	1	0	1	0.0
1443	Eciton	3	0	1	0.0
1444	Ecitophya	1	0	1	0.0
1445	Ectinogonia buqueti	1	0	1	0.0
1446	Ederranus	1	0	1	0.0
1447	Edessena	1	0	1	0.0
1448	Eduardoxenus unicus	0	0	0	0.0
1449	Edwardsiana	1	0	1	0.0
1450	Elaea	2	0	2	0.0
1451	Elaterinae	2	0	1	0.0
1452	Electrocaptivus xui	1	0	1	0.0
1453	Elymana	1	0	1	0.0
1454	Emblemasoma erro	2	0	1	0.0
1455	Empoa	1	0	1	0.0
1456	Empoasca	1	0	1	0.0
1457	Empusa guttula	4	0	2	0.0
1458	Empusa hedenborgii	1	0	1	0.0
1459	Empusa longicollis	2	0	1	0.0
1460	Empusa pennata	12	0	7	0.0
1461	Empusa uvarovi	2	0	1	0.0
1462	Endoxyla cinereus	1	0	1	0.0
1463	Entiminae	8	0	2	0.5
1464	Entymetopus	2	0	1	0.0
1465	Eocleonus	1	0	1	0.0
1466	Eophyllium messelensis	0	0	0	0.0
1467	Epexochus	3	0	1	0.0
1468	Ephimeronotus	3	0	1	0.0
1469	Epiacanthus	2	0	1	0.0
1470	Epimeces	9	0	1	1.0
1471	Epiocheirata	1	0	1	0.0
1472	Episyrphus balteatus	54	0	29	1.0
1473	Eremiaphila	5	0	1	0.5
1474	Eremiaphilidae	18	0	4	1.0
1475	Eremoplana	2	0	1	0.0
1476	Eriovixia gryffindori	2	0	1	0.0
1477	Eristalis bardus	1	0	1	0.0
1478	Erythracarinae	3	0	1	0.0
1479	Erythromma	10	0	3	1.0
1480	Euacanthellinae	2	0	1	0.0
1481	Eugeniodecus	3	0	1	0.0
1482	Euhypnorna grata	2	0	1	0.0
1483	Eukoenenia	2	0	1	0.0
1484	Eukoenenia christiani	2	0	1	0.0
1485	Eukoenenia strinatii	2	0	1	0.0
1486	Eukoeneniidae	2	0	1	0.0
1487	Eulixus	8	0	2	0.0
1488	Eumecops	9	0	2	0.5
1489	Eumesocampa	1	0	1	0.0
1490	Euophrys omnisuperstes	3	0	1	0.0
1491	Eupelix	3	0	1	0.0
1492	Eupithecia basurmanca	4	0	1	0.0
1493	Eupteryx	2	0	2	0.0
1494	Eurhadina	1	0	1	0.0
1495	Eurycleonus	4	0	1	0.5
1496	Eurythyrea	2	0	1	0.0
1497	Euscelis	2	0	1	0.0
1498	Euscorpius beroni	5	0	2	0.0
1499	Eusparassus dufouri	6	0	2	0.0
1500	Eustenopus	2	0	1	0.0
1501	Eutulomatus	1	0	1	0.0
1502	Evacanthus	3	0	1	0.0
1503	Extatosoma tiaratum	12	0	3	0.0
1504	Fagina silvatica	4	0	1	0.0
1505	Fallomyrma	22	0	18	1.0
1506	Fallomyrma anodonta	4	0	2	0.0
1507	Fallomyrma marginata	4	0	4	0.0
1508	Fallomyrma robusta	3	0	2	0.0
1509	Fideliinae	1	0	1	0.0
1510	Filistata maguirei	1	0	1	0.0
1511	Forcipata	1	0	1	0.0
1512	Formiciinae	2	0	1	0.0
1513	Formicini	1	0	1	0.0
1514	Furcantenna yangi	3	0	2	0.0
1515	Gasteroclisus	2	0	1	0.0
1516	Gastrophysa	6	0	2	0.0
1517	Geomantis	2	0	2	0.0
1518	Geomantis larvoides	7	0	3	0.5
1519	Georginus	4	0	1	0.0
1520	Girtesma	1	0	1	0.0
1521	Glebius	2	0	1	0.0
1522	Gluphisia	0	0	0	0.0
1523	Gluphisia crenata	4	0	1	0.0
1524	Gluphisia lintneri	1	0	1	0.0
1525	Gluphisia oxiana	3	0	1	0.0
1526	Goliathus regius	6	0	2	0.0
1527	Gondwanascorpio emzantsiensis	15	0	3	1.0
1528	Gonioctena	1	0	1	0.0
1529	Gonocleonus	3	0	1	0.0
1530	Gonometa postica	2	0	1	0.0
1531	Grant viridifluvius	0	0	0	0.0
1532	Gromphadorhina portentosa	44	0	4	2.0
1533	Gyranusoidea iranica	1	0	1	0.0
1534	Habralictus	2	0	1	0.0
1535	Hadeninae	7	0	1	0.0
1536	Halter halteratus	1	0	1	0.0
1537	Halteriomantispa grimaldii	4	0	2	0.0
1538	Haplocampa wagnelli	2	0	1	0.0
1539	Haplopelma schmidti	7	0	2	0.0
1540	Harmonia (комаха)	24	0	10	1.0
1541	Harpalinae	8	0	2	0.0
1542	Hedychrum nobile	8	0	1	0.5
1543	Helaeomyia petrolei	8	0	3	0.0
1544	Helichus ussuriensis	1	0	1	0.0
1545	Heliconiinae	8	0	2	0.0
1546	Heliconius erato	10	0	3	0.0
1547	Helicoverpa zea	9	0	2	1.0
1548	Heliozona	3	0	1	0.0
1549	Helminthomorpha	4	0	2	0.0
1550	Hepsidera	1	0	1	0.0
1551	Hermetia illucens	55	0	6	2.0
1552	Heterocleonus	2	0	1	0.0
1553	Heteropterinae	1	0	1	0.0
1554	Hexarthrius	4	0	1	0.0
1555	Hierodula	13	0	3	0.0
1556	Holaptilon	1	0	1	0.0
1557	Holaptilon pusillulum	1	0	1	0.0
1558	Hololixus	4	0	1	0.0
1559	Hovalarinus	2	0	1	0.0
1560	Hybomitra	8	0	2	0.0
1561	Hybomitra altaica	2	0	1	0.0
1562	Hybomitra alticola	3	0	1	0.0
1563	Hydrillodes	1	0	1	0.0
1564	Hyles	6	0	2	0.0
1565	Hylobius abietis	31	0	5	1.0
1566	Hymenopodidae	10	0	2	0.0
1567	Hypatopa binotella	5	0	2	0.0
1568	Hypatopa inunctella	5	0	1	1.0
1569	Hypatopa segnella	19	0	17	0.0
1570	Hypoechana fuliginosa	1	0	1	0.0
1571	Hypogastruroidea	1	0	1	0.0
1572	Hypolixus	2	0	1	0.0
1573	Hypsicorypha gracilis	11	0	4	0.0
1574	Idia	4	0	1	0.0
1575	Idolomantis diabolica	13	0	3	0.0
1576	Ileomus	3	0	1	0.0
1577	Ilybius	2	0	1	0.0
1578	Insolentipalpus	1	0	1	0.0
1579	Integripalpia	10	0	3	0.0
1580	Iolana iolas	7	0	3	0.0
1581	Iris	10	0	3	0.0
1582	Iris oratoria	23	0	6	1.0
1583	Isomerops	3	0	1	0.0
1584	Isotogastrura	2	0	1	0.0
1585	Isotomidae	1	0	1	0.0
1586	Ixodida	95	0	7	3.0
1587	Julodinae	22	1	20	1.0
1588	Junonia coenia	10	0	2	0.5
1589	Junonia lemonias	4	0	2	0.0
1590	Kalligramma	1	0	1	0.0
1591	Kalligramma paradoxum	1	0	1	0.0
1592	Kalligrammatidae	6	0	1	0.5
1593	Kallima inachus	8	0	2	0.0
1594	Katha	1	0	1	0.0
1595	Katha depressa	1	0	1	0.0
1596	Katha laevis	1	0	1	0.0
1597	Katha magnata	1	0	1	0.0
1598	Katha moorei	1	0	1	0.0
1599	Katha nankunshanica	1	0	1	0.0
1600	Katha nigropoda	1	0	1	0.0
1601	Katha prabana	1	0	1	0.0
1602	Katha suffusa	1	0	1	0.0
1603	Kekveus jason	3	0	1	1.0
1604	Klassius	3	0	1	0.0
1605	Koenigius	3	0	1	0.0
1606	Labidura riparia	8	0	2	0.0
1607	Lachnaeus	10	0	3	0.5
1608	Lagonomegopidae	1	0	1	0.0
1609	Lambula	1	0	1	0.0
1610	Lambula aethalocis	2	0	1	0.0
1611	Lambula agraphia	1	0	1	0.0
1612	Lambula aroa	1	0	1	0.0
1613	Lambula bilineata	1	0	1	0.0
1614	Lambula bivittata	1	0	1	0.0
1615	Lambula buergersi	1	0	1	0.0
1616	Larentiinae	3	0	1	0.0
1617	Larinodontes	2	0	1	0.0
1618	Larinomesius	8	0	2	0.0
1619	Larinus	10	0	2	0.0
1620	Larinus (підрід)	6	0	1	0.5
1621	Larinus turbinatus	11	0	4	0.0
1622	Larinus vulpes	5	0	1	0.0
1623	Lasiocampinae	2	0	1	0.0
1624	Lasiommata	3	0	1	0.0
1625	Latrodectinae	4	0	1	0.0
1626	Lepismachilis eocaenica	0	0	0	0.0
1627	Leptopodomorpha	2	0	1	0.0
1628	Lestremiinae	1	0	1	0.0
1629	Lestremiini	3	0	2	0.0
1630	Lethocerus deyrollei	20	0	17	0.0
1631	Lethocerus grandis	18	0	14	1.0
1632	Lethocerus indicus	83	0	41	1.0
1633	Leucochromus	6	0	2	0.0
1634	Leucomigus	7	0	2	0.0
1635	Leucophyes	6	0	1	0.0
1636	Libelloides italicus	1	0	1	0.0
1637	Libelluloidea	1	0	1	0.0
1638	Limnephilus antiquastepposus	8	0	7	0.0
1639	Limnephilus kaspievi	20	0	17	0.0
1640	Limnephilus metakaspievi	10	0	10	0.0
1641	Limnephilus parakaspievi	17	0	10	0.0
1642	Limnephilus valliculacerasinus	7	0	7	0.0
1643	Limnichidae	3	0	1	0.0
1644	Liocleonus	3	0	1	0.0
1645	Lithosiina	4	0	3	0.0
1646	Lithosiinae	1	0	1	0.0
1647	Lithosiini	8	0	5	0.0
1648	Lixinae	99	0	8	2.5
1649	Lixini	2	0	1	0.0
1650	Lixocleonus	3	0	1	0.0
1651	Lixoglyptus	4	0	1	0.0
1652	Lixomorphus	3	0	1	0.0
1653	Lixopachys	3	0	1	0.0
1654	Lixus	8	0	3	0.0
1655	Lixus (підрід)	6	0	1	0.0
1656	Lophocorona	3	0	1	0.0
1657	Lucaninae	1	0	1	0.0
1658	Lucanus	8	0	1	0.0
1659	Lucanus placidus	3	0	1	0.0
1660	Luciliinae	2	0	1	0.0
1661	Lycosa aragogi	29	0	4	1.0
1662	Lysibia nana	2	0	1	0.0
1663	Machaerotypus sibiricus	5	0	2	0.0
1664	Macleodiella electrina	0	0	0	0.0
1665	Macroglossinae	9	0	2	0.0
1666	Macrolepidoptera	4	0	2	0.0
1667	Macrosiphini	3	0	1	0.0
1668	Macrotermes	3	0	1	0.0
1669	Macrotermes gilvus	2	0	1	0.0
1670	Macroxiphus	11	0	5	0.0
1671	Macroxiphus nasicornis	3	0	1	0.0
1672	Macroxiphus sumatranus	4	0	2	0.0
1673	Manica	4	0	1	0.0
1674	Mantidae	56	0	6	2.0
1675	Mantis	31	0	4	1.0
1676	Maratus personatus	4	0	3	0.0
1677	Marumba spectabilis	6	0	5	0.0
1678	Marumba tigrina	1	0	1	0.0
1679	Maximus	14	0	2	0.5
1680	Mecaspis	3	0	1	0.0
1681	Medaurini	1	0	1	0.0
1682	Medauroidea	5	0	1	0.0
1683	Megachilinae	1	0	1	0.0
1684	Megaphragma	2	0	1	0.0
1685	Megatominae	2	0	1	0.0
1686	Melitaea acentria	4	0	1	0.0
1687	Melitaea ornata	4	0	1	1.0
1688	Menecleonus	3	0	1	0.0
1689	Menthastriella	1	0	1	0.0
1690	Mesocleonus	3	0	1	0.0
1691	Mesostigmata	11	0	2	1.0
1692	Mesothelae	14	0	2	1.0
1693	Metacucujus	5	0	2	0.0
1694	Metacucujus encephalarti	22	0	16	0.5
1695	Metallyticus	10	0	2	1.0
1696	Metopininae	3	0	1	0.0
1697	Metriocampa	1	0	1	0.0
1698	Microcleonus	3	0	1	0.0
1699	Microlarinus	2	0	1	0.0
1700	Microlixus	2	0	1	0.0
1701	Microplitis croceipes	2	0	1	0.0
1702	Micropterix calthella	3	0	1	0.0
1703	Microthespis	3	0	3	0.0
1704	Mionycha	1	0	1	0.0
1705	Misumena vatia	1197	21	124	33.5
1706	Misumenoides formosipes	4	0	1	0.0
1707	Molytinae	7	0	2	0.0
1708	Mongolocleonus	5	0	1	0.0
1709	Monolophus	4	0	1	0.0
1710	Morphini	4	0	1	0.0
1711	Morpho rhetenor	10	0	2	0.5
1712	Muschampia	3	0	1	0.0
1713	Muscoidea	3	0	1	0.0
1714	Mycotrichus	1	0	1	0.0
1715	Myrmarachne	5	0	2	0.0
1716	Myrmarachne assimilis	1	0	1	0.0
1717	Myrmarachne caliraya	1	0	1	0.0
1718	Myrmarachne plataleoides	3	0	1	0.0
1719	Myrmekiaphila neilyoungi	1	0	1	0.0
1720	Myrmeleon fasciatus	1	0	1	0.0
1721	Myrmeleon quinquemaculatus	1	0	1	0.0
1722	Myrmeleontiformia	3	0	1	0.0
1723	Myrmica angulata	1	0	1	0.0
1724	Myrmicini	7	0	2	0.0
1725	Myrmozercon cyrusi	2	0	1	0.0
1726	Mystrium camillae	2	0	1	0.0
1727	Myzocallis	2	0	1	0.0
1728	Nastus (жуки)	1	0	1	0.0
1729	Nauphoeta cinerea	7	0	2	0.0
1730	Naxa seriaria	3	0	1	0.0
1731	Nefis	0	0	0	0.0
1732	Negastriinae	2	0	1	0.0
1733	Neivamyrmex	1	0	1	0.0
1734	Nemaspela ladae	1	0	1	0.0
1735	Nematopogon metaxella	0	0	0	0.0
1736	Nemophora degeerella	3	0	1	0.0
1737	Nemophora dumerilella	3	0	1	0.0
1738	Nemopteridae	3	0	1	0.0
1739	Nemopteroidea	1	0	1	0.0
1740	Neocleonus	3	0	1	0.0
1741	Neodermaptera	1	0	1	0.0
1742	Nepa cinerea	37	0	14	1.0
1743	Nicrophorinae	2	0	1	0.0
1744	Nicrophorus	33	0	7	1.0
1745	Nicrophorus interruptus	4	0	2	0.0
1746	Nicrophorus investigator	15	0	8	1.0
1747	Nicrophorus japonicus	3	0	2	0.0
1748	Nipponaphis monzeni	0	0	0	0.0
1749	Nomimonyx	5	0	2	0.0
1750	Notiothauma reedi	3	0	2	0.0
1751	Nudobius lentus	8	0	2	0.0
1752	Nuttalliella namaqua	2	0	1	0.0
1753	Nymphavus progenitor	1	0	1	0.0
1754	Nymphidae	2	0	1	0.0
1755	Obtectomera	2	0	1	0.0
1756	Ochyrocera aragogue	0	0	0	0.0
1757	Oecophylla	8	0	3	0.0
1758	Oecophylla taurica	2	0	1	0.0
1759	Oestroidea	7	0	2	1.0
1760	Oligochlora semirugosa	0	0	0	0.0
1761	Oligopsychopsis	0	0	0	0.0
1762	Oligotrophini	1	0	1	0.0
1763	Oniticellini	2	0	1	0.0
1764	Onthophagini	2	0	1	0.0
1765	Onthophagus vacca	6	0	1	0.0
1766	Opostega	1	0	1	0.0
1767	Opostegoides	1	0	1	0.0
1768	Oramiella wisei	1	0	1	0.0
1769	Orsunius electronefelus	2	0	2	0.0
1770	Orthodera novaezealandiae	6	0	2	0.0
1771	Ortholixus	7	0	1	0.0
1772	Oryctes	5	0	1	0.0
1773	Oryctes agamemnon	2	0	1	0.0
1774	Oryctes rhinoceros	3	0	1	0.0
1775	Osmia cornuta	3	0	1	0.0
1776	Osmylops	1	0	1	0.0
1777	Othorene	2	0	1	0.0
1778	Pachycerus	9	0	1	1.0
1779	Pachyiulus humicola	1	0	1	0.0
1780	Pachymerium tabacarui	2	0	1	0.0
1781	Paederinae	4	0	2	0.0
1782	Pajnisoodes	3	0	1	0.0
1783	Palaeortona quercyensis	2	0	1	0.0
1784	Palaeotendipes alexii	0	0	0	0.0
1785	Palomena prasina	62	0	6	2.0
1786	Paracucujus rostratus	3	0	2	0.0
1787	Paradoxosisyra groehni	2	0	2	0.0
1788	Paraponera	2	0	1	0.0
1789	Parastrachiidae	3	0	1	0.0
1790	Paratarsotomus	2	0	1	0.0
1791	Paratarsotomus sabulosus	4	0	2	0.0
1792	Parileomus	1	0	1	0.0
1793	Parnopes grandior	5	0	1	0.0
1794	Pedanoptera arachnophila	0	0	0	0.0
1795	Peltosyne triassica	0	0	0	0.0
1796	Pemphigidae	4	0	1	0.0
1797	Pentatominae	6	0	1	0.0
1798	Pentatomoidea	6	0	1	0.0
1799	Pentatomomorpha	9	0	2	0.5
1800	Pentatropis	4	0	1	0.0
1801	Perlamantis allibertii	8	0	2	1.0
1802	Permarachne novokshonovi	2	0	1	0.0
1803	Phaneropterinae	19	0	4	1.0
1804	Phasmatidae	5	0	1	0.0
1805	Phaulosomus	4	0	1	0.0
1806	Philidris nagasau	1	0	1	0.0
1807	Phillixus	4	0	1	0.0
1808	Phlebotomus papatasi	9	0	3	0.0
1809	Phlebotomus papuensis	1	0	1	0.0
1810	Phlebotomus pedifer	3	0	1	0.0
1811	Phlebotomus perfiliewi	3	0	1	0.0
1812	Phlebotomus perniciosus	1	0	1	0.0
1813	Phlebotomus pexopharynx	1	0	1	0.0
1814	Phlebotomus sergenti	1	0	1	0.0
1815	Phobaeticus chani	3	0	1	0.0
1816	Phobaeticus kirbyi	3	0	1	0.0
1817	Phyllochrysa huangi	3	0	2	0.0
1818	Phyllodromica	2	0	1	0.0
1819	Phyllodromica merrakescha	3	0	2	0.0
1820	Phyllonomeus	10	0	2	0.0
1821	Phytotelmatrichis osopaddington	1	0	1	0.0
1822	Pisaura mirabilis	948	17	40	30.0
1823	Pison	1	0	1	0.0
1824	Planodiscus	6	0	1	1.0
1825	Planodiscus foreli	1	0	1	0.0
1826	Planodiscus furcatus	2	0	1	0.0
1827	Platyscelidini	1	0	1	0.0
1828	Pleurocleonus	9	0	2	0.0
1829	Pliocleonus	3	0	1	0.0
1830	Poduromorpha	2	0	1	0.0
1831	Poecilimon ampliatus	1	0	1	0.0
1832	Poecilimon elegans	1	0	1	0.0
1833	Poecilimon gracilis	1	0	1	0.0
1834	Poliochera	2	0	2	0.0
1835	Poliochera cretacea	1	0	1	0.0
1836	Poliochera gibbsi	1	0	1	0.0
1837	Poliochera glabra	2	0	1	0.0
1838	Poliochera punctulata	1	0	1	0.0
1839	Poliochera pustulatus	2	0	1	0.0
1840	Poliocheridae	2	0	1	0.0
1841	Polyneoptera	8	0	2	0.0
1842	Polyommatus eros	7	0	1	1.0
1843	Polyommatus pljushtchi	7	0	2	0.0
1844	Ponomarenkia belmonthensis	2	0	1	0.0
1845	Porocleonus	3	0	1	0.0
1846	Prionolixus	1	0	1	0.0
1847	Prionorhinus	5	0	1	1.0
1848	Pristomyrmex elmesi	1	0	1	0.0
1849	Pritha garfieldi	1	0	1	0.0
1850	Prochoreutis pseudostellaris	0	0	0	0.0
1851	Prodryas persephone	4	0	1	0.0
1852	Prohamitermes	2	0	1	0.0
1853	Prokoenenia	1	0	1	0.0
1854	Prokoeneniidae	1	0	1	0.0
1855	Proleptothorax primitivus	0	0	0	0.0
1856	Prostigmata	10	0	2	0.0
1857	Psectra diptera	1	0	1	0.0
1858	Psephenidae	2	0	1	0.0
1859	Pseudeumecops	3	0	1	0.0
1860	Pseudisomerus	3	0	1	0.0
1861	Pseudocleonus	8	0	1	1.0
1862	Pseudopostega	1	0	1	0.0
1863	Pseudopulex	3	0	1	0.0
1864	Pseudoyersinia	1	0	1	0.0
1865	Pseudoyersinia betancuriae	8	0	3	0.0
1866	Pseudoyersinia brevipennis	6	0	2	0.0
1867	Pseudoyersinia canariensis	7	0	3	0.5
1868	Pseudoyersinia lagrecai	1	0	1	0.0
1869	Pseudoyersinia paui	1	0	1	0.0
1870	Pseudoyersinia pilipes	9	0	3	0.0
1871	Pseudoyersinia subaptera	6	0	2	0.0
1872	Pseudoyersinia teydeana	5	0	2	0.0
1873	Psychodomorpha	1	0	1	0.0
1874	Psychopsidae	2	0	1	0.0
1875	Psyllobora	6	0	2	1.0
1876	Pterocroce capillaris	1	0	1	0.0
1877	Pteromalidae	8	0	2	0.0
1878	Pterostichinae	1	0	1	0.0
1879	Pterostichus alexeji	2	0	1	0.0
1880	Pterostichus burkhan	1	0	1	0.0
1881	Pterostichus rodionovi	1	0	1	0.0
1882	Ptilodon	1	0	1	0.0
1883	Ptilodoninae	1	0	1	0.0
1884	Ptilophora	2	0	1	0.0
1885	Ptiloscola	1	0	1	0.0
1886	Puer maculatus	1	0	1	0.0
1887	Pycnodactylopsis	3	0	1	0.0
1888	Pygaerinae	1	0	1	0.0
1889	Rachesa	2	0	1	0.0
1890	Reclinervellus nielseni	3	0	1	0.0
1891	Rhabdorrhynchus	7	0	1	0.0
1892	Rhinocyllus	8	0	1	0.0
1893	Rhinocyllus conicus	8	0	1	1.0
1894	Rhizoglyphus robini	2	0	1	0.0
1895	Rhopalocera	38	0	4	1.0
1896	Rhopalosomatidae	3	0	1	0.0
1897	Rhynchophorus	10	0	2	1.0
1898	Rhynchophorus ferrugineus	16	0	4	0.5
1899	Ricinoides	1	0	1	0.0
1900	Ricinoides feae	1	0	1	0.0
1901	Ricinoides hanseni	1	0	1	0.0
1902	Ricinoides karschii	1	0	1	0.0
1903	Ricinoides leonensis	1	0	1	0.0
1904	Ricinoides megahanseni	1	0	1	0.0
1905	Ricinoides olounoua	1	0	1	0.0
1906	Ricinoides sjostedtii	1	0	1	0.0
1907	Ricinoididae	4	0	1	0.0
1908	Rivetina	3	0	2	0.0
1909	Rivetinini	6	0	5	0.0
1910	Rophalis relicta	22	0	15	0.0
1911	Rovnoholoneurus	0	0	0	0.0
1912	Sabatinca	2	0	1	0.0
1913	Sahastata sinuspersica	2	0	2	0.0
1914	Samia	1	0	1	0.0
1915	Saturnia pinratanai	1	0	1	0.0
1916	Saturniini	1	0	1	0.0
1917	Satyrus virbius	4	0	1	0.5
1918	Saurophthirus	7	0	4	0.0
1919	Saurophthirus longipes	3	0	1	0.0
1920	Scaphomorphus	9	0	2	0.0
1921	Scarabaeinae	5	0	2	0.0
1922	Scarabaeus fraterculus	5	0	2	0.0
1923	Schausiella	2	0	1	0.0
1924	Schizophora	4	0	1	0.0
1925	Sciaroidea	3	0	1	0.0
1926	Scymninae	3	0	1	0.0
1927	Selandriinae	1	0	1	0.0
1928	Sepsidae	3	0	1	0.0
1929	Sericomyrmex	24	0	10	2.0
1930	Sericomyrmex radioheadi	9	0	3	1.0
1931	Sicarius hahni	15	0	2	1.0
1932	Sipalinus gigas	2	0	1	0.0
1933	Sitophilus	3	0	2	0.0
1934	Smerinthini	2	0	1	0.0
1935	Sphaerites	4	0	1	0.0
1936	Sphecomyrminae	3	0	2	0.0
1937	Sphingonotini	4	0	1	0.0
1938	Sphodromantis	11	0	2	0.0
1939	Sphodromantis viridis	14	0	3	1.0
1940	Stalagtia skadarensis	4	0	3	0.0
1941	Steatoda grossa	25	0	4	1.0
1942	Stenurella sennii	1	0	1	0.0
1943	Stephanocleonus	12	0	2	1.0
1944	Stephanoidea	5	0	1	0.0
1945	Sterrhinae	7	0	4	0.0
1946	Stethophyma grossum	20	0	2	1.0
1947	Stilbum cyanurum	2	0	1	0.0
1948	Streblote	1	0	1	0.0
1949	Streblote fainae	3	0	1	0.0
1950	Streblote finitorum	1	0	1	0.0
1951	Stromboscerinae	1	0	1	0.0
1952	Stromboscerus	1	0	1	0.0
1953	Sublarinus	2	0	1	0.0
1954	Supraserphites draculi	21	0	17	2.0
1955	Surchania	5	0	1	0.0
1956	Symphypleona	2	0	1	0.0
1957	Syndesinae	3	0	1	0.0
1958	Syntomini	7	0	3	0.0
1959	Syssphinx	2	0	1	0.0
1960	Tabaninae	3	0	1	0.0
1961	Taeniopterygidae	4	0	1	0.0
1962	Taeniopteryx	1	0	1	0.0
1963	Taeniopteryx lita	1	0	1	0.0
1964	Taeniopteryx lonicera	1	0	1	0.0
1965	Taeniopteryx maura	1	0	1	0.0
1966	Taeniopteryx mercuryi	1	0	1	0.0
1967	Taeniopteryx metequi	1	0	1	0.0
1968	Taeniopteryx nebulosa	1	0	1	0.0
1969	Tanymecus	2	0	1	0.0
1970	Taurodemus	2	0	1	0.0
1971	Temnorhinus	15	0	2	1.0
1972	Temnothorax nylanderi	9	0	2	1.0
1973	Tenthredininae	1	0	1	0.0
1974	Tenthredinoidea	3	0	1	0.0
1975	Terminasiania	3	0	1	0.0
1976	Terpsicroton alticeps	3	0	2	0.0
1977	Tetragnatha	15	0	4	0.0
1978	Tetragonothorax	3	0	1	0.0
1979	Teyia branislav	0	0	0	0.0
1980	Thermesiini	3	0	1	0.0
1981	Thomisinae	12	0	4	1.0
1982	Thomisoidea	1	0	1	0.0
1983	Thysania	1	0	1	0.0
1984	Tibiceninae	2	0	2	0.0
1985	Tilloidea	7	0	2	0.0
1986	Timarcha lugens	2	0	1	0.0
1987	Timema cristinae	1	0	1	0.0
1988	Timogenes elegans	2	0	1	0.0
1989	Tineoidea	6	0	1	0.0
1990	Tortricinae	3	0	1	0.0
1991	Trachydemus	4	0	1	0.0
1992	Triatoma sanguisuga	26	3	23	13.0
1993	Trichocleonus	4	0	1	0.0
1994	Trichopria	1	0	1	0.0
1995	Trichotocleonus	4	0	1	0.0
1996	Trigonotarbida	8	0	2	0.5
1997	Trjapitzion cylindrocerus	0	0	0	0.0
1998	Trychopeplus laciniatus	1	0	1	0.0
1999	Tylogonus (павуки)	0	0	0	0.0
2000	Ulomoides dermestoides	18	0	3	1.0
2001	Umma gumma	4	0	2	0.0
2002	Uraraneida	10	0	3	0.0
2003	Verophasmatodea	1	0	1	0.0
2004	Vespa basalis	34	0	5	1.0
2005	Vestalis amethystina	1	0	1	0.0
2006	Wasmanniella	1	0	1	0.0
2007	Whiteheadia	2	0	1	0.0
2008	Xanthochelus	3	0	1	0.5
2009	Xanthopan morganii	3	0	1	0.0
2010	Xanthorhoe	2	0	1	0.0
2011	Xanthorhoe fluctuata	4	0	1	0.0
2012	Xanthorhoe heliopharia	1	0	1	0.0
2013	Xanthorhoini	2	0	1	0.0
2014	Xenomacrus	3	0	1	0.0
2015	Xenomorphia	3	0	1	0.0
2016	Xenomorphia handschini	1	0	1	0.0
2017	Xenomorphia resurrecta	2	0	1	0.0
2018	Xyleborini	2	0	1	0.0
2019	Xylodromus affinis	1	0	1	0.0
2020	Yponomeutoidea	8	0	2	0.0
2021	Zerynthia	1	0	1	0.0
2022	Zygaena carniolica	4	0	1	0.0
