1	Абія виблискуюча	42	0	6	1.5
2	Аврора біла	170	1	14	5.0
3	Аґапантіїні	4	0	2	0.0
4	Аґапантія	4	0	2	0.0
5	Акантоліда жовтоголова	4	0	1	0.0
6	Акантоліда сланцева	6	0	2	0.5
7	Акарапідоз	17	0	3	1.0
8	Акариформні кліщі	63	0	8	1.5
9	Акарициди	150	0	15	4.0
10	Акарологія	89	0	11	3.0
11	Американський білий метелик	146	0	14	4.0
12	Амофіла сарептська	20	0	4	1.0
13	Анадримадуза Ретовського	23	0	3	1.0
14	Анатомія комах	2114	24	171	60.0
15	Андрена велика	18	0	3	1.0
16	Андрена золотонога	27	0	3	1.0
17	Андрена ошатна	11	0	3	0.0
18	Андрена степова	27	0	5	1.0
19	Андрена червоноплямиста	13	0	2	1.0
20	Андреніди	13	0	2	1.0
21	Аністиди	8	0	3	0.0
22	Аноплій самарський	55	0	5	2.0
23	Антени (біологія)	218	1	22	5.0
24	Антофора коренаста	10	0	2	0.0
25	Антофора чорновійчаста	9	0	2	0.5
26	Апростема Карпентера	2	0	1	0.0
27	Апростема Пелетьє	4	0	1	0.0
28	Аранеоморфні	24	0	4	1.0
29	Арахнологія	210	2	22	6.0
30	Аргасові кліщі	216	2	14	7.0
31	Арге Беккера	23	0	3	1.0
32	Арге Фрівальдського	3	0	2	0.0
33	Аргіопа тигрова	750	10	70	20.0
34	Артроплевра	25	0	3	1.0
35	Архіметаболія	2	0	1	0.0
36	Архостемати	4	0	1	0.0
37	Аскалаф строкатий	29	0	4	1.0
38	Аскалафові	1	0	1	0.0
39	Афелінус	13	0	4	1.0
40	Африканізована бджола	32	0	5	1.0
41	Бабка перев'язана	222	1	46	4.0
42	Бабки	2713	21	193	76.0
43	Багатозв'яз гірський український	30	0	4	1.5
44	Барвниця грушева	28	0	4	1.0
45	Бджола (геральдика)	38	0	4	1.0
46	Бджола (рід)	380	4	27	11.0
47	Бджола велика	32	0	3	1.0
48	Бджола східна	19	0	5	0.0
49	Бджола-муляр Лефебвра	28	0	4	1.0
50	Бджоли	5983	59	482	155.0
51	Бджолині	80	0	6	2.0
52	Бджоловидка	22	0	4	1.0
53	Бджоловидка звичайна	64	0	7	2.0
54	Бджоловидка лісова	5	0	2	0.0
55	Безвусикові	32	0	4	1.0
56	Бей-Бієнко Григорій Якович	25	0	3	1.0
57	Білан брукв'яний	25	0	6	1.0
58	Білан гірський	13	0	2	0.0
59	Білан жилкуватий	59	0	6	2.0
60	Білан капустяний	2238	16	162	64.0
61	Білан ріпаковий	23	0	4	1.0
62	Біланові	61	0	7	2.0
63	Білокрилки	35	0	5	2.0
64	Білюх ріпаковий	14	0	2	1.0
65	Білюх степовий	6	0	1	0.0
66	Білюшок гірчичник	6	0	3	0.0
67	Білюшок Дюпоншеля	4	0	2	0.0
68	Білюшок Морзе	8	0	1	1.0
69	Бірміт	12	0	3	0.0
70	Бірроїдні	3	0	1	0.0
71	Бластобазиди	0	0	0	0.0
72	Блискітники	5	0	1	0.0
73	Блідий луговий метелик	6	0	1	1.0
74	Блідонога садова мурашка	15	0	3	1.0
75	Блішка бурякова звичайна	40	0	5	1.0
76	Блішка бурякова південна	10	0	1	1.0
77	Блішка льонова синя	26	0	4	1.0
78	Блішка смугаста хлібна	38	0	6	1.0
79	Блішки лляні	3	0	1	0.0
80	Блохи	6047	53	500	152.0
81	Богомол звичайний	951	12	77	27.0
82	Богомоли	978	5	82	30.0
83	Богомольчик Гельдрейха	4	0	1	0.0
84	Богомольчик кримський	44	0	13	1.0
85	Боліварія короткокрила	42	0	4	1.0
86	Больбелязм однорогий	18	0	3	1.0
87	Борошнистий червець	14	0	4	1.0
88	Борошнисті червеці	26	0	4	1.0
89	Борошняний кліщ	113	0	15	4.0
90	Бражник дубовий	130	0	10	4.0
91	Бражник карликовий	9	0	2	0.0
92	Бражник Комарова	0	0	0	0.0
93	Бражник Маака	0	0	0	0.0
94	Бражник мертва голова	319	2	33	9.0
95	Бражник олеандровий	41	0	5	1.0
96	Бражник очкастий	30	0	4	1.0
97	Бражник південний молочайний	21	0	4	1.0
98	Бражник підмаренниковий	11	0	3	0.0
99	Бражник прозерпіна	52	0	8	1.0
100	Бражник скабіозовий	36	0	8	1.0
101	Бражник тополевий	9	0	2	0.0
102	Бражник тютюновий	14	0	3	0.5
103	Бражник хорватський	12	0	2	1.0
104	Бражникові	523	1	60	12.0
105	Браконіди	32	0	4	1.0
106	Брахіцерус зморшкуватий	14	0	2	1.0
107	Бренівкові	16	0	7	0.0
108	Бронзівка волохата	72	0	7	2.0
109	Бронзівка гладка	19	0	3	1.0
110	Бронзівка мармурова	11	0	3	1.0
111	Бронзівка особлива	10	0	2	0.0
112	Бронзівки	51	0	5	2.0
113	Бронтоскорпіо	9	0	2	0.0
114	Букарка	42	0	6	1.5
115	Бупрестоїдні	1	0	1	0.0
116	Буравниця борщевична	13	0	3	1.0
117	Буряковий довгоносик-стеблоїд	29	0	8	1.0
118	Ванесса чорно-руда	22	0	3	1.0
119	Ведмедиці	30	0	4	1.0
120	Ведмедиця велика	154	0	12	4.0
121	Ведмедиця Геба	17	0	4	1.0
122	Ведмедиця Гера	24	0	3	1.0
123	Ведмедиця кайя	27	0	6	1.0
124	Ведмедиця-господиня	92	1	10	2.5
125	Велетенський мурашиний лев західний	36	0	8	1.0
126	Великий в'язовий заболонник	18	0	2	1.0
127	Великокрильці	8	0	3	0.0
128	Веслокрилі	34	0	5	1.0
129	Веснянка велика	51	0	7	2.0
130	Веснянки (комахи)	104	0	9	3.0
131	Віллі Хенніг	12	0	5	0.0
132	Вільгельм Фердинанд Еріхсон	2	0	1	0.0
133	Віялокрилі	34	0	6	1.0
134	Вовчок звичайний	5506	25	514	142.0
135	Вогнівка акацієва	13	0	2	1.0
136	Вогнівка інжирна	29	0	4	1.0
137	Вогнівка яблунева	10	0	2	0.5
138	Вогнівки	39	0	5	1.0
139	Вогнівки-трав'янки	4	0	1	0.0
140	Водомірки	764	2	66	21.0
141	Водяні скорпіони	133	1	12	4.0
142	Волохокрилець звичайний	10	0	2	0.0
143	Волохокрильці	127	1	9	4.0
144	Воші	7025	76	488	210.0
145	Всеїдні жуки	26	0	6	1.0
146	Вузьконадкрил	0	0	0	0.0
147	Вузьконадкрил рудий	2	0	1	0.0
148	Вусач дубовий	8	0	2	1.0
149	Вусач дубовий великий західний	60	0	6	2.0
150	Вусач дубовий малий	12	0	3	0.0
151	Вусач земляний Мокржецького	8	0	2	1.0
152	Вусач ліщиновий	22	0	3	1.0
153	Вусач пахучий	2	0	1	0.0
154	Вусач пахучий мускусний	37	0	4	1.0
155	Вусач сірий кленовий	25	0	4	1.0
156	Вусач-великозуб оленерогий	2	0	1	0.0
157	Вусач-коренеїд	3	0	1	0.0
158	Вусач-коренеїд елегантний	2	0	1	0.0
159	Вусач-коренеїд кримський	1	0	1	0.0
160	Вусач-коренеїд хрестоносець	27	0	4	1.0
161	Вусач-пурпуронадкрил Келера	4	0	1	0.0
162	Вусач-стенокор дубовий	4	0	3	0.0
163	Вусач-титан	4	0	1	0.0
164	Вусач-титан велетенський	64	0	7	2.0
165	Вусач-товстун	2	0	1	0.0
166	Вусач-товстун вербовий	9	0	3	0.0
167	Вусачик-акмеопс	0	0	0	0.0
168	Вусачик-акмеопс семикрапковий	6	0	1	0.5
169	Вусачі	307	2	22	10.0
170	Вусачі Українських Карпат	11	0	3	0.0
171	Вуховертка звичайна	193	1	16	6.0
172	Вуховертки	73	0	7	3.0
173	Гал (біологія)	246	0	24	7.0
174	Галеруцини	5	0	2	0.0
175	Галиці	31	0	6	1.0
176	Галиця виноградна	26	0	5	1.0
177	Галиця вічкова	19	0	3	1.0
178	Галиця пагонова смородинова	8	0	2	0.0
179	Галиця плодова грушева	10	0	2	1.0
180	Гармонія азійська	131	0	24	3.0
181	Гарячка паппатачі	91	0	12	2.5
182	Гемолімфа	779	4	49	27.0
183	Гемоціанін	427	2	24	13.0
184	Гігантський азійський шершень	70	0	8	2.0
185	Гілл-топпінг	17	0	4	1.0
186	Гіляров Меркурій Сергійович	41	0	6	1.0
187	Гіперметаморфоз	25	0	4	1.0
188	Гірняк Евриала	6	0	2	0.0
189	Гірняк ефіоп	4	0	1	0.0
190	Гірняк полонинець	2	0	1	0.0
191	Гірняк Проноя	2	0	1	0.0
192	Гірняк темнорудий	3	0	1	0.0
193	Гниди	739	14	39	22.0
194	Гнойовик звичайний	94	0	14	2.0
195	Гнус	177	1	11	5.0
196	Голова комах	270	0	20	8.0
197	Головогруди	111	1	10	3.0
198	Головотрубка	13	0	3	1.0
199	Головчак Актеон	4	0	2	0.0
200	Головчак Андромеда	5	0	1	0.0
201	Головчак великий рожаний	6	0	2	0.0
202	Головчак гратчастий	3	0	1	0.0
203	Головчак жилкуватий	6	0	2	0.0
204	Головчак карчоховий	2	0	1	0.0
205	Головчак кома	42	0	12	0.0
206	Головчак крокісовий	14	0	3	1.0
207	Головчак кружало	2	0	1	0.0
208	Головчак лісовий	10	0	4	0.0
209	Головчак мальвовий	4	0	2	0.0
210	Головчак мозаїчний	3	0	2	0.0
211	Головчак Морфей	4	0	1	0.0
212	Головчак Палемон	11	0	3	0.5
213	Головчак поцяткований	3	0	1	0.0
214	Головчак Прото	5	0	1	0.0
215	Головчак серпійний	6	0	1	0.0
216	Головчак сида	6	0	2	0.0
217	Головчак строкатий	5	0	1	0.0
218	Головчак східний	2	0	2	0.0
219	Головчак Таґес	3	0	1	0.0
220	Головчак тире	4	0	2	0.0
221	Головчак французький	6	0	1	0.0
222	Головчак чистецевий	7	0	2	0.0
223	Головчак-лісовик	12	0	2	1.0
224	Головчаки	9	0	3	0.0
225	Голометабола	33	0	4	1.0
226	Горіхотворка дубова	50	0	7	1.0
227	Горохова попелиця	29	0	3	1.0
228	Гребенников Віктор Степанович	31	0	4	1.0
229	Грибоподібні тіла	5	0	2	0.0
230	Грилоблатиди	6	0	1	0.0
231	Груди комах	264	0	24	7.0
232	Губоногі	402	0	33	11.0
233	Гусениця	627	6	49	19.0
234	Густав Майр	1	0	1	0.0
235	Ґедзеві	421	4	58	20.5
236	Ґедзь бичачий	81	0	7	3.0
237	Давньокрилі	55	0	7	2.0
238	Данаєць Хрисипп	21	0	3	1.0
239	Данилевський Олександр Сергійович	65	0	31	1.0
240	Двокрилі	1818	9	122	51.0
241	Двопарноногі багатоніжки	56	0	7	1.0
242	Двопорі	5	0	1	0.0
243	Дендрометріни	1	0	1	0.0
244	Деревинник дубовий	20	0	4	1.0
245	Деревний богомол закавказький	32	0	3	1.0
246	Дерновинні молі	0	0	0	0.0
247	Джміль	1158	9	78	32.0
248	Джміль альпійський	1	0	1	0.0
249	Джміль вересовищний	9	0	5	0.0
250	Джміль вірменський	17	0	2	1.0
251	Джміль Вурфлена	10	0	3	0.0
252	Джміль Герштеккера	12	0	2	1.0
253	Джміль гірський	1	0	1	0.0
254	Джміль глинистий	94	0	28	2.0
255	Джміль земляний	109	0	14	3.0
256	Джміль золотисто-підперезаний	5	0	2	0.0
257	Джміль кам'яний	15	0	7	0.0
258	Джміль кінський	2	0	1	0.0
259	Джміль лезус	25	0	4	1.0
260	Джміль луговий	12	0	2	0.0
261	Джміль мінливий	14	0	6	0.0
262	Джміль міський	8	0	2	0.0
263	Джміль моховий	115	0	8	4.0
264	Джміль незвичайний	17	0	5	1.0
265	Джміль норовий	17	0	5	0.0
266	Джміль оперезаний	11	0	3	0.5
267	Джміль пахучий	47	0	5	2.0
268	Джміль північний	3	0	2	0.0
269	Джміль підземний	29	0	5	1.0
270	Джміль піренейський	2	0	1	0.0
271	Джміль пластинчастозубий	8	0	5	0.0
272	Джміль польовий	17	0	4	0.0
273	Джміль полярний	5	0	2	0.0
274	Джміль садовий	19	0	6	1.0
275	Джміль Семенова-Тян-Шанського	9	0	4	0.0
276	Джміль угорський	1	0	1	0.0
277	Джміль червонуватий	25	0	3	1.0
278	Джміль яскравий	32	0	5	1.0
279	Джміль-зозуля білозадий	22	0	5	1.0
280	Джміль-зозуля бородатий	14	0	4	0.0
281	Джміль-чесальник	11	0	4	0.0
282	Джон Обадія Вествуд	2	0	1	0.0
283	Джордж Генрі Горн	3	0	1	0.0
284	Дзвінцеві	43	0	7	1.0
285	Дзюрчалки	119	1	12	3.5
286	Дибка степова	129	0	12	4.0
287	Династес	4	0	2	0.0
288	Династес Мая	1	0	1	0.0
289	Династес титис	7	0	2	0.0
290	Дихальце	138	0	16	3.0
291	Діапауза	196	1	19	5.0
292	Діаприїди	3	0	1	0.0
293	Довговус	0	0	0	0.0
294	Довговусі	29	0	3	1.0
295	Довговусі прямокрилі	14	0	3	0.0
296	Довговуска білоплямиста	2	0	1	0.0
297	Довгоніжка шкідлива	39	0	5	1.0
298	Довгоносик бульбочковий сірий щетинистий	24	0	4	1.0
299	Довгоносик бульбочковий смугастий	59	0	9	2.0
300	Довгоносик буряковий звичайний	235	0	24	7.0
301	Довгоносик візерунковий	5	0	2	0.0
302	Довгоносик грушевий листковий	8	0	2	0.0
303	Довгоносик двокільовий	6	0	3	0.0
304	Довгоносик землистий	16	0	3	1.0
305	Довгоносик комірний	153	0	12	5.0
306	Довгоносик ліщиновий	24	0	4	1.0
307	Довгоносик малиново-суничний	40	0	7	1.0
308	Довгоносик рисовий	29	0	8	1.0
309	Довгоносик сірий бруньковий	24	0	7	1.0
310	Довгоносик сірий буряковий	32	0	6	1.0
311	Довгоносик стебловий	19	0	4	0.0
312	Довгоносики	255	2	28	7.0
313	Довгоносикоподібні	43	0	15	1.0
314	Дозорець-імператор	1344	5	152	26.0
315	Домашній чорний павук	212	1	17	7.0
316	Дріофториди	1	0	1	0.0
317	Дрозофіла чорночерева	260	0	36	6.0
318	Дрозофіли	3056	11	742	28.0
319	Дукачик блакитнуватий	3	0	2	0.0
320	Дукачик бурий	3	0	1	0.0
321	Дукачик ватрак	5	0	2	0.0
322	Дукачик грянець	5	0	2	0.0
323	Дукачик непарний	17	0	3	1.0
324	Дукачик обочень	1	0	1	0.0
325	Дукачик Терсамон	4	0	2	0.0
326	Дукачик фіялковий	4	0	1	0.0
327	Дядечко Микола Платонович	37	0	4	1.0
328	Евцера вірменська	3	0	1	0.0
329	Евцера далматська	2	0	1	0.0
330	Ейлія іржава	7	0	1	0.0
331	Екдізон	15	0	4	0.0
332	Екологія комах	405	2	31	12.0
333	Елія гостроголова	21	0	6	1.0
334	Ембії	22	0	5	1.0
335	Емпуза	12	0	2	1.0
336	Емпуза піщана	56	0	7	1.0
337	Емпуза смугаста	76	0	11	2.0
338	Емпузові	3	0	1	0.0
339	Ентомологічна зброя	43	0	8	1.0
340	Ентомологічний сачок	8	0	2	0.0
341	Ентомологія	630	6	35	19.0
342	Ентомохорія	24	0	7	0.0
343	Ентоцид (Метаризин)	56	0	6	2.0
344	Еребіди	7	0	2	0.0
345	Ернст Людвиг Ташенберг	0	0	0	0.0
346	Євген Йоганн Крістоф Еспер	7	0	2	0.0
347	Жалібниця	40	0	6	1.0
348	Жало (тварин)	262	1	17	8.0
349	Жан Анрі Фабр	31	0	5	1.0
350	Жан Гійом Авдінет-Сервіль	4	0	1	0.0
351	Жирове тіло	543	3	69	17.0
352	Життєвий цикл комах	3021	34	185	97.0
353	Жовтюх	15	0	5	0.0
354	Жовтюх альфакарець	10	0	2	0.0
355	Жовтюх Ерато	16	0	2	1.0
356	Жовтюх осьмак	18	0	2	1.0
357	Жовтюх помаранчик	19	0	3	1.0
358	Жовтюх торфовищний	41	0	6	1.0
359	Жовтюх шапранець	3	0	1	0.0
360	Жужелиця дама	15	0	3	1.0
361	Жужелиця Шеврола	7	0	2	1.0
362	Жук малиновий	72	0	6	2.0
363	Жук музейний	12	0	3	1.0
364	Жук хлібний	74	0	6	2.0
365	Жук-Геркулес	95	0	9	3.0
366	Жук-носоріг європейський	236	1	16	8.0
367	Жук-олень	1836	16	123	54.0
368	Жук-самітник	60	0	5	2.0
369	Жуки-бомбардири	433	0	151	1.5
370	Жуки-гнойовики	405	4	35	11.0
371	Жуки-точильники	194	2	15	5.0
372	Жуки-хижаки	91	0	10	2.0
373	Заболонник	18	0	4	1.0
374	Заболонник грабовий	19	0	2	1.0
375	Західна бурякова муха	24	0	4	1.0
376	Західний квітковий трипс	34	0	5	1.0
377	Зегрис Евфема	35	0	5	1.0
378	Зелена цитрусова попелиця	12	0	3	1.0
379	Зеленоочка	21	0	3	1.0
380	Земледухи	313	1	54	8.0
381	Зернова міль	43	0	5	2.0
382	Зерноїд бобовий	9	0	2	1.0
383	Зерноїд гороховий	33	0	6	1.0
384	Златка блискуча	21	0	3	1.0
385	Златка бронзова дубова	13	0	2	1.0
386	Златка смородинова вузькотіла	15	0	4	1.0
387	Златка чорна	18	0	4	1.0
388	Златки	115	0	11	4.0
389	Знойко Дмитро Васильович	11	0	2	0.5
390	Золотогуз	67	0	10	1.5
391	Золотоочки	164	1	13	4.0
392	Зораптери	23	0	3	1.0
393	Зоряниця Аврора	24	0	3	1.0
394	Зубарик стегнуватий	8	0	3	0.0
395	Зубарик чорнолапий	8	0	2	0.5
396	Іксодові кліщі	1874	23	125	50.0
397	Імаго	763	4	58	22.0
398	Інсектициди	856	5	69	23.0
399	Ірис плямистий	87	0	9	2.0
400	Історія диптерології	16	0	3	1.0
401	Їздці	477	2	39	12.0
402	Їздці-іхневмоніди	78	0	11	2.0
403	Йоганн Гайнріх Гохгут	0	0	0	0.0
404	Йоганн Зігфрід Гуфнагель	0	0	0	0.0
405	Йоганн Ігнац Шіффермюллер	1	0	1	0.0
406	Йоганн Карл Вільгельм Іллігер	6	0	1	0.0
407	Йоганн Каспар Фюсслі	4	0	1	0.0
408	Йоганн Фрідріх Вільгельм Гербст	5	0	1	0.0
409	Казарка (комаха)	57	0	8	1.0
410	Каламеута жовта	12	0	3	0.0
411	Каліфориди	86	0	19	2.0
412	Каптурники	13	0	2	0.0
413	Карадрина	12	0	2	0.5
414	Каракурт	1986	33	149	52.0
415	Карл Пенеке	7	0	2	0.0
416	Касти комах	44	0	5	1.0
417	Катаптерикс кримський	2	0	1	0.0
418	Квіткоїд грушевий	8	0	3	0.0
419	Квіткоїд ріпаковий	14	0	4	1.0
420	Квіткоїд яблуневий	32	0	13	1.0
421	Кененії	39	0	4	1.0
422	Кератофаги	2	0	2	0.0
423	Кержнер Ізяслав Мойсейович	12	0	3	1.0
424	Кириченко Олександр Миколайович	6	0	2	0.0
425	Ківсяки	142	0	14	4.0
426	Кістянки	21	0	3	1.0
427	Клітра	2	0	1	0.0
428	Клітрини	3	0	1	0.0
429	Кліщ собачий	738	4	54	18.0
430	Кліщі	4359	35	350	108.0
431	Клоп грушевий	10	0	3	1.0
432	Клоп маврський	18	0	3	0.5
433	Клоп шкідлива черепашка	136	1	9	4.0
434	Клоп щавлевий	23	0	5	1.0
435	Клоп-арлекін	5	0	1	0.0
436	Клопи	1654	25	96	44.0
437	Книжковий скорпіон	142	1	21	4.0
438	Кобилка (Прямокрилі)	23	0	7	0.5
439	Кобилка хрестова	11	0	2	0.0
440	Ковалик смугастий	46	0	5	1.0
441	Ковалики	212	1	16	7.0
442	Коконопряди	15	0	3	1.0
443	Коконопрядоподібні	2	0	1	0.0
444	Колемболи	136	1	10	4.0
445	Колорадський жук	1711	10	128	45.0
446	Кольпа Клюге	5	0	1	0.5
447	Комар блискучий	2	0	1	0.0
448	Комар звичайний	1084	6	99	23.0
449	Комарик черенковий	9	0	2	0.0
450	Комарі	4253	32	384	99.0
451	Комахи	18533	160	1078	602.0
452	Комахи в культурі	298	2	29	8.0
453	Комахозапилення	554	6	35	16.0
454	Коник блакитнокрилий	25	0	7	1.0
455	Коник зелений	2402	12	201	72.0
456	Кордулегастер кільчастий	20	0	5	1.0
457	Коренегриз звичайний	12	0	3	0.5
458	Коретра	17	0	3	1.0
459	Корнєєв Валерій Олексійович	63	0	12	1.0
460	Короїд	194	2	14	6.0
461	Короїд зморшкуватий	13	0	2	1.0
462	Короїд непарний багатоїдний	27	0	3	1.0
463	Короїд непарний західний	38	1	5	1.0
464	Короїди	201	1	14	6.0
465	Коромисла	62	0	9	1.0
466	Коромисло (рід)	96	0	14	2.0
467	Коротковусі двокрилі	54	0	14	1.0
468	Коротковусі прямокрилі	47	0	6	1.0
469	Кортодера волохата	1	0	1	0.0
470	Коршунов Юрій Петрович	5	0	1	0.0
471	Косарики (ентомологія)	702	2	64	18.0
472	Косатцеві	49	0	7	1.0
473	Косатці	32	0	5	1.0
474	Косатцюваті	25	0	7	0.0
475	Костянтин Гормузакі	13	0	3	0.0
476	Краброніди	7	0	2	0.5
477	Кравчик-головач	54	0	5	2.0
478	Красновуска Маккара	4	0	1	0.0
479	Красотіл пахучий	107	0	12	3.0
480	Красуня блискуча кримська	23	0	6	1.0
481	Красуня діва	211	0	17	6.0
482	Кривовусі крихітки-молі	6	0	1	1.0
483	Крила комах	1714	10	137	46.0
484	Крилаті комахи	228	1	28	7.0
485	Криптохіл червонуватий	3	0	1	0.0
486	Кровососка оленяча	29	0	6	1.0
487	Круглошовні мухи	9	0	2	0.0
488	Круліковський Леонід Костянтинович	4	0	1	0.0
489	Крупноголови	1	0	1	0.0
490	Ксєнжопольський Антон Владиславович	8	0	2	1.0
491	Ксилокопа	10	0	3	0.0
492	Ксилокопа звичайна	76	0	19	2.0
493	Ксилокопа райдужна	9	0	3	0.0
494	Ксилокопа фіолетова	30	0	5	1.0
495	Ктир велетенський	48	0	6	1.0
496	Ктир шершенеподібний	29	0	6	1.0
497	Ктирі	194	0	69	2.0
498	Кубіталія чорна	8	0	2	1.0
499	Кукуїформні	7	0	2	0.0
500	Кукуйоїдні	5	0	2	0.0
501	Кутикула безхребетних	255	1	18	8.0
502	Левкоринія білолоба	20	0	4	1.0
503	Легіт березовий	8	0	2	0.0
504	Легіт дубовий	8	0	2	0.0
505	Лептура	6	0	2	0.0
506	Лептура етіопка	4	0	2	0.0
507	Лептура золотиста	7	0	3	0.0
508	Лептура кривонога	3	0	1	0.0
509	Лептура червоноспинкова	2	0	1	0.0
510	Лептура чотирисмуга	2	0	1	0.0
511	Лептурини	9	0	3	0.0
512	Листоблішка грушева	10	0	2	0.0
513	Листоблішка зонтична	3	0	1	0.0
514	Листоблішка яблунева	27	0	4	1.0
515	Листоблішки	12	0	2	1.0
516	Листоїд в'язовий	18	0	3	1.0
517	Листоїд рудий	4	0	1	0.0
518	Листоїд фіолетовий вільховий	19	0	3	1.0
519	Листоїди	90	1	13	2.0
520	Листокрутка брунькова	15	0	2	1.0
521	Листокрутка вербова кривовуса	11	0	4	0.0
522	Листокрутка виноградна	16	0	6	1.0
523	Листокрутка вишнева	8	0	2	0.0
524	Листокрутка кривовуса ліщинова	5	0	1	0.0
525	Листокрутка кривовуса смородинова	4	0	2	0.0
526	Листокрутка полохлива	3	0	1	0.0
527	Листокрутка різноколірна плодова	9	0	4	0.0
528	Листокрутка розанова	14	0	2	1.0
529	Листокрутка свинцевосмугаста	2	0	1	0.0
530	Листокрутка сітчаста	4	0	2	0.0
531	Листокрутка строкато-золотиста	3	0	2	0.0
532	Листокрутка сунична	2	0	1	0.0
533	Лівшиц Іссахар Зельманович	4	0	1	0.0
534	Ліксус катрановий	6	0	1	0.0
535	Лімнефіліди	2	0	1	0.0
536	Лук'янович Федір Костянтинович	9	0	2	1.0
537	Лунка срібляста	29	0	3	1.0
538	Луски	604	3	39	17.0
539	Лускокрилі	5200	38	361	136.0
540	Лускокрилі на поштових марках СРСР	15	0	2	1.0
541	Лусочниця звичайна	213	0	14	6.0
542	Людвіг Гангльбауер	0	0	0	0.0
543	Людовико ді Капоріакко	0	0	0	0.0
544	Лялечка	738	5	63	22.0
545	Ляміїні	3	0	1	0.0
546	Лярра анафемська	14	0	2	1.0
547	М'якотілки	17	0	3	1.0
548	Макрофія тевтонська	2	0	1	0.0
549	Максили	99	0	8	3.0
550	Мальпігієві судини	410	2	28	13.0
551	Малярійні комарі	1055	8	67	27.0
552	Мандибули	144	1	13	4.0
553	Мантиспові	14	0	2	1.0
554	Мариковський Павло Іустинович	116	2	9	3.0
555	Маріо Бецці	4	0	1	0.0
556	Матка (бджільництво)	149	1	11	4.0
557	Махаон (комаха)	3202	13	421	63.0
558	Мацумура Шенен	0	0	0	0.0
559	Мегалара гаруда	6	0	1	0.0
560	Мегахілиди	4	0	1	0.0
561	Мей Беренбаум	3	0	1	0.0
562	Мереживниця Галатея	13	0	2	1.0
563	Мереживниця російська	4	0	1	0.0
564	Мертвоїди	52	0	8	2.0
565	Метелівкові	15	0	2	1.0
566	Міксофаги	7	0	1	0.5
567	Міль бурякова мінуюча	13	0	2	1.0
568	Міль довговуса зелена	9	0	2	0.0
569	Міль довговуса фіолетова	3	0	2	0.0
570	Міль зонтична	13	0	2	0.0
571	Міль капустяна	28	0	4	1.0
572	Міль листкова	6	0	1	0.0
573	Міль плодова	22	0	3	1.0
574	Міль серпокрила персикова	11	0	2	0.0
575	Міль цибулева	4	0	2	0.0
576	Міль яблунева	42	0	7	1.0
577	Мінери	18	0	3	1.0
578	Мінливець великий	49	0	7	2.0
579	Мінливець малий	4	0	1	0.0
580	Мінливець Метис	11	0	4	1.0
581	Мокреці	110	1	11	3.0
582	Мокржецький Сигізмунд Олександрович	21	0	3	1.0
583	Молі довговусі	11	0	10	0.0
584	Молі-строкатки	18	0	3	1.0
585	Мольорх малий	4	0	2	0.0
586	Монарх (метелик)	631	2	47	20.0
587	Морімус	3	0	1	0.0
588	Морімус блакитний	7	0	2	0.0
589	Морімус справжній	3	0	2	0.0
590	Морфо	148	0	17	3.0
591	Москіт	202	0	21	5.0
592	Москіти	225	0	17	8.0
593	Мотиль	134	0	12	3.0
594	Мурахи	3488	47	238	107.0
595	Мурашиний лев звичайний	62	0	11	1.5
596	Мурашині леви	54	0	5	1.0
597	Муха вишнева	38	0	3	1.5
598	Муха гессенська	49	0	5	1.5
599	Муха капустяна весняна	26	0	4	1.0
600	Муха кімнатна	5576	42	486	140.0
601	Муха морквяна	17	0	3	1.0
602	Мухи	1447	12	113	43.0
603	Мухи-стрічкокрилки	16	0	3	0.5
604	Мухоловка звичайна	649	8	35	20.0
605	Надкрила	248	1	22	7.0
606	Наличник (біологія)	8	0	1	0.5
607	Настінні павуки-краби	9	0	1	0.0
608	Непарний шовкопряд	111	0	19	3.0
609	Неуротома фауста	2	0	1	0.0
610	Нівелія кров'янистонадкрила	5	0	2	0.0
611	Німфа (біологія)	166	2	13	5.0
612	Новокрилі	106	0	15	3.0
613	Ноги комах	2666	16	218	73.0
614	Ноліди	5	0	1	1.0
615	Носатки	2	0	1	0.0
616	Носачка-листовидка	45	0	10	1.5
617	Носачки	2	0	1	0.0
618	Нотум	33	0	3	1.0
619	Образцов Микола Сергійович	6	0	2	0.0
620	Оводи	628	9	43	17.0
621	Оглоблін Дмитро Олексійович	15	0	2	0.5
622	Оглоблін Олександр Олексійович	15	0	2	1.0
623	Одноденки	262	2	36	7.0
624	Однопорі	6	0	1	0.0
625	Оксамитниця аретуса	0	0	0	0.0
626	Оксамитниця Тарпея	6	0	2	0.0
627	Оксамитниця Ютта	3	0	1	0.0
628	Оліготоміди	1	0	1	0.0
629	Онтофаг	4	0	2	0.0
630	Опариш	230	2	16	7.0
631	Опістосома	17	0	3	1.0
632	Опостегіди	1	0	1	0.0
633	Орусус паразитичний	16	0	3	1.0
634	Орхідейний богомол	23	0	3	1.0
635	Оса	1256	10	105	36.0
636	Осадець білозір	7	0	1	0.0
637	Осадець великий	16	0	4	1.0
638	Осадець Егерія	7	0	2	0.5
639	Осадець Мегера	21	0	3	1.0
640	Осмія руда	46	0	9	1.0
641	Очняк вовчок	21	0	16	1.0
642	Очняк волове око	12	0	2	1.0
643	Очняк жовтогарячий	5	0	2	0.0
644	Очняк квітковий	11	0	3	0.0
645	Очняк Лікаон	7	0	2	0.5
646	Очняк ферульний	1	0	1	0.0
647	П'явиця синя	19	0	3	1.0
648	П'ядун аґрусовий	15	0	2	1.0
649	П'ядун березовий	42	0	6	1.0
650	П'ядун зимовий	54	0	9	2.0
651	П'ядун обведений	5	0	1	0.0
652	П'ядун щавлевий	3	0	2	0.0
653	П'ядуни	51	0	5	1.0
654	Павук жовтий	366	3	46	8.0
655	Павук-краб	22	0	2	1.0
656	Павук-сріблянка	947	8	88	24.0
657	Павук-хрестовик	3149	27	247	77.0
658	Павуки	6195	60	484	169.0
659	Павуки роду Argiope	8	0	4	0.0
660	Павуки-краби	75	0	12	2.0
661	Павуки-тенетники	84	0	10	2.0
662	Павуки-шовкопряди	20	0	3	1.0
663	Павукоподібні	8581	56	659	235.0
664	Павутинні кліщі	78	0	6	3.0
665	Панцирні кліщі	70	0	10	2.0
666	Паперові оси	85	0	12	1.0
667	Паразитоформні кліщі	117	0	11	3.0
668	Пасманець Сапфо	4	0	1	0.0
669	Пасманець струмковий	3	0	2	0.0
670	Пауроподи	25	0	4	1.0
671	Пахіта	3	0	2	0.0
672	Пахіта смугаста	2	0	1	0.0
673	Пахіта чотириплямиста	3	0	2	0.0
674	Пацюкова блоха	378	2	34	9.0
675	Педикульоз	2368	32	113	78.0
676	Пелекоцера широколоба	3	0	1	0.0
677	Первиннобезкрилі комахи	236	1	26	7.0
678	Передньоспинка	11	0	4	1.0
679	Перетинчастокрилі	1824	12	144	49.0
680	Періодичні цикади	126	1	18	3.0
681	Перлівець Геката	3	0	1	0.0
682	Перлівець Дафна	3	0	1	0.0
683	Перлівець Евномія	3	0	1	0.0
684	Перлівець Єфросина	3	0	1	0.0
685	Перлівець Іно	3	0	2	0.0
686	Перлівець малий	4	0	2	0.0
687	Перлівець північний	2	0	1	0.0
688	Перлівець Селена	6	0	2	0.0
689	Перлівець Титанія	7	0	2	0.0
690	Петрункевич Олександр Іванович	4	0	1	0.0
691	Печерний коник кавказький	3	0	1	0.0
692	Пилкоротиця південна	5	0	2	0.0
693	Пилкохвіст	1	0	1	0.0
694	Пилкохвіст Болдирева	6	0	1	0.0
695	Пилкохвіст український	40	0	4	2.0
696	Пилові кліщі	380	4	25	13.0
697	Пильщик березовий	8	0	2	0.0
698	Пильщики	109	0	10	3.0
699	Північна бурякова муха	12	0	2	0.5
700	Піґулочники	4	0	1	0.5
701	Підглотковий ганглій	7	0	3	1.0
702	Підсрібник Адиппа	3	0	1	0.0
703	Підсрібник великий	5	0	1	0.0
704	Підсрібник габовий	5	0	2	0.0
705	Підсрібник Лаодіка	3	0	1	0.0
706	Підсрібник Латонія	8	0	2	0.5
707	Підсрібник Ніобея	2	0	2	0.0
708	Підсрібник Пандора	7	0	2	0.0
709	Плавунець облямований	1048	4	90	21.0
710	Плавунець широкий	37	0	4	1.0
711	Плавунцеві	1574	8	138	48.0
712	Плавунці	34	0	5	1.0
713	Пластинчастовусі	142	0	14	4.0
714	Платтяна воша	604	5	41	17.0
715	Плішивий шершень	11	0	2	0.0
716	Плодожерка яблунева	102	0	10	3.0
717	Плоский червоний кліщ	34	0	7	1.0
718	Плоскотілка червона	17	0	4	0.0
719	Плоскотілки	16	0	4	0.0
720	Політ комах	151	0	16	4.0
721	Пономаренко Олександр Георгійович	1	0	1	0.0
722	Попелиці	691	10	44	21.0
723	Попелиця баштанна	20	0	4	1.0
724	Порчинський Йосип Алоїзович	14	0	2	1.0
725	Постільний клоп	868	15	44	28.0
726	Примарові	474	1	81	8.0
727	Прихованохоботник стебловий капустяний	15	0	6	0.5
728	Прихованощелепні	34	0	4	1.0
729	Просте око у безхребетних	58	0	8	2.0
730	Прочанок	11	0	7	0.0
731	Прочанок Арканія	4	0	2	0.0
732	Прочанок болотяний	19	0	16	0.0
733	Прочанок Глікеріон	0	0	0	0.0
734	Прочанок Едип	9	0	8	0.0
735	Прочанок Леандр	2	0	1	0.0
736	Прочанок памфіл	15	0	3	1.0
737	Прус італійський	27	0	4	1.0
738	Прусак	132	0	12	4.0
739	Прусак рудий	619	8	37	16.0
740	Прямокрилі	1559	7	109	41.0
741	Псарус черевастий	5	0	1	0.0
742	Псевдоскорпіони	184	0	14	5.0
743	Псевдофаенопс Якобсона	2	0	1	0.0
744	Псевдощитівки	10	0	2	0.0
745	Птахокрилка королеви Олександри	43	0	7	1.0
746	Птеростих	5	0	1	0.5
747	Пухоїди	143	1	12	4.0
748	Ранатра звичайна	51	0	6	2.0
749	Рафідофориди	3	0	1	0.0
750	Рицинулеї	11	0	3	0.5
751	Рівнокрилі	618	3	60	13.0
752	Рівнокрилі бабки	206	0	27	4.0
753	Різнокрилі	58	0	6	2.0
754	Ріодініди	1	0	1	0.0
755	Рогач малий	41	0	5	1.5
756	Рогачі	48	0	5	1.5
757	Рогохвіст-авгур	10	0	2	1.0
758	Рогохвости	24	0	4	1.0
759	Родендорф Борис Борисович	5	0	2	0.0
760	Ротовий апарат комах	4751	33	342	120.0
761	Руднєв Дмитро Федорович	3	0	2	0.0
762	Рябець Аврелія	0	0	0	0.0
763	Рябець Авринія	8	0	2	0.0
764	Рябець арденнський	4	0	2	0.0
765	Рябець Аталія	6	0	2	0.0
766	Рябець Бритомартида	1	0	1	0.0
767	Рябець великий	8	0	2	0.0
768	Рябець діаміна	5	0	2	0.0
769	Рябець звичайний	3	0	1	0.0
770	Рябець рудий	5	0	2	0.0
771	Рябець червоний	5	0	2	0.0
772	Сарана	1140	7	85	40.0
773	Сарана марокська	41	0	7	1.0
774	Сарана перелітна	1002	5	85	28.0
775	Саранові	46	0	5	1.0
776	Сатир боровий	9	0	2	0.5
777	Сатир боровий південний	5	0	2	0.0
778	Сатир Брісеїда	4	0	1	0.0
779	Сатир буковий	6	0	2	0.0
780	Сатир Герміона	3	0	1	0.0
781	Сатир Дріада	9	0	5	0.0
782	Сатир Персефона	5	0	2	0.0
783	Сатир Цирцея	5	0	1	0.0
784	Сатурнієві	19	0	2	1.0
785	Сатурнія (метелик)	16	0	3	1.0
786	Сатурнія велика	117	0	8	4.0
787	Світлякові	203	1	21	6.0
788	Сидячечеревні	19	0	4	1.0
789	Сизириди	4	0	2	0.0
790	Симфіли	29	0	5	1.0
791	Синдром руйнування колоній	35	0	4	1.0
792	Синявець Алькон	5	0	2	0.0
793	Синявець Альцет	4	0	2	0.0
794	Синявець Антерос	3	0	1	0.0
795	Синявець Аргирогномон	7	0	3	0.0
796	Синявець Аргіад	6	0	2	0.0
797	Синявець Аргус	5	0	2	0.0
798	Синявець Аріон	7	0	2	0.0
799	Синявець вицвілий	2	0	1	0.0
800	Синявець Вікрама	6	0	2	0.0
801	Синявець голуб'як	16	0	6	1.0
802	Синявець гороховий	7	0	3	0.0
803	Синявець Дамон	5	0	1	0.0
804	Синявець Дамоне	0	0	0	0.0
805	Синявець евмедон	6	0	2	0.0
806	Синявець Ідас	7	0	1	0.0
807	Синявець Ікар	24	0	4	1.0
808	Синявець карликовий	6	0	1	0.0
809	Синявець конюшиновий	7	0	2	0.0
810	Синявець Коридон	6	0	1	0.0
811	Синявець кримський	3	0	1	0.0
812	Синявець крушиновий	5	0	2	0.0
813	Синявець Мелеагр	7	0	1	0.0
814	Синявець Озиріс	8	0	2	0.0
815	Синявець Оріон	5	0	2	0.0
816	Синявець Піритой	0	0	0	0.0
817	Синявець приязний	6	0	3	0.0
818	Синявець Рипарта	2	0	1	0.0
819	Синявець Телей	9	0	2	0.0
820	Синявець темно-синій	10	0	3	0.0
821	Синявець Терсит	5	0	2	0.0
822	Синявець торфовищний	3	0	1	0.0
823	Синявець туркусовий	6	0	1	0.0
824	Синявець хазарський	1	0	1	0.0
825	Синявець чорнуватий	5	0	1	0.0
826	Синявцеві	55	0	6	2.0
827	Сирф перев'язаний	148	0	99	2.0
828	Система Комстока-Нідема	11	0	4	0.0
829	Систематичний перелік родин жуків світу	44	0	5	1.0
830	Сінниця Геро	19	0	2	1.0
831	Сіноїди	35	0	3	1.0
832	Сітчастокрилі	125	0	11	4.0
833	Скарабей	78	0	9	2.0
834	Скарабей священний	1139	13	168	29.0
835	Сколія-гігант	115	0	19	3.0
836	Сколопендра	474	8	32	15.0
837	Сколопендра гігантська	115	0	8	4.0
838	Сколопендра кільчаста	33	0	5	1.0
839	Сколопендра товста	7	0	2	1.0
840	Скорпіон кримський	121	0	10	3.0
841	Скорпіони	2256	27	160	63.0
842	Скорпіонові мухи	46	0	6	1.5
843	Слимакоїд кримський	21	0	3	1.0
844	Сліпняк буряковий	20	0	3	1.0
845	Сліпняк люцерновий	17	0	3	1.0
846	Слоник люцерновий	12	0	2	1.0
847	Совинський Вадим Васильович	5	0	1	0.0
848	Совка Агриппіна	34	0	3	1.0
849	Совка капустяна	32	0	6	1.0
850	Совка озима	87	0	8	2.0
851	Совка пірамідальна	11	0	3	1.0
852	Совка соснова	52	0	10	1.0
853	Совка-гамма	57	0	7	2.0
854	Совки	117	0	9	3.0
855	Совки-п'ядуни	5	0	2	0.0
856	Сольпуга звичайна	145	1	14	5.0
857	Сольпуги	610	8	43	18.0
858	Соміти	130	0	16	3.0
859	Сонечка	3679	37	220	117.0
860	Сонечко двокрапкове	202	0	19	6.0
861	Сонечко семикрапкове	1012	7	80	24.0
862	Сонцевик адмірал	335	1	52	8.0
863	Сонцевик будяковий	128	0	17	3.0
864	Сонцевик кропив'яний	91	0	8	2.0
865	Сонцевик павиче око	625	1	64	16.0
866	Сонцевик фау-біле	15	0	3	1.0
867	Сонцевики	124	0	13	3.0
868	Сонцевичок змінний	13	0	3	0.5
869	Список аністид України	22	0	7	1.0
870	Список бабок Польщі	8	0	4	0.0
871	Список бабок Росії	3	0	2	0.0
872	Список бабок України	154	0	17	3.0
873	Список богомолів Алжиру	0	0	0	0.0
874	Список богомолів В'єтнаму	0	0	0	0.0
875	Список богомолів Європи	13	0	2	1.0
876	Список богомолів Непалу	1	0	1	0.0
877	Список богомолів Північної Македонії	2	0	1	0.5
878	Список богомолів України	105	1	9	2.0
879	Список богомолів Шрі-Ланки	0	0	0	0.0
880	Список видів бджіл Ізраїлю	4	0	1	0.0
881	Список видів бджіл Швеції	1	0	1	0.0
882	Список видів джмелів України	50	0	7	1.0
883	Список видів мурах Грузії	4	0	2	0.0
884	Список видів мурах Данії	0	0	0	0.0
885	Список видів мурах Польщі	4	0	2	0.0
886	Список видів мурах роду Camponotus	9	0	4	0.5
887	Список видів мурах роду Crematogaster	3	0	2	0.5
888	Список видів мурах Росії	3	0	1	0.0
889	Список видів мурах України	123	0	9	4.0
890	Список видів мурах Швеції	0	0	0	0.0
891	Список видів мурах Шрі-Ланки	12	0	4	0.5
892	Список видів роду джміль	7	0	1	0.0
893	Список видів роду Aedes	1	0	1	0.0
894	Список видів роду Cicindela	2	0	1	0.0
895	Список вимерлих комах	41	0	36	0.0
896	Список вуховерток України	44	0	38	1.0
897	Список двокрилих Польщі	39	0	5	1.0
898	Список денних метеликів Азербайджану	2	0	1	0.0
899	Список денних метеликів Алжиру	0	0	0	0.0
900	Список денних метеликів Вірменії	4	0	1	0.0
901	Список денних метеликів Ірану	1	0	1	0.0
902	Список денних метеликів Намібії	2	0	1	0.0
903	Список денних метеликів Російської Федерації	2	0	1	0.0
904	Список денних метеликів Санкт-Петербурга і Ленінградської області	6	0	1	1.0
905	Список денних метеликів Туреччини	1	0	1	0.0
906	Список денних метеликів України	894	10	64	24.0
907	Список денних метеликів Швеції	3	0	1	0.5
908	Список комах, занесених до Червоної книги України	663	7	39	21.0
909	Список лускокрилих Австрії	1	0	1	0.0
910	Список лускокрилих Албанії	4	0	3	0.0
911	Список лускокрилих Андорри	3	0	1	0.0
912	Список лускокрилих Бельгії	1	0	1	0.0
913	Список лускокрилих Білорусі	5	0	2	0.0
914	Список лускокрилих Болгарії	0	0	0	0.0
915	Список лускокрилих Боснії і Герцеговини	1	0	1	0.0
916	Список лускокрилих Греції	2	0	1	0.0
917	Список лускокрилих Данії	2	0	1	0.0
918	Список лускокрилих Естонії	2	0	1	0.0
919	Список лускокрилих Ірану	6	0	2	0.0
920	Список лускокрилих Кіпру	2	0	1	0.0
921	Список лускокрилих Латвії	1	0	1	0.0
922	Список лускокрилих Литви	2	0	1	0.0
923	Список лускокрилих Ліхтенштейну	0	0	0	0.0
924	Список лускокрилих Люксембургу	1	0	1	0.0
925	Список лускокрилих Молдови	2	0	1	0.0
926	Список лускокрилих Намібії	6	0	2	0.0
927	Список лускокрилих Норвегії	1	0	1	0.0
928	Список лускокрилих Острова Пасхи	0	0	0	0.0
929	Список лускокрилих Островів Святої Єлени, Вознесіння і Тристан-да-Кунья	3	0	1	0.0
930	Список лускокрилих Північної Македонії	5	0	3	0.0
931	Список лускокрилих Польщі	5	0	4	0.0
932	Список лускокрилих Російської Федерації	21	0	6	0.0
933	Список лускокрилих Румунії	2	0	1	0.0
934	Список лускокрилих Сербії, Чорногорії та Косова	3	0	1	0.0
935	Список лускокрилих Словаччини	4	0	1	0.0
936	Список лускокрилих Танзанії	9	0	3	0.0
937	Список лускокрилих Угорщини	1	0	1	0.0
938	Список лускокрилих України	58	0	6	2.0
939	Список лускокрилих Фінляндії	1	0	1	0.0
940	Список лускокрилих Хорватії	1	0	1	0.0
941	Список лускокрилих Чехії	1	0	1	0.0
942	Список лускокрилих Швеції	0	0	0	0.0
943	Список лускокрилих Шрі-Ланки	5	0	1	0.0
944	Список метеликів родини Coleophoridae Туреччини	0	0	0	0.0
945	Список молей Туреччини	1	0	1	0.0
946	Список павуків Польщі	30	0	6	2.0
947	Список павуків Шрі-Ланки	5	0	1	0.0
948	Список прямокрилих України	37	0	5	2.0
949	Список скорпіонів Шрі-Ланки	5	0	1	1.0
950	Список совок Туреччини	7	0	2	0.0
951	Список тарганів Польщі	7	0	2	0.0
952	Список турунів Білорусі	3	0	1	0.0
953	Список турунів Естонії	3	0	1	0.0
954	Список турунів Молдови	3	0	1	0.0
955	Справжні ківсяки	7	0	2	0.0
956	Справжні клопи	215	3	13	6.0
957	Справжні коники	1005	11	76	32.0
958	Справжні оси	21	0	4	1.0
959	Справжні попелиці	99	0	10	3.0
960	Справжні цвіркуни	92	0	9	2.0
961	Стафілін волохатий	21	0	4	1.0
962	Стафілін пахучий	28	0	4	1.0
963	Стебельчасточеревні	27	0	5	1.0
964	Стенурелла	3	0	1	0.0
965	Стерніт	36	0	6	1.0
966	Странгалія	0	0	0	0.0
967	Странґаліна вузькотіла	5	0	2	0.5
968	Стрибуни	11	0	1	1.0
969	Стрілка (бабка)	15	0	3	0.0
970	Стрілка Ліндена	23	0	4	1.0
971	Стрілка Меркурія	19	0	5	2.0
972	Стрілки (родина)	27	0	5	1.0
973	Стрільчатка псі	3	0	1	0.0
974	Стрільчатка тризубець	4	0	2	0.0
975	Стрільчатка щавлева	7	0	2	0.0
976	Стрічкарка диз'юнктивна	6	0	2	0.0
977	Стрічкарка Камілла	4	0	1	0.0
978	Стрічкарка орденська малинова	57	0	12	1.0
979	Стрічкарка тополева	24	0	3	1.0
980	Стрічкарка червоно-жовта	3	0	1	0.0
981	Стрічкарки	3	0	1	0.0
982	Строкатки (метелики)	26	0	5	1.0
983	Строкатокрилки	18	0	4	1.0
984	Тагма	31	0	5	1.0
985	Тарантул	1290	14	87	36.0
986	Тарантул південноруський	570	6	48	16.0
987	Тарган чорний	383	4	24	12.0
988	Таргани	2715	34	204	66.0
989	Тарганові перегони	18	0	3	1.0
990	Тарганоподібні	31	0	4	1.0
991	Твердокрилі	2822	27	158	80.0
992	Теленга Микола Абрамович	9	0	3	0.0
993	Тельсон	27	0	3	1.0
994	Тенебріоноїдні	5	0	2	0.0
995	Теодор Генрі Фрісон	0	0	0	0.0
996	Тер-Мінасян Маргарита Єрвандівна	5	0	2	0.0
997	Тергіт	41	0	8	1.0
998	Терміти	970	9	57	27.0
999	Тетригіди	3	0	1	0.0
1000	Томарес Каллімах	8	0	2	1.0
1001	Томас Волластон	0	0	0	0.0
1002	Тонкі ківсяки	11	0	3	1.0
1003	Тонкопряди	4	0	1	0.0
1004	Тонкочеревець Фонсколомба	11	0	3	1.0
1005	Торакс (зоологія)	71	0	8	2.0
1006	Трахеї	386	4	25	12.0
1007	Трахейнодишні	76	0	21	1.0
1008	Триктенотоміди	7	0	2	0.0
1009	Трипси	111	0	12	3.0
1010	Тріскачка ширококрила	16	0	2	1.0
1011	Тромбідіформні кліщі	39	0	4	1.0
1012	Трубкокрут дубовий	14	0	2	1.0
1013	Трубкокрути	8	0	2	0.0
1014	Трубконосики	2	0	1	0.0
1015	Трутень	516	11	27	16.0
1016	Турун	283	1	34	6.0
1017	Турун бесарабський	5	0	3	0.0
1018	Турун Менетріє	8	0	3	0.0
1019	Турун печерний Дублянського	1	0	1	0.0
1020	Турун угорський	24	0	4	1.0
1021	Турун Фабра	4	0	1	0.0
1022	Турун Фабра український	28	0	4	1.0
1023	Турун хлібний	72	0	9	2.0
1024	Турун Щеглова	7	0	2	0.0
1025	Туруни	857	4	103	22.0
1026	Туруноїдні	8	0	1	0.5
1027	Уваров Борис Петрович	5	0	3	0.0
1028	Фасеткове око	436	4	29	13.0
1029	Філоксера виноградна	92	0	12	2.0
1030	Фредерік Мур	2	0	1	0.0
1031	Френсіс Песко	0	0	0	0.0
1032	Хвостюшки	2	0	1	0.0
1033	Хвостюшок акацієвий	5	0	2	0.0
1034	Хвостюшок в'язовий	3	0	1	0.0
1035	Хвостюшок падубник	2	0	2	0.0
1036	Хвостюшок підзелень	5	0	1	0.0
1037	Хвостюшок сливовий	1	0	1	0.0
1038	Хвостюшок терновий	4	0	1	0.0
1039	Хижі жуки	58	0	8	1.0
1040	Хітин	2777	22	147	99.0
1041	Хоботкові метелики	36	0	5	1.0
1042	Хореутиди	2	0	2	0.0
1043	Хребтоплав звичайний	76	0	12	2.0
1044	Хризоліна	0	0	0	0.0
1045	Хризомеліни	2	0	1	0.0
1046	Хрущ	710	2	73	18.0
1047	Хрущ волохатий	29	0	4	1.0
1048	Хрущ мармуровий	99	0	12	3.0
1049	Хрущ травневий	5691	16	480	161.0
1050	Хрущак борошняний	85	0	10	2.0
1051	Хрущі	101	0	13	2.0
1052	Царічкова Діана Борисівна	9	0	1	1.0
1053	Цвіркун польовий	440	1	41	12.0
1054	Цвіркуни	461	1	64	11.0
1055	Целонітес абревіатус кримський	3	0	1	0.0
1056	Церамбікоїдні	1	0	1	0.0
1057	Цератофій багаторогий	14	0	2	1.0
1058	Цеце	1334	19	92	45.0
1059	Цикади	421	2	32	12.0
1060	Цикадки	58	0	5	1.0
1061	Чарльз Ротшильд	9	0	2	0.0
1062	Чекініола пластисцелідина	3	0	1	0.0
1063	Червеці	26	0	3	1.0
1064	Червець	161	1	9	6.0
1065	Червиця пахуча	21	0	3	1.0
1066	Червневий хрущ	33	0	4	1.0
1067	Червоноклоп червоний	473	4	41	12.0
1068	Червонолоб	1	0	1	0.0
1069	Червчик Комстока	8	0	2	0.0
1070	Черевце	140	0	11	3.5
1071	Черевце комах	261	2	19	7.0
1072	Чорнотілки	80	0	8	3.0
1073	Чохликові молі	0	0	0	0.0
1074	Чубатка пишновуса	4	0	1	0.0
1075	Шапіро Дора Самійлівна	3	0	1	0.0
1076	Шведські мухи	62	0	8	2.0
1077	Шелюжко Лев Андрійович	19	0	3	1.0
1078	Шершень	575	9	35	17.0
1079	Шершень звичайний	169	0	13	5.0
1080	Шершень східний	17	0	2	1.0
1081	Шизоміди	36	0	4	2.0
1082	Шкіроїди	49	0	5	2.0
1083	Шовкопряд шовковичний	888	5	77	18.0
1084	Шовкопряди	48	0	11	2.0
1085	Шовкопряди похідні	9	0	2	1.0
1086	Щербатка c-біле	14	0	4	0.0
1087	Щетинкохвості	50	0	6	2.0
1088	Щитівки	66	0	7	2.0
1089	Щитники	23	0	3	1.0
1090	Щупальця	105	0	8	3.0
1091	Явище флюоресценції у скорпіонів	47	0	12	1.0
1092	Яйцеклад	70	0	8	2.0
1093	Aaaba	2	0	1	0.0
1094	Aaata finchi	2	0	1	0.0
1095	Abax	7	0	2	0.0
1096	Abiromorphus anceyi	1	0	1	0.0
1097	Ableptina	1	0	1	0.0
1098	Acalyptratae	2	0	1	0.0
1099	Acanthaeschna victoria	9	0	2	1.0
1100	Acanthopsychops triaina	1	0	1	0.0
1101	Acanthopteroctetidae	1	0	1	0.0
1102	Aconurella	0	0	0	0.0
1103	Acorius	0	0	0	0.0
1104	Acostemminae	3	0	2	0.0
1105	Acraea horta	0	0	0	0.0
1106	Acromyrmex	1	0	1	0.0
1107	Acronicta	2	0	1	0.0
1108	Actenicerus	11	0	7	0.0
1109	Actenicerus alternatus	27	0	25	0.0
1110	Adela croesella	0	0	0	0.0
1111	Adela cuprella	0	0	0	0.0
1112	Adelomyrmex	2	0	1	0.0
1113	Adelowalkeria	0	0	0	0.0
1114	Adelpholeon lithophorus	0	0	0	0.0
1115	Adosomus	2	0	1	0.0
1116	Adosomus roridus	3	0	1	0.0
1117	Adrapsa	1	0	1	0.0
1118	Adrapsoides	0	0	0	0.0
1119	Aedes	42	0	4	1.0
1120	Aedes aegypti	37	0	8	1.0
1121	Aedes albopictus	27	0	4	1.0
1122	Aedes dorsalis	1	0	1	0.0
1123	Aedes nigromaculis	0	0	0	0.0
1124	Aenictus	3	0	2	0.0
1125	Aethiocarenus burmanicus	2	0	1	0.0
1126	Afghanocleonus	1	0	1	0.5
1127	Afrolarinus	1	0	1	0.0
1128	Agabinae	7	0	2	0.5
1129	Agapanthia amicula	0	0	0	0.0
1130	Agapanthia angelicae	0	0	0	0.0
1131	Agapanthia annularis	2	0	1	0.0
1132	Agapanthia asphodeli	0	0	0	0.0
1133	Agapanthia detrita	0	0	0	0.0
1134	Agapanthia pesarinii	0	0	0	0.0
1135	Agelenidae	21	0	3	1.0
1136	Agelenoidea	4	0	1	0.5
1137	Ageleradix	3	0	1	0.0
1138	Ageleradix cymbiforma	4	0	1	0.0
1139	Ageleradix otiforma	1	0	1	0.0
1140	Agonum	7	0	3	0.0
1141	Agonum dolens	4	0	1	0.0
1142	Agonum ericeti	4	0	2	0.0
1143	Agonum gracilipes	5	0	1	0.0
1144	Agonum lugens	1	0	1	0.0
1145	Agonum sexpunctatum	2	0	1	0.0
1146	Agonum versutum	0	0	0	0.0
1147	Agraeciini	3	0	1	0.0
1148	Agraulis vanillae	5	0	2	0.0
1149	Agrilus	33	0	33	0.0
1150	Aguriahana	3	0	1	0.0
1151	Albicostella	2	0	2	0.0
1152	Alcidion	5	0	4	0.0
1153	Alebra	1	0	1	0.0
1154	Alelimma	2	0	2	0.0
1155	Aleocharinae	2	0	1	0.0
1156	Allantinae	2	0	1	0.0
1157	Allolarinus	0	0	0	0.0
1158	Alobaldia	1	0	1	0.0
1159	Alpigenobombus	7	0	3	0.0
1160	Alucita bulgaria	2	0	1	0.0
1161	Alucita desmodactyla	20	0	17	0.0
1162	Alucita karadagica	0	0	0	0.0
1163	Alucita pliginskii	0	0	0	0.0
1164	Alysiinae	3	0	1	0.0
1165	Amarixys	0	0	0	0.0
1166	Amarixys gracilis	1	0	1	0.0
1167	Ameles	2	0	1	0.0
1168	Ameles decolor	3	0	2	0.0
1169	Ameles fasciipennis	8	0	2	1.0
1170	Ameles spallanzania	3	0	2	0.0
1171	Amelinae	1	0	1	0.0
1172	Amelini	3	0	3	0.0
1173	Amimenus	1	0	1	0.0
1174	Ammocleonus	0	0	0	0.0
1175	Amselina cedestiella	0	0	0	0.0
1176	Analgoidea	27	0	20	0.0
1177	Anaplectoides	2	0	2	0.0
1178	Anapoma	0	0	0	0.0
1179	Anareolatae	0	0	0	0.0
1180	Aneuretus simoni	0	0	0	0.0
1181	Anomala binotata	1	0	1	0.0
1182	Anomaloninae	6	0	1	0.0
1183	Anopheles	228	1	17	6.0
1184	Anopheles (підрід)	14	0	3	0.0
1185	Anopheles freeborni	5	0	2	1.0
1186	Anopheles minor	3	0	2	0.0
1187	Anoplognathini	2	0	1	0.0
1188	Anoplura	115	1	9	4.0
1189	Anthobiodes	7	0	6	0.0
1190	Anthophila abhasica	0	0	0	0.0
1191	Anthrenus	1	0	1	0.0
1192	Apamea	1	0	1	0.0
1193	Apamea barbara	1	0	1	0.0
1194	Apamea glenura	0	0	0	0.0
1195	Apameini	4	0	2	0.0
1196	Aparotopus	5	0	3	0.0
1197	Aphelinidae	6	0	1	0.0
1198	Aphidiinae	7	0	3	0.0
1199	Aphidoletes	3	0	2	0.0
1200	Aphis	9	0	2	0.0
1201	Aphis baccharicola	1	0	1	0.0
1202	Aphthartopsychops scutatus	0	0	0	0.0
1203	Aphthona herbigrada	1	0	1	0.0
1204	Aphthona melancholica	0	0	0	0.0
1205	Aplesilus	1	0	1	0.0
1206	Apleurus	1	0	1	0.0
1207	Apoditrysia	0	0	0	0.0
1208	Apoidea	16	0	2	0.0
1209	Aprosthema	1	0	1	0.0
1210	Aptenoperissus	2	0	1	0.0
1211	Aptenoperissus etius	0	0	0	0.0
1212	Aptenoperissus magnifemoris	0	0	0	0.0
1213	Aptenoperissus pusillus	0	0	0	0.0
1214	Apteromantis aptera	1	0	1	0.0
1215	Apteropeda	1	0	1	0.0
1216	Araneoidea	2	0	1	0.0
1217	Arbelana	0	0	0	0.0
1218	Arboridia	2	0	1	0.0
1219	Archaeocercus schuvachinae	0	0	0	0.0
1220	Archaeolepis mane	3	0	1	0.0
1221	Archiearinae	0	0	0	0.0
1222	Archiinocellia oligoneura	3	0	2	0.0
1223	Architendipedidae	1	0	1	0.0
1224	Archizelmiridae	3	0	1	0.0
1225	Archocyrtus	0	0	0	0.0
1226	Archocyrtus kovalevi	2	0	1	0.0
1227	Arctiinae	0	0	0	0.0
1228	Arctoperlaria	0	0	0	0.0
1229	Arge pallidinervis	0	0	0	0.0
1230	Argema	1	0	1	0.0
1231	Argema mittrei	33	0	5	1.0
1232	Argiope	40	0	6	1.0
1233	Argiope aemula	3	0	1	0.0
1234	Argiope aetheroides	0	0	0	0.0
1235	Argiope amoena	6	0	2	0.0
1236	Argiope anasuja	4	0	1	0.5
1237	Argiope argentata	0	0	0	0.0
1238	Argiope aurantia	7	0	1	0.0
1239	Argiope boesenbergi	1	0	1	0.0
1240	Argiope catenulata	1	0	1	0.0
1241	Argiope chloreis	2	0	1	0.0
1242	Argiope dang	1	0	1	0.0
1243	Argiope doleschalli	0	0	0	0.0
1244	Argiope hoiseni	1	0	1	0.0
1245	Argiope lobata	172	1	13	5.0
1246	Argiope mangal	0	0	0	0.0
1247	Argiope minuta	4	0	2	0.0
1248	Argiope modesta	3	0	1	0.0
1249	Argiope ocula	0	0	0	0.0
1250	Argiope perforata	1	0	1	0.0
1251	Argiope picta	2	0	1	0.0
1252	Argiope pulchella	6	0	1	0.5
1253	Argiope reinwardti	2	0	1	0.0
1254	Argiope trifasciata	2	0	2	0.0
1255	Argynnini	5	0	3	0.0
1256	Argyresthia albistria	3	0	1	0.0
1257	Argyresthia bergiella	1	0	1	0.0
1258	Argyresthia bonnetella	3	0	1	0.0
1259	Argyresthia conjugella	2	0	1	0.0
1260	Argyresthia glabratella	0	0	0	0.0
1261	Argyresthia illuminatella	0	0	0	0.0
1262	Argyresthia ivella	1	0	1	0.0
1263	Argyresthia laevigatella	0	0	0	0.0
1264	Argyresthia praecocella	0	0	0	0.0
1265	Argyresthia pruniella	1	0	1	0.0
1266	Argyresthia pygmaeella	1	0	1	0.0
1267	Argyresthia retinella	0	0	0	0.0
1268	Argyresthia semifusca	0	0	0	0.0
1269	Argyresthia sorbiella	1	0	1	0.0
1270	Argyrotaenia brimuncus	0	0	0	0.0
1271	Aricia artaxerxes	0	0	0	0.0
1272	Arractocetus	2	0	2	0.0
1273	Aruena apicimaculata	0	0	0	0.0
1274	Ascouracaridae	10	0	10	0.0
1275	Asiarge	0	0	0	0.0
1276	Asiarge centralis	2	0	2	0.0
1277	Asiarge regeli	0	0	0	0.0
1278	Asinocleonus	0	0	0	0.0
1279	Asiochaoboridae	0	0	0	0.0
1280	Aspidiotinae	3	0	1	0.0
1281	Asproparthenis	4	0	2	0.0
1282	Atactogaster	2	0	1	0.5
1283	Atherigoninae	3	0	1	0.0
1284	Athysanella	1	0	1	0.0
1285	Athysanopsis	0	0	0	0.0
1286	Athysanus	0	0	0	0.0
1287	Atolmis rubricollis	2	0	1	0.0
1288	Atrax sutherlandi	1	0	1	0.0
1289	Atta	8	0	3	0.0
1290	Atta cephalotes	3	0	2	0.0
1291	Atta colombica	1	0	1	0.0
1292	Atta texana	4	0	1	0.0
1293	Atta vollenweideri	1	0	1	0.0
1294	Attacus atlas	47	0	5	1.0
1295	Attercopus fimbriunguis	4	0	1	0.0
1296	Austroasca	0	0	0	0.0
1297	Autostichidae	2	0	1	0.0
1298	Azteca alfari	0	0	0	0.0
1299	Aztecarpalus	2	0	1	0.0
1300	Balclutha	3	0	2	0.0
1301	Balinskycercella	4	0	1	0.0
1302	Bambusana	3	0	1	0.0
1303	Bangasternus	1	0	1	0.0
1304	Barbitistes constrictus	6	0	3	0.0
1305	Barbitistini	3	0	1	0.0
1306	Bathyphlebia	0	0	0	0.0
1307	Batrachedra pinicolella	1	0	1	0.0
1308	Batrachedra praeangusta	0	0	0	0.0
1309	Batrachedridae	3	0	1	0.0
1310	Batrisini	0	0	0	0.0
1311	Bellinympha	0	0	0	0.0
1312	Besuchetiella	3	0	1	0.0
1313	Blaberidae	13	0	4	0.0
1314	Blastobasis phycidella	0	0	0	0.0
1315	Blastobasis ponticella	0	0	0	0.0
1316	Blattellidae	12	0	2	0.0
1317	Blattuloidea	0	0	0	0.0
1318	Blepharodinae	2	0	2	0.0
1319	Blepharopsis mendica	0	0	0	0.0
1320	Bobacella	0	0	0	0.0
1321	Bocana	0	0	0	0.0
1322	Bodemeyeria	0	0	0	0.0
1323	Boganiidae	2	0	1	0.0
1324	Boletobiinae	3	0	1	0.0
1325	Bolivaria	4	0	1	0.0
1326	Bombus sylvarum	5	0	1	0.0
1327	Bombus transversalis	6	0	2	0.0
1328	Bombus tricornis	2	0	1	0.0
1329	Bombus trinominatus	2	0	1	0.0
1330	Bombus unicus	0	0	0	0.0
1331	Bothriurus olaen	0	0	0	0.0
1332	Bothrogonia	3	0	1	0.0
1333	Bothynoderes	3	0	1	0.0
1334	Brachodes pumila	2	0	1	0.0
1335	Brachyceridae	8	0	2	0.0
1336	Brachycerinae	7	0	1	0.0
1337	Brachycerini	7	0	3	0.0
1338	Brachycerus	12	0	2	1.0
1339	Brachycleonus	1	0	1	0.0
1340	Brachysternus	0	0	0	0.0
1341	Brachysternus angustus	2	0	1	0.0
1342	Brachysternus germaini	1	0	1	0.0
1343	Brachysternus marginatus	3	0	1	1.0
1344	Brachysternus patagoniensis	2	0	1	0.5
1345	Brachysternus prasinus	1	0	1	0.0
1346	Brachysternus solier	2	0	1	0.5
1347	Brachysternus spectabilis	2	0	1	0.0
1348	Bracon hebetor	3	0	2	0.0
1349	Broconius	4	0	1	0.0
1350	Bryodemella	4	0	2	0.0
1351	Bubas bubalus	2	0	1	0.0
1352	Bubopsis agrionoides	1	0	1	0.0
1353	Buccinatormyia	0	0	0	0.0
1354	Bucculatrix albedinella	0	0	0	0.0
1355	Bucculatrix anthemidella	0	0	0	0.0
1356	Bucculatrix artemisiella	0	0	0	0.0
1357	Bucculatrix frangutella	0	0	0	0.0
1358	Bucculatrix gnaphaliella	1	0	1	0.0
1359	Bucculatrix infans	0	0	0	0.0
1360	Bucculatrix maritima	1	0	1	0.0
1361	Bucculatrix nigricomella	0	0	0	0.0
1362	Bucculatrix noltei	4	0	2	0.0
1363	Bucculatrix paliuricola	0	0	0	0.0
1364	Bucculatrix thoracella	5	0	1	0.5
1365	Bucculatrix ulmella	0	0	0	0.0
1366	Bucculatrix ulmifoliae	1	0	1	0.0
1367	Bulbitermes	2	0	1	0.0
1368	Buprestinae	2	0	1	0.0
1369	Buprestis	4	0	2	0.0
1370	Buratina truncata	0	0	0	0.0
1371	Burmanopetalum inexpectatum	0	0	0	0.0
1372	Burmocorynus jarzembowski	0	0	0	0.0
1373	Burmogramma liui	0	0	0	0.0
1374	Burmomacer kirejtshuki	0	0	0	0.0
1375	Burmopsychops	0	0	0	0.0
1376	Cacopsylla	2	0	1	0.0
1377	Cacopsylla costalis	0	0	0	0.0
1378	Cacopsylla crataegi	2	0	1	0.0
1379	Cacopsylla cretica	1	0	1	0.0
1380	Cacopsylla curta	1	0	1	0.0
1381	Cacopsylla difficilis	0	0	0	0.0
1382	Cacopsylla dilonchi	0	0	0	0.0
1383	Cacopsylla elegantula	0	0	0	0.0
1384	Cacopsylla exima	1	0	1	0.0
1385	Calamoceratidae	4	0	2	0.0
1386	Caligula	5	0	2	0.0
1387	Callistolixus	4	0	1	0.0
1388	Calodemas	0	0	0	0.0
1389	Calopterygoidea	4	0	2	0.0
1390	Calyptratae	2	0	1	0.0
1391	Camponotus	9	0	2	0.0
1392	Camponotus rufoglaucus	2	0	1	0.0
1393	Camponotus vagus	21	0	4	1.0
1394	Camptopterohelea odora	0	0	0	0.0
1395	Carabinae	5	0	1	0.0
1396	Carparachne aureoflava	10	0	3	0.5
1397	Catocalini	1	0	1	0.0
1398	Cauchas fibulella	0	0	0	0.0
1399	Cecidomyiinae	2	0	1	0.0
1400	Centrocleonus	0	0	0	0.0
1401	Cerambyx welensii	1	0	1	0.0
1402	Ceratocampinae	1	0	1	0.0
1403	Chalcophora mariana	7	0	2	0.0
1404	Charaxes candiope	0	0	0	0.0
1405	Chauliognathus pensylvanicus	2	0	2	0.0
1406	Cheiracanthium inclusum	11	0	2	0.0
1407	Chilocorus bipustulatus	0	0	0	0.0
1408	Chilognatha	6	0	1	0.0
1409	Chimerarachne yingi	6	0	3	0.0
1410	Chironomoidea	6	0	1	1.0
1411	Chorthippus dorsatus	4	0	1	0.0
1412	Chromonotus	4	0	1	0.5
1413	Chromosomus	0	0	0	0.0
1414	Chrysididae	11	0	2	0.0
1415	Chrysidoidea	6	0	2	0.0
1416	Chrysis comparata	1	0	1	0.0
1417	Chrysis fulgida	0	0	0	0.0
1418	Chrysis pulchella	0	0	0	0.0
1419	Chrysis zetterstedti	2	0	1	0.0
1420	Chrysolina (підрід)	1	0	1	0.0
1421	Chrysops	13	0	4	1.0
1422	Chthonioidea	3	0	1	0.0
1423	Cicadula	1	0	1	0.0
1424	Cicindela	3	0	2	0.0
1425	Cicindela hybrida	5	0	2	0.0
1426	Cicindelina	1	0	1	0.0
1427	Cicindelinae	13	0	2	1.0
1428	Cicindelini	0	0	0	0.0
1429	Cimicoidea	2	0	1	0.0
1430	Cimicomorpha	8	0	2	1.0
1431	Citheronia	2	0	1	0.0
1432	Citioica	1	0	1	0.0
1433	Cladofer huangi	1	0	1	0.0
1434	Cleonini	5	0	2	0.0
1435	Cleonis	4	0	1	0.0
1436	Cleonolithus	6	0	1	0.5
1437	Cleridae	6	0	1	0.0
1438	Clistopyga crassicaudata	0	0	0	0.0
1439	Clitumninae	2	0	1	0.0
1440	Clytra appendicina	0	0	0	0.0
1441	Clytra atraphaxidis	1	0	1	0.0
1442	Cnemodontus	1	0	1	0.0
1443	Coccidulinae	3	0	1	0.0
1444	Coccinellinae	9	0	2	1.0
1445	Coccophagus	2	0	1	0.0
1446	Coccophagus lycimnia	5	0	1	1.0
1447	Coccophagus maculipennis	7	0	3	1.0
1448	Coccophagus malthusi	1	0	1	0.0
1449	Coccophagus margaritatus	0	0	0	0.0
1450	Coelidiinae	4	0	2	0.0
1451	Coenagrionoidea	4	0	1	0.0
1452	Coleophora adjunctella	0	0	0	0.0
1453	Coleophora adspersella	1	0	1	0.0
1454	Coleophora albicans	11	0	10	0.5
1455	Coleophora alcyonipennella	18	0	11	2.0
1456	Coleophora alticolella	22	0	19	0.0
1457	Coleophora argentula	19	0	15	0.5
1458	Coleophora armeniae	16	0	14	0.5
1459	Coleophora atriplicis	18	0	12	0.0
1460	Coleophora bagorella	1	0	1	0.0
1461	Coleophora berdjanski	5	0	3	0.0
1462	Coleophora binotapennella	1	0	1	0.0
1463	Coleophora cracella	0	0	0	0.0
1464	Coleophora halophilella	14	0	11	0.0
1465	Coleophora nomgona	6	6	6	6.0
1466	Coleophora occatella	15	0	13	0.0
1467	Coleophora parenthella	11	0	10	0.0
1468	Coleophora potentillae	10	0	7	0.0
1469	Colladonus	0	0	0	0.0
1470	Compsolixus	1	0	1	0.0
1471	Coniocleonus	2	0	2	0.0
1472	Conocephalinae	8	0	1	1.0
1473	Conorhynchus	3	0	1	0.0
1474	Coptera anka	1	0	1	0.0
1475	Coreana raphaelis	2	0	1	0.0
1476	Coreoidea	3	0	1	0.0
1477	Cornupalpatum burmanicum	5	0	3	0.0
1478	Cosmogaster	1	0	1	0.0
1479	Cosmophasis bitaeniata	3	0	3	0.0
1480	Cotesia glomerata	4	0	4	0.0
1481	Coulinus	0	0	0	0.0
1482	Creatonotos gangis	71	0	6	2.0
1483	Crematogaster	1	0	1	0.0
1484	Crematogaster schmidti	1	0	1	0.0
1485	Creobroter	1	0	1	0.0
1486	Creoleon lugdunensis	0	0	0	0.0
1487	Cretanallachius magnificus	1	0	1	0.5
1488	Cretogramma engeli	0	0	0	0.0
1489	Cretoparacucujus cycadophilus	0	0	0	0.0
1490	Cryphopus	1	0	1	0.0
1491	Ctenurella	0	0	0	0.0
1492	Cuculliinae	0	0	0	0.0
1493	Culicomorpha	9	0	2	1.0
1494	Cupiennius	3	0	1	0.0
1495	Cupiennius salei	13	0	2	0.0
1496	Curculioididae	4	0	2	0.0
1497	Curculioninae	3	0	1	0.0
1498	Curculionites	3	0	1	0.0
1499	Cybister lateralimarginalis	5	0	2	0.0
1500	Cylindera	2	0	1	0.0
1501	Cylindera germanica	1	0	1	0.0
1502	Cylindera glabra	1	0	1	0.0
1503	Cymothoe sangaris	4	0	2	0.0
1504	Cynthia	8	0	2	0.0
1505	Cyphocleonus	1	0	1	0.0
1506	Danainae	10	0	4	0.0
1507	Daphnusa	0	0	0	0.0
1508	Daphnusa ailanti	0	0	0	0.0
1509	Daphnusa sinocontinentalis	0	0	0	0.0
1510	Darwinylus marcosi	0	0	0	0.0
1511	Dasineura	4	0	1	0.0
1512	Dasystoma salicella	0	0	0	0.0
1513	Deinocroton draculi	6	0	5	0.0
1514	Deltocephalus	2	0	1	0.0
1515	Demodex cyonis	3	0	2	0.0
1516	Dermationidae	17	0	17	0.0
1517	Desis	21	0	12	0.0
1518	Desis bobmarleyi	7	0	4	0.0
1519	Diaea	1	0	1	0.0
1520	Diaea dorsata	5	0	2	0.0
1521	Diaea ergandros	1	0	1	0.0
1522	Diaea evanida	0	0	0	0.0
1523	Diaea giltayi	1	0	1	0.0
1524	Diaeini	5	0	1	0.0
1525	Dikraneura	0	0	0	0.0
1526	Dilaridae	0	0	0	0.0
1527	Dilixellus	0	0	0	0.0
1528	Diodontognathus papillatus	0	0	0	0.0
1529	Dipteromantispidae	2	0	1	0.0
1530	Dolichopoda	4	0	1	0.0
1531	Dolichopoda geniculata	0	0	0	0.0
1532	Dolichopoda graeca	0	0	0	0.0
1533	Dolichopoda hussoni	0	0	0	0.0
1534	Dolichopoda makrykapa	1	0	1	0.0
1535	Dolomedes	29	0	5	1.0
1536	Donacia semicuprea	2	0	1	0.0
1537	Doratura	1	0	1	0.0
1538	Dorcadion cinerarium	1	0	1	0.0
1539	Dorcadion fuliginator	1	0	1	0.0
1540	Dorcadion mokrzeckii	2	0	1	0.0
1541	Dorcadion pedestre	2	0	1	0.0
1542	Dorcadion sareptanum	0	0	0	0.0
1543	Dryocampa	0	0	0	0.0
1544	Dryops	0	0	0	0.0
1545	Dysaphis	1	0	1	0.0
1546	Eacles	1	0	1	0.0
1547	Eacles barnesi	1	0	1	0.0
1548	Eacles oslari	1	0	1	0.0
1549	Eciton	7	0	3	0.0
1550	Ecitophya	0	0	0	0.0
1551	Ectinogonia buqueti	2	0	1	0.0
1552	Ederranus	1	0	1	0.0
1553	Edessena	0	0	0	0.0
1554	Eduardoxenus unicus	0	0	0	0.0
1555	Edwardsiana	0	0	0	0.0
1556	Elaea	4	0	3	0.0
1557	Elaterinae	2	0	1	0.0
1558	Electrocaptivus xui	0	0	0	0.0
1559	Elymana	1	0	1	0.0
1560	Emblemasoma erro	2	0	2	0.0
1561	Empoa	1	1	1	1.0
1562	Empoasca	1	0	1	0.0
1563	Empusa guttula	2	0	1	0.5
1564	Empusa hedenborgii	1	0	1	0.0
1565	Empusa longicollis	1	0	1	0.0
1566	Empusa pennata	5	0	2	0.0
1567	Empusa uvarovi	1	0	1	0.0
1568	Endoxyla cinereus	1	0	1	0.0
1569	Entiminae	3	0	1	0.0
1570	Entymetopus	1	0	1	0.0
1571	Eocleonus	0	0	0	0.0
1572	Eophyllium messelensis	1	0	1	0.0
1573	Epaphroditidae	0	0	0	0.0
1574	Epexochus	1	0	1	0.0
1575	Ephimeronotus	1	0	1	0.0
1576	Epiacanthus	0	0	0	0.0
1577	Epidermoptidae	28	0	25	0.0
1578	Epimeces	1	0	1	0.0
1579	Epiocheirata	4	0	2	0.0
1580	Episyrphus balteatus	18	0	5	1.0
1581	Eremiaphila	2	0	1	0.0
1582	Eremiaphilidae	1	0	1	0.0
1583	Eremoplana	0	0	0	0.0
1584	Eriovixia gryffindori	6	0	3	0.0
1585	Eristalis bardus	0	0	0	0.0
1586	Erythracarinae	10	0	6	0.0
1587	Erythromma	10	0	2	1.0
1588	Euacanthellinae	3	0	2	0.0
1589	Eugeniodecus	0	0	0	0.0
1590	Euhypnorna grata	0	0	0	0.0
1591	Eukoenenia	2	0	1	0.0
1592	Eukoenenia christiani	0	0	0	0.0
1593	Eukoenenia strinatii	0	0	0	0.0
1594	Eukoeneniidae	0	0	0	0.0
1595	Eulixus	4	0	2	0.0
1596	Eumecops	2	0	1	0.0
1597	Eumesocampa	0	0	0	0.0
1598	Euophrys omnisuperstes	3	0	1	0.0
1599	Eupelix	1	0	1	0.0
1600	Eupithecia basurmanca	1	0	1	0.0
1601	Eupteryx	2	0	1	0.0
1602	Eurhadina	0	0	0	0.0
1603	Eurycleonus	0	0	0	0.0
1604	Eurythyrea	2	0	1	0.0
1605	Euscelis	1	0	1	0.0
1606	Euscorpius beroni	2	0	2	0.0
1607	Eusparassus dufouri	2	0	2	0.0
1608	Eustenopus	7	0	3	0.0
1609	Eutulomatus	0	0	0	0.0
1610	Evacanthus	1	0	1	0.0
1611	Extatosoma tiaratum	8	0	2	0.0
1612	Fagina silvatica	1	0	1	0.0
1613	Fallomyrma	1	0	1	0.0
1614	Fallomyrma anodonta	0	0	0	0.0
1615	Fallomyrma marginata	1	0	1	0.0
1616	Fallomyrma robusta	0	0	0	0.0
1617	Fideliinae	1	0	1	0.0
1618	Filistata maguirei	2	0	1	0.0
1619	Forcipata	1	0	1	0.0
1620	Formiciinae	7	0	2	0.0
1621	Formicini	3	0	1	0.0
1622	Furcantenna yangi	2	0	1	0.0
1623	Gasteroclisus	0	0	0	0.0
1624	Gastrophysa	2	0	1	0.0
1625	Geomantis	1	0	1	0.0
1626	Geomantis larvoides	1	0	1	0.0
1627	Georginus	0	0	0	0.0
1628	Girtesma	1	0	1	0.0
1629	Glebius	0	0	0	0.0
1630	Gluphisia	1	0	1	0.0
1631	Gluphisia crenata	0	0	0	0.0
1632	Gluphisia lintneri	0	0	0	0.0
1633	Gluphisia oxiana	2	0	2	0.0
1634	Goliathus regius	2	0	1	0.0
1635	Gondwanascorpio emzantsiensis	25	0	4	1.0
1636	Gonioctena	1	0	1	0.0
1637	Gonocleonus	0	0	0	0.0
1638	Gonometa postica	1	0	1	0.0
1639	Grant viridifluvius	0	0	0	0.0
1640	Gromphadorhina portentosa	119	0	11	4.0
1641	Gyranusoidea iranica	2	0	1	0.0
1642	Habralictus	0	0	0	0.0
1643	Hadeninae	1	0	1	0.0
1644	Halter halteratus	0	0	0	0.0
1645	Halteriomantispa grimaldii	1	0	1	0.0
1646	Haplocampa wagnelli	3	0	2	0.5
1647	Haplopelma schmidti	2	0	1	0.0
1648	Harmonia (комаха)	4	0	1	0.0
1649	Harpalinae	6	0	1	0.0
1650	Hedychrum nobile	4	0	1	0.0
1651	Helaeomyia petrolei	3	0	1	0.0
1652	Helichus ussuriensis	0	0	0	0.0
1653	Heliconiinae	8	0	3	0.0
1654	Heliconius erato	8	0	2	0.5
1655	Helicoverpa zea	9	0	1	1.0
1656	Heliozona	0	0	0	0.0
1657	Helminthomorpha	4	0	1	0.0
1658	Hepsidera	1	0	1	0.0
1659	Hermetia illucens	45	0	13	1.0
1660	Heterocleonus	0	0	0	0.0
1661	Heterogramma	0	0	0	0.0
1662	Heteropterinae	4	0	1	0.0
1663	Hexarthrius	1	0	1	0.0
1664	Hierodula	1	0	1	0.0
1665	Holaptilon	2	0	2	1.0
1666	Holaptilon pusillulum	4	0	2	0.5
1667	Hololixus	0	0	0	0.0
1668	Hormisa	0	0	0	0.0
1669	Hovalarinus	0	0	0	0.0
1670	Hybomitra	5	0	2	0.0
1671	Hybomitra altaica	1	0	1	0.0
1672	Hybomitra alticola	0	0	0	0.0
1673	Hydrillodes	1	0	1	0.0
1674	Hyles	3	0	3	0.0
1675	Hylobius abietis	23	0	3	1.0
1676	Hymenopodidae	4	0	1	0.0
1677	Hypatopa binotella	1	0	1	0.0
1678	Hypatopa inunctella	0	0	0	0.0
1679	Hypatopa segnella	1	0	1	0.0
1680	Hypenula	1	0	1	0.0
1681	Hypoechana fuliginosa	2	0	1	0.0
1682	Hypogastruroidea	1	0	1	0.0
1683	Hypolixus	0	0	0	0.0
1684	Hyponeuma	0	0	0	0.0
1685	Hypsicorypha gracilis	6	0	4	0.0
1686	Idia	1	0	1	0.0
1687	Idolomantis diabolica	29	0	6	1.0
1688	Ileomus	0	0	0	0.0
1689	Ilybius	3	0	1	0.0
1690	Insolentipalpus	0	0	0	0.0
1691	Integripalpia	7	0	1	0.5
1692	Iolana iolas	1	0	1	0.0
1693	Iris	3	0	1	0.0
1694	Iris oratoria	3	0	2	0.0
1695	Isomerops	0	0	0	0.0
1696	Isotogastrura	2	0	1	0.0
1697	Isotomidae	0	0	0	0.0
1698	Ixodida	117	0	22	3.0
1699	Julodinae	3	0	1	0.0
1700	Junonia coenia	0	0	0	0.0
1701	Junonia lemonias	6	0	2	0.0
1702	Kalligramma	2	0	2	0.0
1703	Kalligramma paradoxum	0	0	0	0.0
1704	Kalligrammatidae	4	0	3	0.0
1705	Kallima inachus	7	0	2	1.0
1706	Katarinia	0	0	0	0.0
1707	Katha	2	0	1	0.0
1708	Katha depressa	1	0	1	0.0
1709	Katha laevis	1	0	1	0.0
1710	Katha magnata	0	0	0	0.0
1711	Katha moorei	0	0	0	0.0
1712	Katha nankunshanica	0	0	0	0.0
1713	Katha nigropoda	1	0	1	0.0
1714	Katha prabana	0	0	0	0.0
1715	Katha suffusa	1	0	1	0.0
1716	Kekveus jason	1	0	1	0.0
1717	Klassius	0	0	0	0.0
1718	Knemidokoptes	21	0	19	0.0
1719	Koenigius	1	0	1	0.0
1720	Kyneria	0	0	0	0.0
1721	Labidura riparia	9	0	6	0.0
1722	Lachnaeus	1	0	1	0.0
1723	Lachnaia	3	0	1	0.0
1724	Lagonomegopidae	0	0	0	0.0
1725	Lambula	2	0	2	0.0
1726	Lambula aethalocis	1	0	1	0.0
1727	Lambula agraphia	0	0	0	0.0
1728	Lambula aroa	1	0	1	0.0
1729	Lambula bilineata	0	0	0	0.0
1730	Lambula bivittata	0	0	0	0.0
1731	Lambula buergersi	0	0	0	0.0
1732	Laothoe	0	0	0	0.0
1733	Larentiinae	2	0	1	0.0
1734	Larinodontes	0	0	0	0.0
1735	Larinomesius	0	0	0	0.0
1736	Larinus	3	0	1	0.0
1737	Larinus (підрід)	5	0	1	0.0
1738	Larinus turbinatus	8	0	2	0.0
1739	Larinus vulpes	1	0	1	0.0
1740	Lascoria	1	0	1	0.0
1741	Lasiocampinae	1	0	1	0.0
1742	Lasiommata	3	0	2	0.0
1743	Lasiommata maerula	18	0	16	1.0
1744	Latrodectinae	4	0	2	0.0
1745	Lepismachilis eocaenica	0	0	0	0.0
1746	Leptopodomorpha	8	0	5	0.0
1747	Lestremiinae	1	0	1	0.0
1748	Lestremiini	0	0	0	0.0
1749	Lethocerus deyrollei	5	0	1	0.0
1750	Lethocerus grandis	2	0	1	0.0
1751	Lethocerus indicus	41	0	5	1.0
1752	Leucatomis	1	0	1	0.0
1753	Leucochromus	1	0	1	0.0
1754	Leucomigus	1	0	1	0.0
1755	Leucophyes	0	0	0	0.0
1756	Libelloides italicus	0	0	0	0.0
1757	Libelluloidea	3	0	1	0.0
1758	Limnephilus antiquastepposus	0	0	0	0.0
1759	Limnephilus kaspievi	0	0	0	0.0
1760	Limnephilus metakaspievi	4	0	2	0.0
1761	Limnephilus parakaspievi	0	0	0	0.0
1762	Limnephilus valliculacerasinus	0	0	0	0.0
1763	Limnichidae	0	0	0	0.0
1764	Linguatormyia teletacta	2	0	1	0.5
1765	Liocleonus	0	0	0	0.0
1766	Lipoptena mazamae	3	0	2	0.0
1767	Lithosiina	1	0	1	0.0
1768	Lithosiinae	1	0	1	0.0
1769	Lithosiini	1	0	1	0.0
1770	Lixinae	101	0	7	3.0
1771	Lixini	4	0	2	0.0
1772	Lixocleonus	1	0	1	0.0
1773	Lixoglyptus	1	0	1	0.0
1774	Lixomorphus	0	0	0	0.0
1775	Lixopachys	1	0	1	0.0
1776	Lixus	6	0	2	0.0
1777	Lixus (підрід)	3	0	1	0.0
1778	Lophocorona	1	0	1	0.0
1779	Lucaninae	8	0	2	0.0
1780	Lucanus	25	0	6	0.5
1781	Lucanus placidus	1	0	1	0.0
1782	Luciliinae	0	0	0	0.0
1783	Lycorma delicatula	26	0	22	0.5
1784	Lycosa aragogi	17	0	3	1.0
1785	Lysibia nana	1	0	1	0.0
1786	Machaerotypus sibiricus	1	0	1	0.5
1787	Macleodiella electrina	0	0	0	0.0
1788	Macrochilo	0	0	0	0.0
1789	Macroglossinae	0	0	0	0.0
1790	Macrolepidoptera	0	0	0	0.0
1791	Macroplea	2	0	1	0.0
1792	Macrosiphini	1	0	1	0.0
1793	Macrotermes	8	0	2	1.0
1794	Macrotermes gilvus	2	0	1	0.0
1795	Macroxiphus	2	0	1	0.0
1796	Macroxiphus nasicornis	0	0	0	0.0
1797	Macroxiphus sumatranus	0	0	0	0.0
1798	Manica	1	0	1	0.0
1799	Mantidae	12	0	2	0.0
1800	Mantis	9	0	2	1.0
1801	Maratus personatus	3	0	1	0.0
1802	Marumba spectabilis	2	0	1	0.0
1803	Marumba tigrina	1	0	1	0.0
1804	Maximus	6	0	2	0.0
1805	MCD-пептид	5	0	3	0.0
1806	Mecaspis	0	0	0	0.0
1807	Medaurini	0	0	0	0.0
1808	Medauroidea	1	0	1	0.0
1809	Megachilinae	1	0	1	0.0
1810	Megaphragma	2	0	1	0.0
1811	Megatominae	1	0	1	0.0
1812	Melitaea acentria	1	0	1	0.5
1813	Melitaea ornata	0	0	0	0.0
1814	Menecleonus	1	0	1	0.0
1815	Menthastriella	0	0	0	0.0
1816	Mesocleonus	1	0	1	0.0
1817	Mesostigmata	21	0	3	1.0
1818	Mesothelae	21	0	4	1.0
1819	Metacucujus	0	0	0	0.0
1820	Metacucujus encephalarti	1	0	1	0.0
1821	Metallyticus	1	0	1	0.0
1822	Metopininae	5	0	1	0.0
1823	Metriocampa	0	0	0	0.0
1824	Microcleonus	0	0	0	0.0
1825	Microlarinus	4	0	1	0.5
1826	Microlixus	0	0	0	0.0
1827	Microplitis croceipes	3	0	1	0.0
1828	Micropterix calthella	3	0	1	0.0
1829	Microthespis	0	0	0	0.0
1830	Mionycha	2	0	2	0.0
1831	Misumena vatia	215	1	14	7.0
1832	Misumenoides formosipes	1	0	1	0.0
1833	Molytinae	2	0	1	0.0
1834	Mongolocleonus	0	0	0	0.0
1835	Monolophus	1	0	1	0.0
1836	Morphini	1	0	1	0.0
1837	Morpho rhetenor	7	0	3	0.0
1838	Muschampia	3	0	1	0.0
1839	Muscoidea	0	0	0	0.0
1840	Mycotrichus	0	0	0	0.0
1841	Myrmarachne	13	0	3	1.0
1842	Myrmarachne assimilis	1	0	1	0.0
1843	Myrmarachne caliraya	1	0	1	0.0
1844	Myrmarachne plataleoides	5	0	1	0.0
1845	Myrmekiaphila neilyoungi	1	0	1	0.0
1846	Myrmeleon fasciatus	0	0	0	0.0
1847	Myrmeleon quinquemaculatus	0	0	0	0.0
1848	Myrmeleontiformia	1	0	1	0.0
1849	Myrmica angulata	0	0	0	0.0
1850	Myrmicini	6	0	1	0.5
1851	Myrmozercon cyrusi	4	0	2	1.0
1852	Mystrium camillae	18	0	5	1.0
1853	Myzocallis	2	0	1	0.0
1854	Nastus (жуки)	2	0	1	0.0
1855	Nauphoeta cinerea	7	0	2	0.0
1856	Naxa seriaria	1	0	1	0.0
1857	Nefis	2	0	1	0.0
1858	Negastriinae	2	0	1	0.0
1859	Neivamyrmex	2	0	2	0.0
1860	Nemaspela ladae	1	0	1	0.0
1861	Nematopogon metaxella	0	0	0	0.0
1862	Nemophora degeerella	0	0	0	0.0
1863	Nemophora dumerilella	1	0	1	0.0
1864	Nemophora fasciella	14	0	13	0.0
1865	Nemopteridae	3	0	1	0.0
1866	Nemopteroidea	1	0	1	0.0
1867	Neocleonus	1	0	1	0.0
1868	Neodermaptera	2	0	1	0.0
1869	Neolipoptena ferrisi	1	0	1	0.0
1870	Nepa cinerea	12	0	5	0.0
1871	Nicrophorinae	3	0	1	0.0
1872	Nicrophorus	23	0	3	1.0
1873	Nicrophorus interruptus	3	0	1	0.0
1874	Nicrophorus investigator	0	0	0	0.0
1875	Nicrophorus japonicus	0	0	0	0.0
1876	Nipponaphis monzeni	2	0	1	0.0
1877	Nomimonyx	0	0	0	0.0
1878	Notiothauma reedi	2	0	1	0.0
1879	Nudobius lentus	8	0	1	1.0
1880	Nuttalliella namaqua	2	0	1	0.0
1881	Nymphavus progenitor	0	0	0	0.0
1882	Nymphidae	4	0	1	0.0
1883	Obtectomera	3	0	2	0.0
1884	Ochyrocera aragogue	2	0	1	0.0
1885	Oecophylla	13	0	3	0.0
1886	Oecophylla taurica	0	0	0	0.0
1887	Oestroidea	5	0	2	0.0
1888	Oligochlora semirugosa	1	0	1	0.0
1889	Oligopsychopsis	0	0	0	0.0
1890	Oligotrophini	2	0	1	0.0
1891	Oniticellini	0	0	0	0.0
1892	Onthophagini	3	0	1	0.0
1893	Onthophagus vacca	3	0	2	0.0
1894	Opostega	0	0	0	0.0
1895	Opostegoides	0	0	0	0.0
1896	Oramiella wisei	1	0	1	0.0
1897	Orsunius electronefelus	0	0	0	0.0
1898	Orthodera novaezealandiae	0	0	0	0.0
1899	Ortholixus	3	0	2	0.5
1900	Oryctes	3	0	2	0.0
1901	Oryctes agamemnon	2	0	1	0.0
1902	Oryctes rhinoceros	3	0	1	0.0
1903	Osmia cornuta	3	0	2	0.0
1904	Osmylops	5	0	1	1.0
1905	Othorene	4	0	2	0.0
1906	Pachycerus	2	0	1	0.0
1907	Pachyiulus humicola	1	0	1	0.0
1908	Pachymerium tabacarui	2	0	1	0.0
1909	Paederinae	2	0	2	0.0
1910	Pajnisoodes	1	0	1	0.0
1911	Palaeortona quercyensis	5	0	2	0.0
1912	Palaeotendipes alexii	0	0	0	0.0
1913	Palomena prasina	30	0	4	1.0
1914	Paracucujus rostratus	0	0	0	0.0
1915	Paradoxosisyra groehni	8	0	4	0.0
1916	Paradoxosisyrinae	5	0	3	1.0
1917	Paraponera	9	0	2	0.0
1918	Parastrachiidae	0	0	0	0.0
1919	Paratarsotomus	4	0	2	0.0
1920	Paratarsotomus sabulosus	9	0	3	0.0
1921	Parileomus	0	0	0	0.0
1922	Parnopes grandior	4	0	1	0.0
1923	Pedanoptera arachnophila	0	0	0	0.0
1924	Peltosyne triassica	1	0	1	0.0
1925	Pemphigidae	3	0	1	0.0
1926	Pentatominae	1	0	1	0.0
1927	Pentatomoidea	9	0	2	0.0
1928	Pentatomomorpha	4	0	2	0.0
1929	Pentatropis	0	0	0	0.0
1930	Perlamantis allibertii	1	0	1	0.0
1931	Permarachne novokshonovi	0	0	0	0.0
1932	Phaneropterinae	4	0	1	0.0
1933	Phasmatidae	7	0	2	0.0
1934	Phaulosomus	0	0	0	0.0
1935	Philidris nagasau	2	0	1	0.0
1936	Phillixus	1	0	1	0.0
1937	Phlebotomus papatasi	11	0	3	0.0
1938	Phlebotomus papuensis	3	0	2	0.0
1939	Phlebotomus pedifer	14	0	7	0.0
1940	Phlebotomus perfiliewi	2	0	1	0.0
1941	Phlebotomus perniciosus	2	0	1	0.0
1942	Phlebotomus pexopharynx	2	0	1	0.0
1943	Phlebotomus sergenti	3	0	1	0.5
1944	Phobaeticus chani	4	0	2	0.0
1945	Phobaeticus kirbyi	0	0	0	0.0
1946	Phyllochrysa huangi	0	0	0	0.0
1947	Phyllodromica	0	0	0	0.0
1948	Phyllodromica merrakescha	0	0	0	0.0
1949	Phyllonomeus	3	0	1	0.0
1950	Phyllonorycter ivani	0	0	0	0.0
1951	Phytotelmatrichis osopaddington	1	0	1	0.0
1952	Pisaura mirabilis	182	1	17	5.0
1953	Pison	3	0	1	0.0
1954	Planodiscus	2	0	1	0.0
1955	Planodiscus foreli	1	0	1	0.0
1956	Planodiscus furcatus	1	1	1	1.0
1957	Platyscelidini	2	0	1	0.0
1958	Pleurocleonus	2	0	1	0.0
1959	Pliocleonus	0	0	0	0.0
1960	Poduromorpha	6	0	3	0.0
1961	Poecilimon ampliatus	0	0	0	0.0
1962	Poecilimon elegans	1	0	1	0.0
1963	Poecilimon gracilis	0	0	0	0.0
1964	Poliochera	0	0	0	0.0
1965	Poliochera cretacea	0	0	0	0.0
1966	Poliochera gibbsi	1	0	1	0.0
1967	Poliochera glabra	0	0	0	0.0
1968	Poliochera punctulata	0	0	0	0.0
1969	Poliochera pustulatus	0	0	0	0.0
1970	Poliocheridae	1	0	1	0.0
1971	Polyneoptera	6	0	2	1.0
1972	Polyommatus eros	1	0	1	0.0
1973	Polyommatus pljushtchi	4	0	1	0.0
1974	Ponomarenkia belmonthensis	4	0	2	0.0
1975	Porocleonus	1	0	1	0.0
1976	Prionolixus	0	0	0	0.0
1977	Prionorhinus	0	0	0	0.0
1978	Pristomyrmex elmesi	0	0	0	0.0
1979	Pritha garfieldi	3	0	1	0.0
1980	Prochoreutis pseudostellaris	0	0	0	0.0
1981	Prochoreutis sehestediana	3	0	2	0.0
1982	Proctophyllodes huitzilopochtlii	19	0	14	1.0
1983	Prodryas persephone	4	0	1	0.0
1984	Prohamitermes	1	0	1	0.0
1985	Prokoenenia	0	0	0	0.0
1986	Prokoeneniidae	0	0	0	0.0
1987	Proleptothorax primitivus	2	0	1	0.0
1988	Prostigmata	19	0	3	1.0
1989	Psectra diptera	0	0	0	0.0
1990	Psephenidae	2	0	1	0.0
1991	Pseudeumecops	0	0	0	0.0
1992	Pseudisomerus	0	0	0	0.0
1993	Pseudochazara cingovskii	1	0	1	0.0
1994	Pseudocleonus	1	0	1	0.0
1995	Pseudopostega	1	0	1	0.0
1996	Pseudopulex	3	0	1	0.0
1997	Pseudoyersinia	3	0	1	0.0
1998	Pseudoyersinia betancuriae	1	0	1	0.0
1999	Pseudoyersinia brevipennis	0	0	0	0.0
2000	Pseudoyersinia canariensis	0	0	0	0.0
2001	Pseudoyersinia lagrecai	2	0	2	0.0
2002	Pseudoyersinia paui	2	0	1	0.0
2003	Pseudoyersinia pilipes	1	0	1	0.0
2004	Pseudoyersinia subaptera	3	0	2	0.0
2005	Pseudoyersinia teydeana	0	0	0	0.0
2006	Psoroptidia	31	0	19	1.0
2007	Psychodomorpha	2	0	1	0.0
2008	Psychopsidae	0	0	0	0.0
2009	Psyllobora	3	0	1	0.0
2010	Pterocroce capillaris	0	0	0	0.0
2011	Pterodectes rutilus	17	0	16	0.0
2012	Pterolichoidea	18	0	11	1.0
2013	Pteromalidae	6	0	2	0.0
2014	Pterostichinae	4	0	1	0.0
2015	Pterostichus alexeji	0	0	0	0.0
2016	Pterostichus burkhan	0	0	0	0.0
2017	Pterostichus rodionovi	0	0	0	0.0
2018	Ptilodon	1	0	1	0.0
2019	Ptilodoninae	1	0	1	0.0
2020	Ptilophora	2	0	1	0.0
2021	Ptiloscola	2	0	2	0.0
2022	Puer maculatus	0	0	0	0.0
2023	Pycnodactylopsis	0	0	0	0.0
2024	Pygaerinae	0	0	0	0.0
2025	Rachesa	3	0	1	0.0
2026	Reclinervellus nielseni	0	0	0	0.0
2027	Rhabdorrhynchus	2	0	1	0.0
2028	Rhinocyllus	2	0	1	0.0
2029	Rhinocyllus conicus	1	0	1	0.0
2030	Rhizoglyphus robini	6	0	2	0.0
2031	Rhopalocera	97	0	8	3.0
2032	Rhopalosomatidae	1	0	1	0.0
2033	Rhynchophorus	8	0	2	0.5
2034	Rhynchophorus ferrugineus	11	0	4	0.0
2035	Ricinoides	0	0	0	0.0
2036	Ricinoides feae	0	0	0	0.0
2037	Ricinoides hanseni	0	0	0	0.0
2038	Ricinoides karschii	0	0	0	0.0
2039	Ricinoides leonensis	0	0	0	0.0
2040	Ricinoides megahanseni	0	0	0	0.0
2041	Ricinoides olounoua	0	0	0	0.0
2042	Ricinoides sjostedtii	0	0	0	0.0
2043	Ricinoididae	2	0	1	0.0
2044	Rivetina	4	0	2	0.0
2045	Rivetinini	1	0	1	0.0
2046	Rophalis relicta	0	0	0	0.0
2047	Rovnoholoneurus	0	0	0	0.0
2048	Sabatinca	1	0	1	0.0
2049	Sahastata sinuspersica	2	0	1	0.0
2050	Samia	1	0	1	0.0
2051	Saturnia pinratanai	0	0	0	0.0
2052	Saturniini	0	0	0	0.0
2053	Satyrus virbius	0	0	0	0.0
2054	Saurophthirus	1	0	1	0.0
2055	Saurophthirus longipes	1	0	1	0.0
2056	Scaphomorphus	1	0	1	0.0
2057	Scarabaeinae	2	0	1	0.0
2058	Scarabaeus fraterculus	0	0	0	0.0
2059	Schausiella	1	0	1	0.0
2060	Schizophora	4	0	1	0.0
2061	Sciaroidea	8	0	5	0.0
2062	Scymninae	4	0	1	0.0
2063	Selandriinae	2	0	1	0.0
2064	Sepsidae	2	0	1	0.0
2065	Sericomyrmex	0	0	0	0.0
2066	Sericomyrmex radioheadi	3	0	1	0.0
2067	Sicarius hahni	14	0	3	0.0
2068	Sipalinus gigas	4	0	2	0.0
2069	Sitophilus	7	0	3	0.0
2070	Smerinthini	0	0	0	0.0
2071	Speyeria	0	0	0	0.0
2072	Speyeria clara	2	0	2	0.0
2073	Sphaerites	1	0	1	0.0
2074	Sphecomyrminae	5	0	1	0.0
2075	Sphingonotini	3	0	1	0.0
2076	Sphingulini	1	0	1	0.0
2077	Sphodromantis	3	0	1	0.0
2078	Sphodromantis viridis	3	0	3	0.0
2079	Stalagtia skadarensis	1	0	1	0.0
2080	Steatoda grossa	24	0	6	1.0
2081	Stenurella sennii	0	0	0	0.0
2082	Stephanocleonus	4	0	2	0.0
2083	Stephanoidea	6	0	2	0.5
2084	Sterrhinae	2	0	1	0.0
2085	Stethophyma grossum	14	0	5	0.0
2086	Stilbum cyanurum	1	0	1	0.0
2087	Streblote	0	0	0	0.0
2088	Streblote fainae	1	0	1	0.0
2089	Streblote finitorum	1	0	1	0.0
2090	Stromboscerinae	2	0	1	0.0
2091	Stromboscerus	0	0	0	0.0
2092	Sublarinus	1	0	1	0.0
2093	Supraserphites draculi	0	0	0	0.0
2094	Surchania	1	0	1	0.0
2095	Symphypleona	2	0	1	0.0
2096	Syndesinae	1	0	1	0.0
2097	Syntomini	0	0	0	0.0
2098	Syssphinx	1	0	1	0.0
2099	Tabaninae	2	0	1	0.0
2100	Taeniopterygidae	2	0	1	0.0
2101	Taeniopteryx	2	0	1	0.0
2102	Taeniopteryx lita	0	0	0	0.0
2103	Taeniopteryx lonicera	0	0	0	0.0
2104	Taeniopteryx maura	0	0	0	0.0
2105	Taeniopteryx mercuryi	1	0	1	0.0
2106	Taeniopteryx metequi	0	0	0	0.0
2107	Taeniopteryx nebulosa	2	0	1	0.0
2108	Tanymecus	2	0	1	0.0
2109	Taurodemus	1	0	1	0.0
2110	Temnorhinus	3	0	1	0.0
2111	Temnothorax nylanderi	0	0	0	0.0
2112	Tenthredininae	2	0	1	0.0
2113	Tenthredinoidea	8	0	4	0.0
2114	Terminasiania	2	0	1	0.0
2115	Terpsicroton alticeps	0	0	0	0.0
2116	Tetragnatha	13	0	2	1.0
2117	Tetragonothorax	0	0	0	0.0
2118	Teyia branislav	0	0	0	0.0
2119	Thermesiini	0	0	0	0.0
2120	Thomisinae	4	0	1	0.0
2121	Thomisoidea	5	0	1	0.0
2122	Thysania	2	0	1	0.0
2123	Tibiceninae	3	0	1	0.0
2124	Tilloidea	1	0	1	0.0
2125	Timarcha lugens	1	0	1	0.0
2126	Timema cristinae	0	0	0	0.0
2127	Timogenes elegans	0	0	0	0.0
2128	Tineoidea	6	0	2	0.0
2129	Tortricinae	3	0	1	0.0
2130	Trachydemus	1	0	1	0.0
2131	Triatoma sanguisuga	10	0	2	1.0
2132	Trichocleonus	0	0	0	0.0
2133	Trichopria	0	0	0	0.0
2134	Trichotocleonus	2	0	2	0.0
2135	Trigonopterus yoda	0	0	0	0.0
2136	Trigonotarbida	17	0	4	0.5
2137	Trjapitzion cylindrocerus	0	0	0	0.0
2138	Trychopeplus laciniatus	2	0	1	0.0
2139	Turbinoptidae	12	0	10	0.0
2140	Tylogonus (павуки)	3	0	1	0.0
2141	Ulomoides dermestoides	16	0	3	1.0
2142	Umma gumma	4	0	3	0.0
2143	Uraraneida	21	0	3	1.0
2144	Uroballus carlei	1	0	1	0.0
2145	Verophasmatodea	1	0	1	0.0
2146	Vespa basalis	5	0	1	0.0
2147	Vestalis amethystina	2	0	2	0.0
2148	Wasmanniella	0	0	0	0.0
2149	Whiteheadia	2	0	1	0.0
2150	Xanthochelus	1	0	1	0.0
2151	Xanthopan morganii	5	0	2	0.5
2152	Xanthorhoe	4	0	2	0.0
2153	Xanthorhoe fluctuata	0	0	0	0.0
2154	Xanthorhoe heliopharia	0	0	0	0.0
2155	Xanthorhoini	1	0	1	0.0
2156	Xenomacrus	2	0	1	0.0
2157	Xenomorphia	5	0	2	0.5
2158	Xenomorphia handschini	2	0	1	1.0
2159	Xenomorphia resurrecta	2	0	1	1.0
2160	Xyleborini	3	0	2	0.0
2161	Xylodromus affinis	2	0	1	0.0
2162	Yponomeutoidea	5	0	1	0.0
2163	Zerynthia	4	0	2	0.0
2164	Zhangsolvidae	6	0	3	0.0
2165	Zygaena carniolica	3	0	1	0.0
