1	*-алгебра	6	0	1	0.0
2	0 (число)	897	8	55	28.0
3	0,(9)	93	0	18	2.0
4	1 (число)	252	2	15	8.0
5	2 (число)	259	1	55	6.0
6	3-сфера	12	0	3	1.0
7	4-вектор	57	0	5	2.0
8	6 (число)	300	2	19	9.0
9	Абак (рахівниця)	371	4	31	11.0
10	Абелева група	171	0	14	5.0
11	Абсолютна похибка вимірювання	2164	20	133	78.0
12	Абстрактна алгебра	158	1	18	4.0
13	Абстракція	2997	47	150	98.0
14	Азартна гра (теорія ігор)	5	0	1	0.0
15	Аксіома	1971	32	110	64.0
16	Аксіома вибору	108	0	9	3.0
17	Аксіома паралельності Евкліда	232	1	18	7.0
18	Аксіоматика Гільберта	83	0	8	2.0
19	Аксіоми Пеано	83	0	9	2.5
20	Актуарій	196	0	20	5.0
21	Актуарна математика	128	1	8	4.0
22	Алан Тюрінг	1450	29	73	48.0
23	Алгебра	940	11	66	29.0
24	Алгебра Кліфорда	17	0	2	1.0
25	Алгебра Лі	63	0	6	2.0
26	Алгебра логіки	991	7	60	27.0
27	Алгебраїчне числове поле	25	0	5	1.0
28	Алгебраїчні числа	107	0	8	3.0
29	Алгебрична геометрія	86	0	10	2.0
30	Алгебрична топологія	58	0	27	1.0
31	Алгебричний многовид	31	0	4	1.0
32	Алгебрично замкнуте поле	28	0	5	1.0
33	Алгоритм	4523	54	236	149.0
34	Алгоритм Джонсона	50	0	15	1.0
35	Алгоритм Евкліда	1116	21	50	37.0
36	Алгоритм імітації відпалу	132	0	13	3.0
37	Александр Гротендік	50	0	9	1.0
38	Аль-Хорезмі	612	0	39	21.0
39	Альберт Ейнштейн	6102	99	295	206.0
40	Альфред Грей	4	0	2	0.0
41	Альфред Тарський	52	0	4	2.0
42	Американське математичне товариство	16	0	3	0.0
43	Аналітична геометрія	428	5	25	13.0
44	Аналітична теорія чисел	23	0	4	1.0
45	Аналітична функція	254	2	19	8.0
46	Аналогова обчислювальна машина	144	0	9	5.0
47	Андре Вейль	15	0	2	1.0
48	Анрі Леон Лебег	22	0	4	1.0
49	Анрі Пуанкаре	228	2	28	6.0
50	Антіфонт	11	0	2	0.0
51	Аполлоній Перзький	76	0	19	1.0
52	Апостеріорна ймовірність	149	0	25	4.0
53	Арифметика	421	4	23	14.0
54	Арифметична функція	37	0	3	1.0
55	Арістотель	7423	100	374	240.0
56	Арність	62	0	8	2.0
57	Арнольд Володимир Ігорович	40	0	4	1.0
58	Артур Кейлі	16	0	4	0.0
59	Архімед	2026	21	184	53.0
60	Асимптота	514	5	41	16.0
61	Асоціативність	425	4	32	12.0
62	Атлас (математика)	17	0	3	1.0
63	Атле Сельберг	3	0	2	0.0
64	Атрактор	264	2	17	8.0
65	Аттична система числення	26	0	5	1.0
66	Афінна геометрія	75	0	8	2.0
67	Багатократний інтеграл	191	1	14	6.0
68	Багатокритеріальна оптимізація	234	0	20	7.0
69	Баєсів інформаційний критерій	31	0	3	1.0
70	Баєсова ймовірність	93	0	7	3.0
71	Баєсова лінійна регресія	54	0	7	1.5
72	Баєсова мережа	181	0	18	5.0
73	Баєсова оцінка	83	0	10	2.5
74	Баєсове виведення	59	0	6	2.0
75	Банахів простір	117	0	9	4.0
76	Банахова алгебра	24	0	5	1.0
77	Басейн притягання	3	0	2	0.0
78	Безвиграшна ситуація	29	0	4	1.0
79	Безкоаліційна гра	15	0	3	1.0
80	Безмасштабна мережа	14	0	2	0.0
81	Бенуа Мандельброт	179	0	53	4.0
82	Бернгард Ріман	83	0	11	2.0
83	Бертран Расселл	529	6	39	16.0
84	Бета-функція	107	0	7	4.0
85	Бієкція	395	5	31	11.0
86	Білінійне відображення	16	0	4	1.0
87	Бінарна класифікація	270	0	181	3.0
88	Бінарна операція	338	2	28	10.0
89	Біном Ньютона	991	15	69	30.0
90	Біноміальний коефіцієнт	282	1	20	9.0
91	Біноміальний розподіл	577	2	38	18.0
92	Блез Паскаль	1379	14	72	44.0
93	Броунівське дерево	14	0	4	1.0
94	Броунівський рух	2805	25	208	81.0
95	Булеан	320	3	22	10.0
96	Булева алгебра (структура)	259	1	18	8.0
97	Булева функція	1114	9	73	32.0
98	Буняковський Віктор Якович	50	0	7	1.0
99	Варіаційне числення	117	0	9	4.0
100	Вейвлет	121	0	9	3.0
101	Вектор (математика)	1584	20	87	52.0
102	Векторне поле	167	1	14	5.0
103	Векторне числення	41	0	6	1.0
104	Векторний простір	561	5	35	18.0
105	Велика теорема Ферма	821	11	51	27.0
106	Верхня і нижня границі	220	0	25	6.0
107	Взаємна інформація	106	0	13	3.5
108	Взаємно прості числа	1056	13	58	34.0
109	Вибірка	2949	21	170	100.0
110	Визначник	1326	23	83	41.0
111	Виключна диз'юнкція	1230	19	79	36.0
112	Вимірна функція	48	0	5	2.0
113	Випадкова величина	1037	13	85	29.0
114	Випадкова подія	387	4	26	11.0
115	Випадкове блукання	79	0	7	2.0
116	Випадковий процес	371	3	29	12.0
117	Випадковий процес з довгою пам'яттю	2	0	1	0.0
118	Випадкові числа	72	0	11	2.0
119	Вироджений розподіл	53	0	5	2.0
120	Висковатов Василь Іванович	1	0	1	0.0
121	Висота (величина)	6	0	2	0.0
122	Від'ємне число	448	7	29	13.0
123	Відкрита множина	119	0	14	4.0
124	Відкриті математичні питання	210	1	18	6.0
125	Віднімання	1225	19	87	38.0
126	Відношення	733	6	47	24.0
127	Відношення еквівалентності	750	9	46	21.0
128	Відношення порядку	565	6	45	15.0
129	Відособлений розподіл	34	0	4	1.0
130	Відсоток	1351	19	76	40.0
131	Відстань	2087	21	112	67.0
132	Вільна група	12	0	2	0.0
133	Вільний параметр	0	0	0	0.0
134	Вільні і зв'язані змінні	40	0	7	1.0
135	Вільям Ровен Гамільтон	109	0	12	3.0
136	Вільям Терстон	14	0	3	1.0
137	Вісімкова система числення	361	2	27	11.0
138	Вісь	503	2	61	15.0
139	Вкладення Сегре	3	0	2	0.0
140	Власні вектори та власні числа	711	5	38	22.0
141	Внутрішня точка	80	0	10	2.0
142	Гамма-розподіл	126	0	9	4.0
143	Гамма-функція	416	3	29	12.0
144	Гармонічна функція	63	0	6	2.0
145	Гармонічний аналіз	51	0	13	1.0
146	Гаусові числа	126	1	10	3.0
147	Гельфанд Ізраїль Мойсейович	33	0	6	1.0
148	Генератор псевдовипадкових чисел	239	2	17	7.0
149	Генератриса	180	0	25	5.0
150	Генерація випадкових чисел	262	2	18	8.0
151	Геодезична лінія	163	1	17	4.0
152	Геометрична прогресія	1500	29	73	49.0
153	Геометричний броунівський рух	20	0	4	1.0
154	Геометрія	1440	16	107	48.0
155	Геометрія Лобачевського	358	2	28	12.0
156	Георг Кантор	91	0	9	2.0
157	Герман Вейль	28	0	3	1.0
158	Гідроаеромеханіка	109	0	9	3.0
159	Гідромеханіка	54	0	6	2.0
160	Гійом де Лопіталь	29	0	5	1.0
161	Гільбертів простір	179	1	13	5.0
162	Гіпербола (математика)	1489	17	97	48.0
163	Гіпергеометричний розподіл	85	0	9	2.5
164	Гіперграф	14	0	4	0.0
165	Гіперповерхня	37	0	5	1.0
166	Гіпотеза Гольдбаха	66	0	8	2.0
167	Гіпотеза Пуанкаре	449	7	22	14.0
168	Гіпотеза Рімана	330	5	18	10.0
169	Гістограма	762	9	50	21.0
170	Голоморфна функція	180	1	14	5.0
171	Гомеоморфізм	62	0	5	2.0
172	Гомологічна алгебра	23	0	5	1.0
173	Гомоморфізм	174	1	21	4.0
174	Гомоморфізм груп	96	0	7	3.0
175	Гомоморфне шифрування	26	0	5	1.0
176	Гомотопія	28	0	5	1.0
177	Готлоб Фреге	181	0	37	4.0
178	Готфрід Вільгельм Ляйбніц	1242	9	90	37.0
179	Гра без побічних платежів	2	0	1	0.0
180	Градієнтний спуск	475	4	34	14.0
181	Градієнтні методи	184	0	26	4.0
182	Границя	690	11	43	21.0
183	Границя функції в точці	1279	11	76	41.0
184	Границя числової послідовності	748	10	47	22.0
185	Граф (математика)	1421	21	76	44.0
186	Група (математика)	322	1	39	9.0
187	Група Галуа	10	0	2	0.0
188	Група Лі	47	0	5	1.0
189	Густина імовірності	721	5	48	23.0
190	Ґратка (порядок)	174	0	16	5.0
191	Давид Гільберт	229	3	13	7.0
192	Дванадцяткова система числення	69	0	7	2.0
193	Девід Мамфорд	13	0	3	0.0
194	Декартів добуток множин	1140	12	79	32.0
195	Декартова система координат	1500	20	81	48.0
196	Дельта-метод	29	0	5	1.0
197	Дельта-функція Дірака	216	3	16	7.0
198	Дерево (теорія графів)	731	7	62	21.0
199	Джеймс Клерк Максвелл	841	2	55	27.0
200	Джон Конвей	22	0	3	1.0
201	Джон Мілнор	10	0	3	0.0
202	Джон фон Нейман	645	4	60	19.0
203	Джон Форбс Неш	1013	18	58	30.0
204	Джордж Буль	231	1	28	7.0
205	Джуліо Асколі	3	0	1	0.0
206	Дзета-функція Рімана	157	1	13	5.0
207	Диз'юнкт Горна	14	0	2	1.0
208	Динамічна гра	22	0	5	0.0
209	Динамічна система	510	3	28	16.0
210	Дискретна група	5	0	2	0.0
211	Дискретна математика	938	11	63	29.0
212	Дискретний логарифм	132	0	19	3.0
213	Дискримінант	693	7	34	23.0
214	Дисперсійний аналіз	829	5	50	28.0
215	Дисперсія випадкової величини	2995	33	159	102.0
216	Дистрибутивність	270	2	18	8.0
217	Дифеоморфізм	20	0	3	1.0
218	Диференціальна геометрія	86	0	8	2.5
219	Диференціальне рівняння з частинними похідними	326	3	26	10.0
220	Диференціальне та інтегральне числення	224	1	17	7.0
221	Диференціальне числення	367	4	33	10.0
222	Диференціальні рівняння	1519	12	104	47.0
223	Диференційовний многовид	11	0	2	0.0
224	Дійсне число	3668	70	177	121.0
225	Дійснозначна функція	20	0	3	1.0
226	Ділення	1121	11	65	36.0
227	Діофантові рівняння	369	3	26	12.0
228	Дія (фізика)	65	0	5	2.0
229	Добуток	3555	48	237	113.0
230	Довга арифметика	82	0	6	2.0
231	Доведення	332	4	22	9.0
232	Доведення з нульовим розголошенням	35	0	19	0.0
233	Довжина	2111	16	108	71.0
234	Довжина кривої	74	0	7	2.0
235	Довірчий інтервал	965	11	53	31.0
236	Додавання	993	13	54	33.0
237	Дональд Кнут	219	0	25	5.0
238	Допустимий розв'язок	34	0	7	1.0
239	Досконале число	269	3	19	7.0
240	Дослідження операцій	479	5	35	14.0
241	Дотична	381	5	22	11.0
242	Дотичний простір	33	0	5	1.0
243	Дріб	2947	52	151	95.0
244	Дрінфельд Володимир Гершонович	37	0	3	1.0
245	Друга похідна	263	3	17	8.0
246	Еварист Галуа	130	1	16	3.0
247	Евклід	2039	7	160	53.0
248	Евклідів простір	384	2	24	13.0
249	Евклідова геометрія	630	8	40	18.0
250	Едвард Віттен	20	0	4	0.5
251	Експоненційний розподіл	618	5	37	19.0
252	Ексцентриситет	980	9	64	30.0
253	Елементарна математика	64	0	5	2.0
254	Елі Жозеф Картан	6	0	2	0.0
255	Еліпс	2137	28	121	70.0
256	Еліптична крива	187	0	23	5.0
257	Еліптична криптографія	176	1	19	5.0
258	Еліптична функція	19	0	4	1.0
259	Еммі Нетер	376	1	27	10.0
260	Емпірична функція розподілу	345	1	29	9.0
261	Ентропійна швидкість	19	0	3	1.0
262	Ентропія	4301	61	210	150.0
263	Ератосфен	614	9	38	22.0
264	Ергодичний розподіл	29	0	7	1.0
265	Ермітова форма	3	0	1	0.0
266	Ефект метелика (математика)	783	12	40	26.0
267	Жак Соломон Адамар	23	0	3	1.0
268	Жан-П'єр Серр	11	0	2	0.5
269	Житомирська Світлана Яківна	12	0	3	0.5
270	Життя (гра)	481	6	30	14.0
271	Жозеф-Луї Лагранж	134	0	13	3.0
272	Жорданова нормальна форма	59	0	5	2.0
273	Загальна лінійна група	15	0	2	0.0
274	Загальна теорія відносності	1085	10	67	35.0
275	Загальна топологія	30	0	3	1.0
276	Задання групи	12	0	2	1.0
277	Задача безумовної оптимізації	52	0	7	2.0
278	Задача дробово-лінійного програмування	36	0	14	0.5
279	Задача математичного програмування	47	0	5	1.0
280	Задача оптимізації	1059	4	85	34.0
281	Задача опуклого програмування	18	0	3	1.0
282	Задача про пакування в ємності	38	0	5	1.0
283	Задача розв'язності	40	0	3	1.0
284	Задача умовної оптимізації	40	0	8	1.0
285	Закон великих чисел	427	3	38	12.0
286	Закон виключеного третього	705	4	43	24.0
287	Закони Кеплера	11859	61	900	426.0
288	Закони Ланчестера	23	0	3	1.0
289	Закони Ньютона	18477	134	1136	665.0
290	Замикання (математика)	85	0	11	3.0
291	Заперечення	605	9	32	19.0
292	Зв'язність (диференціальна геометрія)	7	0	1	0.0
293	Звичайні диференціальні рівняння	188	1	19	5.0
294	Згортка (математичний аналіз)	227	1	16	6.0
295	Зірочка Кліні	21	0	3	1.0
296	Зліченна множина	252	1	19	7.0
297	Знак рівності	560	8	35	17.0
298	Зовнішня алгебра	20	0	3	1.0
299	Зовнішня похідна	11	0	2	1.0
300	Золота спіраль	241	1	17	7.0
301	Золотий перетин	4372	69	282	130.0
302	Ізометрія (математика)	77	0	7	2.5
303	Ізоморфізм	356	2	23	11.0
304	Ізоморфізм груп	79	0	10	2.0
305	Імовірнісна логіка	10	0	3	0.5
306	Імовірність	1490	23	98	49.0
307	Імпульс (механіка)	4123	39	335	114.0
308	Індекс контура відносно точки	11	0	2	0.0
309	Індо-арабська система числення	698	6	90	19.0
310	Інтеграл	2585	31	157	83.0
311	Інтеграл Лебега	134	0	12	4.0
312	Інтегральна теорема Коші	136	0	10	4.0
313	Інтегральна формула Коші	130	1	12	4.0
314	Інтегральне правило Лейбніца	37	0	4	1.0
315	Інтегральне рівняння	57	0	8	2.0
316	Інтервал (математика)	246	2	18	7.0
317	Інтерполяція	1439	10	94	47.0
318	Інформаційна ентропія	780	9	42	22.0
319	Інформаційний критерій Акаіке	73	0	8	2.0
320	Інформація	9877	121	511	334.0
321	Ірвінг Рід	4	0	1	0.0
322	Ірраціональні числа	1258	25	66	41.0
323	Ісаак Ньютон	5517	62	320	157.0
324	Історія геометрії	368	1	35	10.0
325	Історія математики	1572	19	86	53.0
326	Історія математичних позначень	220	0	25	7.0
327	Істотний многовид	3	0	2	0.0
328	Ймовірнісний простір	123	0	9	4.0
329	Йоганн Кеплер	1231	10	90	39.0
330	Калібрувальна інваріантність	87	0	9	2.0
331	Канонічна кореляція	44	0	7	1.0
332	Карл Вейєрштрасс	68	0	8	2.0
333	Карл Фрідріх Гаусс	560	2	37	17.0
334	Категорійна змінна	232	1	55	5.0
335	Категорійний розподіл	33	0	6	1.0
336	Квадрат	1845	23	90	61.0
337	Квадратична форма	175	0	28	4.0
338	Квадратичний закон взаємності	23	0	4	1.0
339	Квадратне рівняння	2374	39	124	74.0
340	Квадратний корінь	1547	26	73	48.0
341	Квантова електродинаміка	188	1	14	6.0
342	Квантова криптографія	111	0	12	3.0
343	Квантова логіка	17	0	2	1.0
344	Квантова механіка	1255	19	61	41.0
345	Квантова хромодинаміка	77	0	13	2.0
346	Квартет Анскомбе	10	0	2	0.0
347	Китайська теорема про остачі	182	0	17	6.0
348	Кільце (алгебра)	400	3	36	12.0
349	Кільце многочленів	33	0	4	1.0
350	Кільцевий підпис	14	0	2	0.5
351	Кінематика	1833	18	121	57.0
352	Кінетична енергія	6963	49	620	200.0
353	Клавдій Птолемей	1540	18	89	49.0
354	Клас еквівалентності	290	2	21	9.0
355	Клас складності NP	97	0	10	3.0
356	Клас складності P	115	1	8	3.0
357	Клас складності PSPACE	9	0	3	0.0
358	Класична механіка	1483	11	76	49.0
359	Кластеризація методом к–середніх	555	7	39	18.0
360	Коваріація	545	7	29	17.0
361	Коефіцієнт Баєса	21	0	2	1.0
362	Коефіцієнт Жаккара	147	1	11	5.0
363	Колмогоров Андрій Миколайович	143	0	12	4.0
364	Коло	2248	36	152	70.0
365	Комбінаторика	1166	16	79	37.0
366	Комбінаторна оптимізація	31	0	4	1.0
367	Комбінація (комбінаторика)	691	9	41	22.0
368	Компактний простір	221	1	23	6.0
369	Комплексна площина	147	0	13	4.0
370	Комплексне число	1831	26	96	55.0
371	Комплексний аналіз	301	2	23	9.0
372	Композиція функцій	169	1	16	5.0
373	Компонента зв'язності графа	214	0	13	7.0
374	Комутативна алгебра	28	0	9	0.0
375	Комутативне кільце	53	0	10	1.0
376	Комутативність	469	6	34	16.0
377	Кон'юнкція	1083	15	73	33.0
378	Конкатенація	290	3	17	10.0
379	Континуум-гіпотеза	66	0	6	2.0
380	Контрапозиція	73	0	8	2.0
381	Кооперативна гра (теорія ігор)	64	0	9	2.0
382	Кореляція і залежність	2665	34	140	91.0
383	Кортеж (інформатика)	273	1	19	9.0
384	Крайова задача	122	0	12	3.0
385	Крива	211	1	15	6.0
386	Кривина (математика)	164	1	10	5.0
387	Криві другого порядку	754	1	44	24.0
388	Криза основ математики	22	0	4	1.0
389	Криптоаналіз	438	2	34	14.0
390	Криптографічна геш-функція	245	2	21	7.0
391	Криптографічно стійкий генератор псевдовипадкових чисел	87	0	7	2.5
392	Криптографія	2318	21	141	77.0
393	Критерій Фішера	1074	17	52	32.0
394	Критична точка (математика)	211	1	16	8.0
395	Куб	1923	28	112	64.0
396	Куля (геометрія)	8	0	2	0.0
397	Курт Гедель	102	0	7	3.0
398	Кут	2756	30	148	99.0
399	Кутова швидкість	3954	18	253	126.0
400	Кутовий коефіцієнт	917	10	44	30.0
401	Лагранжіан	127	0	9	4.0
402	Лазар Карно	39	0	4	1.0
403	Ланцюги Маркова	344	2	31	9.0
404	Ланцюги Маркова з неперервним часом	18	0	3	1.0
405	Ланцюговий дріб	231	0	23	6.0
406	Лейтзен Егберт Ян Брауер	15	0	2	1.0
407	Лексель Андрій Іванович	5	0	1	0.0
408	Лема Гронуолла — Беллмана	12	0	3	0.0
409	Лема Цорна	14	0	2	0.5
410	Леонард Ейлер	651	6	50	18.0
411	Лінійна алгебра	322	1	22	9.0
412	Лінійна комбінація	314	2	36	9.0
413	Лінійна регресія	1188	16	97	38.0
414	Лінійна функція	734	12	38	23.0
415	Лінійне відображення	212	2	19	5.0
416	Лінійне програмування	1018	9	67	34.0
417	Лінійне рівняння	601	6	33	19.0
418	Лінія	300	2	21	9.0
419	Логарифм	3842	59	586	115.0
420	Логарифмічно угнута функція	15	0	5	1.0
421	Логіка	3675	63	212	116.0
422	Логіка в інформатиці	271	1	20	8.0
423	Логіка другого порядку	34	0	4	1.0
424	Логіка першого порядку	218	1	21	6.0
425	Логічний сполучник	383	2	33	12.0
426	Любич Михайло Юрійович	6	0	2	0.0
427	Ляпунов Олександр Михайлович	130	0	13	3.0
428	Майже періодична функція	20	0	3	1.0
429	Майкл Атія	32	0	5	1.0
430	Максимальний ідеал	25	0	4	0.5
431	Маргуліс Григорій Олександрович	6	0	1	0.0
432	Марковська властивість	31	0	4	2.0
433	Марковська модель	94	0	15	3.0
434	Марковський момент часу	10	0	3	0.0
435	Марковський процес	107	0	7	3.0
436	Марковський процес вирішування	61	0	6	2.0
437	Мартингал	28	0	5	1.0
438	Математик	430	5	24	12.0
439	Математика	3770	52	183	125.0
440	Математична індукція	477	3	26	16.0
441	Математична константа	154	2	10	5.0
442	Математична логіка	497	3	27	15.0
443	Математична статистика	576	6	34	18.0
444	Математична фізика	179	0	12	5.0
445	Математичне моделювання	900	8	57	28.0
446	Математичне сподівання	1815	11	119	57.0
447	Математичний аналіз	717	4	38	22.0
448	Матриця (математика)	2413	41	119	81.0
449	Матриця суміжності	871	4	55	26.0
450	Машина Тюрінга	717	5	67	20.0
451	Медаль Філдса	130	0	13	4.0
452	Медіана (статистика)	2539	27	129	90.0
453	Мероморфна функція	47	0	4	2.0
454	Метаматематика	24	0	4	0.0
455	Метамова	236	3	19	6.0
456	Метод Гауса	1276	16	68	43.0
457	Метод Гауса — Жордана	291	1	19	10.0
458	Метод головних компонент	471	4	33	14.0
459	Метод групового урахування аргументів	64	0	9	2.0
460	Метод максимальної правдоподібності	291	3	21	10.0
461	Метод матриць переходу	21	0	4	1.0
462	Метод Монте-Карло	676	7	36	22.0
463	Метод невизначених множників	132	0	19	4.0
464	Метод Ньютона	660	3	41	19.0
465	Метод скінченних різниць	216	1	20	7.0
466	Метричний простір	258	3	18	7.0
467	Метричний тензор	58	0	6	1.5
468	Механіка Гамільтона	62	0	7	1.0
469	Мимобіжні прямі	1539	19	83	50.0
470	Міжнародна математична олімпіада	116	0	12	3.0
471	Мінімальна довжина повідомлення	11	0	2	1.0
472	Мінімізація булевих функцій за допомоги дужкових форм	49	0	4	2.0
473	Міра множини	142	1	12	4.0
474	Міра Хаара	8	0	2	0.0
475	Мішаний добуток	499	4	33	15.0
476	Многовид	109	0	9	3.0
477	Многогранник	715	2	64	24.0
478	Многокутник	1990	10	131	61.0
479	Многочлен	1327	19	67	42.0
480	Множення	1098	8	75	33.0
481	Множина	2993	52	150	97.0
482	Мода (статистика)	1798	18	109	52.0
483	Модель Барабаші — Альберт	23	0	3	1.0
484	Модель Блека — Шоулза	124	0	11	3.0
485	Модуль (математика)	1113	18	53	36.0
486	Модуль над кільцем	55	0	5	1.0
487	Модульна арифметика	372	5	20	12.0
488	Модулярна форма	33	0	6	1.0
489	Мультиіндекс	2	0	1	0.0
490	Мультимножина	67	0	8	2.0
491	Найбільше відоме просте число	435	5	29	14.0
492	Найбільший спільний дільник	706	7	42	23.0
493	Найменше спільне кратне	988	15	62	31.0
494	Накриття (топологія)	8	0	1	0.0
495	Напівмартингал	3	0	1	0.0
496	Нат (одиниця вимірювання)	31	0	4	1.0
497	Натуральні числа	5501	105	252	182.0
498	Начала Евкліда	343	2	47	9.0
499	Нго Бао Чау	15	0	3	1.0
500	Невластивий інтеграл	4	0	1	0.0
501	Недетермінований скінченний автомат	88	0	7	3.0
502	Неевклідова геометрія	178	1	12	5.0
503	Незалежність (теорія ймовірностей)	180	1	17	5.0
504	Незвідний многочлен	117	0	10	4.0
505	Неімплікація	47	0	5	2.0
506	Нелінійні диференціальні рівняння	11	0	3	0.5
507	Неперервна справа функція з лівосторонніми границями	29	0	6	1.0
508	Неперервна функція	1373	16	78	43.0
509	Нерівність	1506	18	95	43.0
510	Нерівність Коші — Буняковського	721	9	46	23.0
511	Нерівність трикутника	185	1	12	6.0
512	Нерівність Чебишова	243	1	34	8.0
513	Нескінченність	676	10	41	22.0
514	Нечітка множина	304	3	31	9.0
515	Ніколя Бурбакі	46	0	5	1.0
516	Нільпотентна група	11	0	3	1.0
517	Нім (гра)	45	0	5	1.0
518	Норма (математика)	225	1	20	7.0
519	Норма (теорія полів)	7	0	1	0.0
520	Нормальна підгрупа	83	0	12	3.0
521	Нормальний розподіл	2104	31	105	71.0
522	Обернена функція	767	10	44	24.0
523	Обернені тригонометричні функції	1138	18	58	38.0
524	Область визначення	2538	40	132	86.0
525	Область значень	983	13	58	31.0
526	Область цілісності	63	0	13	1.0
527	Обчислювальна математика	149	1	11	5.0
528	Обчислювана функція	44	0	6	1.0
529	Оґюстен-Луї Коші	175	0	14	6.0
530	Одностороння функція	40	0	6	1.0
531	Окіл	242	3	17	7.0
532	Омар Хайям	2591	26	252	66.0
533	Оператор Лапласа	232	1	18	7.0
534	Оптимізація (математика)	796	9	66	22.0
535	Оптимум Парето	543	6	34	17.0
536	Опукла комбінація	23	0	3	1.0
537	Опукла множина	91	0	11	2.0
538	Опукла функція	199	2	14	6.0
539	Ортогональна матриця	189	1	16	5.0
540	Ортогональність	354	4	23	12.0
541	Ортонормований базис	131	1	18	3.0
542	Оскар Зарицький	12	0	4	0.0
543	Основна теорема алгебри	176	1	17	5.0
544	Основна теорема арифметики	186	2	13	5.0
545	Оцінка апостеріорного максимуму	45	0	9	1.0
546	Оцінка густини	38	0	4	1.0
547	П'єр Рене Делінь	15	0	4	0.0
548	П'єр Ферма	281	2	30	7.5
549	П'єр-Симон Лаплас	190	1	12	6.0
550	П'ятикомірник	22	0	3	1.0
551	Пал Ердеш	51	0	6	2.0
552	Парабола	1591	22	99	49.0
553	Парадокс Банаха — Тарського	129	0	12	4.0
554	Парадокс Расселла	217	2	14	7.0
555	Паралельність	1170	9	72	41.0
556	Параметр	359	4	25	11.0
557	Переважне приєднання	16	0	3	0.5
558	Перевірка відношенням правдоподібностей	45	0	5	1.0
559	Перевірка статистичних гіпотез	511	5	41	15.0
560	Перельман Григорій Якович	424	6	24	13.0
561	Перестановка	428	3	25	13.0
562	Перетворення Гільберта	33	0	7	1.0
563	Перетворення Лапласа	281	2	18	8.0
564	Перетворення Фур'є	808	7	53	26.0
565	Перетин множин	682	6	39	20.0
566	Перехресна ентропія	53	0	5	2.0
567	Перехресна перевірка	109	1	10	3.0
568	Периметр	738	8	47	23.0
569	Періодична функція	462	6	26	14.0
570	Періодичний стан	12	0	2	1.0
571	Підмножина	754	8	65	24.0
572	Піднесення до степеня	3399	57	174	113.0
573	Підстановка	49	0	5	2.0
574	Піфагор	2654	34	158	84.0
575	Планування експерименту	911	8	53	32.0
576	Площа	3089	48	196	98.0
577	Площа поверхні	100	0	12	2.0
578	Площина	974	6	58	30.0
579	Поверхневий інтеграл	96	0	10	3.0
580	Поверхня	375	2	45	10.0
581	Повний метричний простір	83	0	10	3.0
582	Подвійні числа	46	0	8	1.0
583	Подільність	266	2	29	7.0
584	Позиційна система числення	640	1	47	21.0
585	Показникова функція	1369	14	88	44.0
586	Пол Джозеф Коен	34	0	6	1.0
587	Поле (алгебра)	319	0	21	10.0
588	Поле Галуа	217	1	19	6.0
589	Поліноми Ерміта	148	1	15	5.0
590	Поль Дірак	161	0	18	4.0
591	Полюс (комплексний аналіз)	55	0	8	2.0
592	Полярна система координат	866	16	62	27.0
593	Помилки першого і другого роду	342	2	31	10.0
594	Порядкове число	57	0	6	2.0
595	Послідовність	634	10	45	19.0
596	Послідовність Фібоначчі	1393	26	74	47.0
597	Потужність множини	667	7	52	21.0
598	Похибки та залишки	278	3	16	9.0
599	Похідна	4071	60	205	134.0
600	Правило висновування	40	0	8	1.0
601	Правило Лопіталя	954	10	52	32.0
602	Правильний многокутник	1069	15	63	37.0
603	Правильний трикутник	3718	50	211	133.0
604	Представлення групи	33	0	4	1.0
605	Приблизне баєсове обчислення	71	0	6	2.0
606	Прикладна математика	492	6	28	15.0
607	Принцип детальної рівноваги	20	0	3	1.0
608	Принцип Діріхле	596	5	36	18.0
609	Принцип максиміну	21	0	7	0.0
610	Припущення	292	3	21	10.0
611	Прискорення	10220	106	550	362.0
612	Пристосованість (статистика)	31	0	4	1.0
613	Проблема зупинки	72	0	7	2.0
614	Проблема чотирьох фарб	122	0	12	4.0
615	Проблеми Гільберта	193	1	13	5.0
616	Проективна геометрія	125	0	22	3.0
617	Проективний простір	40	0	6	1.0
618	Проста група	13	0	2	1.0
619	Просте число	2490	48	119	79.0
620	Простий ідеал	37	0	5	1.0
621	Простір Мінковського	107	0	8	4.0
622	Простір Шварца	39	0	14	1.0
623	Простір Lp	96	0	8	3.0
624	Просторово-часовий інтервал	186	1	14	5.0
625	Протокол узгодження ключів	43	0	7	1.0
626	Процес Леві	17	0	4	1.0
627	Пряма	1587	17	94	45.0
628	Пряма секретність	46	0	8	1.0
629	Прямий кут	878	7	65	25.0
630	Прямокутний трикутник	9860	167	464	337.0
631	Псевдотріангуляція	8	0	2	0.0
632	Пучок (математика)	8	0	1	0.0
633	Радіальна базисна функція	80	0	7	3.0
634	Радіан	1112	15	65	37.0
635	Радіус	2002	22	114	66.0
636	Раціональна функція	67	0	10	1.5
637	Раціональні числа	2172	41	112	66.0
638	Регістр зсуву з лінійним зворотним зв'язком	69	0	9	2.0
639	Регресійний аналіз	1632	21	100	51.0
640	Регуляризація (математика)	48	0	6	2.0
641	Рене Декарт	4589	54	253	154.0
642	Рене Том	30	0	6	1.0
643	Рерайтинг (математика)	28	0	3	1.0
644	Римська система числення	6091	103	290	212.0
645	Рівність класів P і NP	174	0	11	5.0
646	Рівновага Неша	466	1	53	13.0
647	Рівномірна збіжність	80	0	7	2.0
648	Рівномірна обмеженість	21	0	3	1.0
649	Рівностепенева неперервність	18	0	2	1.0
650	Рівняння	1401	16	84	43.0
651	Рівняння Дірака	156	0	20	4.0
652	Рівняння конвекції-дифузії	72	0	6	3.0
653	Рівняння Лапласа	165	0	16	5.0
654	Рівняння Максвелла	950	12	60	29.0
655	Рівняння Нав'є — Стокса	324	3	32	9.0
656	Рівняння Пелля	34	0	4	1.0
657	Рівняння Смолюховського	26	0	5	2.0
658	Рівняння теплопровідності	246	2	20	7.0
659	Рівняння Фоккера-Планка	52	0	11	1.0
660	Рівняння Чепмена — Колмогорова	38	0	5	1.0
661	Рівняння четвертого степеня	330	1	26	11.0
662	Рівняння Шредінгера	511	5	39	15.0
663	Ріманова поверхня	40	0	7	1.0
664	Ріхард Дедекінд	25	0	3	1.0
665	Річард Евен Борхердс	13	0	2	0.5
666	Роджер Пенроуз	73	0	6	2.0
667	Розбиття множини	229	1	16	7.0
668	Розв'язна група	13	0	2	0.0
669	Розвідувальний аналіз	75	0	7	3.0
670	Роздрібнена множина	8	0	2	0.0
671	Розмірність простору	168	1	13	6.0
672	Розподіл ймовірностей	931	13	48	30.0
673	Розподіл Коші	71	0	9	2.0
674	Розподіл Пуассона	625	6	36	20.0
675	Розподіл хі-квадрат	290	2	43	8.0
676	Розфарбовування ребер	30	0	4	1.0
677	Розходження Кульбака — Лейблера	55	0	7	2.0
678	Розширений фільтр Калмана	34	0	5	1.0
679	Розширення поля	34	0	3	1.0
680	Рональд Фішер	56	0	5	2.0
681	Ряд (математика)	327	4	26	10.0
682	Ряд Тейлора	1308	21	72	44.0
683	Ряд Фур'є	723	9	42	22.0
684	Саймон Дональдсон	7	0	3	0.0
685	Середнє арифметичне	1622	21	82	53.0
686	Середнє значення	1433	15	79	46.0
687	Сигма-алгебра	158	1	23	5.0
688	Силогізм	1674	20	132	52.0
689	Символ Кронекера	61	0	5	2.0
690	Символ Похгаммера	34	0	4	1.0
691	Симетрична група	62	0	8	2.0
692	Симетрія	1686	20	97	56.0
693	Симетрія в математиці	173	0	12	6.0
694	Симплекс	154	0	16	5.0
695	Симплекс-метод	474	3	28	15.0
696	Сингулярний розклад матриці	139	0	10	4.5
697	Сингулярні гомології	5	0	1	0.0
698	Система координат	1652	14	104	53.0
699	Система лінійних алгебраїчних рівнянь	2414	37	120	76.0
700	Система числення	1707	22	102	52.0
701	Сімеон-Дені Пуассон	75	0	7	2.0
702	Скаляр	379	2	28	11.0
703	Скалярний добуток	1586	25	86	47.0
704	Скінченна множина	320	3	22	10.0
705	Скінченні різниці	103	0	9	3.5
706	Складано-ножева перевибірка	25	0	4	1.0
707	Складене число	682	10	43	22.0
708	Соломон Лефшец	6	0	3	0.0
709	Спектральна теорема	6	0	3	0.0
710	Спеціальна теорія відносності	1167	13	56	37.0
711	Список математичних категорій	112	0	9	4.0
712	Список тригонометричних тотожностей	1613	21	82	53.0
713	Спільна ентропія	33	0	5	1.0
714	Спінор	24	0	5	0.5
715	Спліт-кватерніони	24	0	6	1.0
716	Спрямований ациклічний граф	92	0	11	2.5
717	Срініваса Рамануджан	335	2	25	9.0
718	Стандартна модель	345	3	31	9.0
719	Стандартне відхилення	3979	43	196	130.0
720	Статистика	4041	47	235	131.0
721	Статистична дисперсія	755	6	69	21.0
722	Статистична значущість	1022	8	53	32.0
723	Статистична механіка	119	0	9	4.0
724	Статистичне висновування	164	1	14	5.0
725	Стаціонарна точка	190	1	16	6.0
726	Степеневий ряд	193	1	14	5.0
727	Степінь трансцендентності	4	0	2	0.0
728	Стефан Банах	273	4	15	9.0
729	Стівен Смейл	19	0	3	1.0
730	Стохастична гра	6	0	2	0.0
731	Стохастична матриця	26	0	4	1.0
732	Стохастична модель	185	0	14	5.5
733	Стохастичне числення Іто	18	0	3	1.0
734	Сума	1515	26	79	48.0
735	Сфера	1176	9	92	31.0
736	Сфера Рімана	53	0	9	1.0
737	Сферична система координат	450	5	30	13.0
738	Сюр'єкція	433	4	49	12.0
739	Таблиця множення	359	3	37	9.0
740	Теза Черча — Тюрінга	70	0	7	2.0
741	Тензорний добуток	68	0	5	2.0
742	Теорема	556	6	34	19.0
743	Теорема Асколі — Арцела	43	0	4	2.0
744	Теорема Баєса	722	7	46	23.0
745	Теорема Банаха про нерухому точку	63	0	8	1.0
746	Теорема Гамільтона — Келі	26	0	4	1.0
747	Теорема Гана — Банаха	14	0	2	1.0
748	Теорема Кантора	135	0	15	4.0
749	Теорема косинусів	2124	28	97	67.0
750	Теорема Лагранжа	492	3	37	11.0
751	Теорема Лагранжа (теорія груп)	64	0	8	2.0
752	Теорема Льовенгейма — Сколема	11	0	2	1.0
753	Теорема Піфагора	4980	100	240	161.0
754	Теорема про планарне розбиття	43	0	5	1.0
755	Теорема про розподіл простих чисел	74	0	8	2.0
756	Теорема Рамсея	32	0	5	1.0
757	Теорема Рімана — Роха	5	0	1	0.0
758	Теорема синусів	1260	12	70	39.0
759	Теорема Скорохода про вкладення	13	0	3	1.0
760	Теорема Стокса	219	1	41	6.0
761	Теореми Веєрштраса у банахових просторах	9	0	2	0.5
762	Теореми Геделя про неповноту	252	3	23	8.0
763	Теореми про ізоморфізми	29	0	3	1.0
764	Теоретична інформатика	158	0	19	5.0
765	Теорія алгоритмів	499	4	57	14.0
766	Теорія Вапника — Червоненкіса	7	0	2	0.0
767	Теорія випадкових процесів	39	0	4	1.0
768	Теорія відносності	1850	29	87	57.0
769	Теорія Галуа	47	0	5	1.0
770	Теорія графів	1013	16	66	29.0
771	Теорія груп	166	1	13	5.0
772	Теорія ігор	1455	24	84	44.0
773	Теорія інваріантів	25	0	3	1.0
774	Теорія інформації	705	7	39	23.0
775	Теорія ймовірностей	1849	36	84	59.0
776	Теорія категорій	100	1	8	3.0
777	Теорія керування	256	3	19	7.0
778	Теорія кодування	216	2	17	7.0
779	Теорія масового обслуговування	199	0	17	5.0
780	Теорія мереж	94	0	6	3.0
781	Теорія множин	758	11	43	22.0
782	Теорія множин Цермело — Френкеля	64	0	8	2.0
783	Теорія наближень	22	0	4	1.0
784	Теорія обчислюваності	26	0	3	1.0
785	Теорія порядку	43	0	9	1.0
786	Теорія представлень	33	0	22	0.0
787	Теорія Серфа	7	0	1	1.0
788	Теорія складності обчислень	306	2	29	9.0
789	Теорія статистичного навчання	19	0	2	1.0
790	Теорія хаосу	609	5	41	20.0
791	Теорія чисел	337	2	37	10.0
792	Теплокарта	52	0	9	1.0
793	Теренс Тао	75	0	11	2.0
794	Тесеракт	297	2	29	8.0
795	Тімоті Гауерс	16	0	3	0.0
796	Тоді й лише тоді	55	0	5	2.0
797	Топологічна група	40	0	4	2.0
798	Топологічний векторний простір	14	0	3	1.0
799	Топологічний простір	193	1	17	6.0
800	Топологія	491	6	40	14.0
801	Топологія Зариського	3	0	1	0.0
802	Тотожне відображення	69	0	9	2.0
803	Тотожність	1397	25	74	48.0
804	Тотожність Ейлера	133	0	13	4.0
805	Точка	434	3	24	15.0
806	Точність до	21	0	8	1.0
807	Трансцендентне число	143	1	15	4.0
808	Трапеція	5236	61	284	176.0
809	Тривимірний опис об'єкта	262	1	17	7.0
810	Тригонометричні функції	5963	77	314	195.0
811	Тригонометрія	875	10	51	27.0
812	Трикутник	5201	60	277	164.0
813	Трикутник Рело	235	2	15	7.0
814	Тріангуляція (геометрія)	67	0	6	1.5
815	Узагальнена функція	43	0	5	2.0
816	Умови Коші — Рімана	93	0	9	3.0
817	Умовна ентропія	137	0	15	4.0
818	Умовне математичне сподівання	68	0	9	1.0
819	Унарна операція	152	0	16	4.0
820	Уявна одиниця	268	1	22	9.0
821	Фазовий простір	123	0	14	4.0
822	Факторгрупа	97	0	11	3.0
823	Факторизація	154	1	9	5.5
824	Факторпростір	32	0	6	1.0
825	Фелікс Гаусдорф	28	0	6	1.0
826	Фелікс Кляйн	70	0	8	2.0
827	Фібоначчі	641	12	34	19.0
828	Фізика	3995	57	181	134.0
829	Філософія математики	108	0	11	3.0
830	Фільтр Калмана	243	1	55	6.0
831	Формальний степеневий ряд	27	0	4	1.0
832	Формула	603	7	36	19.0
833	Формула Гауса — Бонне	66	0	8	2.0
834	Формула Ейлера	602	9	33	19.0
835	Формула Муавра	305	2	21	9.0
836	Формула Ньютона — Лейбніца	581	3	41	18.0
837	Формула Остроградського	260	2	28	8.0
838	Формула повної ймовірності	453	5	42	15.0
839	Формула Фейнмана — Каца	14	0	2	1.0
840	Фрактал	1739	29	85	53.0
841	Фрактальна розмірність	131	0	9	4.0
842	Франсуа Вієт	554	4	34	19.0
843	Фундаментальна група	14	0	3	1.0
844	Фундаментальна послідовність	309	2	22	9.0
845	Функтор	35	0	4	1.0
846	Функції Бесселя	180	1	21	5.5
847	Функціональна похідна	21	0	4	1.0
848	Функціональний аналіз	220	2	16	7.0
849	Функціональний ряд	174	1	16	5.0
850	Функція (математика)	3750	49	192	126.0
851	Функція внеску	15	0	2	1.0
852	Функція Ейлера	335	6	30	9.0
853	Функція Мебіуса	55	0	9	2.0
854	Функція правдоподібності	187	1	15	6.0
855	Функція розподілу (статистична фізика)	14	0	3	1.0
856	Функція розподілу ймовірностей	836	8	62	25.0
857	Характер представлення групи	11	0	2	0.0
858	Характеристика Ейлера	32	0	3	1.0
859	Характеристична функція	134	0	18	3.0
860	Хвильове рівняння	310	1	21	10.0
861	Хеш-функція	1114	5	67	33.0
862	Хроматичне число	152	0	13	5.0
863	Центральна гранична теорема	308	2	32	9.0
864	Центральний момент	161	0	16	4.5
865	Циклічний підклас	0	0	0	0.0
866	Циліндрична система координат	153	0	14	4.0
867	Цифри	1821	31	115	57.0
868	Ціла функція	67	0	12	2.0
869	Цілі числа	2757	46	182	88.0
870	Цілком впорядкована множина	39	0	5	1.0
871	Цілком неперервний оператор	5	0	2	0.0
872	Чарлз Сандерс Пірс	137	1	13	4.0
873	Час	3564	47	196	116.0
874	Часова область	32	0	4	1.0
875	Часовий ряд	775	11	45	23.0
876	Часткова похідна	639	3	41	21.0
877	Частково впорядкована множина	259	2	23	7.0
878	Частота події	97	0	7	3.0
879	Чезаре Арцела	8	0	2	0.0
880	Чисельне інтегрування	159	0	19	5.0
881	Чисельні методи	711	8	44	21.0
882	Числа Бернуллі	85	0	15	2.0
883	Числення висловлень	252	1	21	8.0
884	Число	1376	28	69	43.0
885	Число пі	5034	121	228	157.0
886	Чиста математика	59	0	10	2.0
887	Чотири арифметичні дії	2266	28	114	82.0
888	Шарль Ерміт	12	0	2	0.0
889	Швидке перетворення Фур'є	367	4	26	11.0
890	Швидкість	9560	107	448	340.0
891	Шинтан Яу	11	0	2	0.0
892	Шифр	189	0	14	7.0
893	Шифрування	1252	9	75	40.0
894	Шіінг-Шен Черн	2	0	1	0.0
895	Шістнадцяткова система числення	928	15	46	32.0
896	Шлях (теорія графів)	134	0	14	4.0
897	Щербина Марія Володимирівна	24	0	2	1.0
898	Якобіан	104	0	9	3.5
899	Co-NP	5	0	1	0.0
900	E (число)	1802	28	86	59.0
901	EXPTIME	4	0	1	0.0
902	Gnuplot	18	0	3	0.0
903	Hashcash	34	0	4	1.0
904	Maple	146	0	20	4.0
905	Mathematica	118	0	11	3.0
906	MathML	39	0	5	1.0
907	NP-повна задача	121	1	11	3.0
908	NP-складна задача	69	0	8	2.0
909	PCP-теорема	8	0	1	1.0
910	T-критерій Стьюдента	1661	23	102	51.0
911	T-розподіл Стьюдента	339	1	60	9.0
