1	Абсолютна система відліку	85	0	8	2.0
2	Абсолютний нуль	763	9	42	21.0
3	Автоколивання	487	1	35	14.0
4	Автолізія	4	0	1	0.0
5	Агрегатний стан	5853	63	331	201.0
6	Адіабатичне наближення	63	0	30	1.0
7	Адіабатичне розмагнічування	44	0	5	1.0
8	Адіабатичний інваріант	11	0	2	1.0
9	Адрон	214	3	16	6.0
10	Аеродинаміка	718	5	39	22.0
11	Аеромеханіка	13	0	2	1.0
12	Азот	10413	134	496	398.0
13	Аксино	12	0	3	0.0
14	Аксіальний струм	1	0	1	0.0
15	Аксіон	45	0	5	1.0
16	Активна фазована антенна решітка	71	0	6	2.0
17	Актиній	180	1	12	5.0
18	Актиноїди	366	2	28	11.0
19	Акумулятор тепла	54	0	5	2.0
20	Акустика	1005	11	75	33.0
21	Акустичні фонони	7	0	2	1.0
22	Акустоконцентраційний ефект	2	0	1	0.0
23	Акустооптика	29	0	6	1.0
24	Алніко	15	0	3	0.0
25	Альбедо	986	10	63	27.0
26	Альфа-спектрометр	5	0	2	0.0
27	Алюміній	8567	128	451	304.0
28	Аматорський радіозв'язок	135	0	12	4.0
29	Амбіполярна дифузія	7	0	3	0.0
30	Американське фізичне товариство	23	0	3	1.0
31	Америцій	158	1	16	4.0
32	Аморфні речовини	4756	33	436	144.0
33	Амплітуда ймовірності	23	0	4	1.0
34	Амплітуда розсіяння	7	0	2	0.0
35	Амплітудна маніпуляція	58	0	6	2.0
36	Амплітудна модуляція	564	3	55	15.0
37	Аналітична механіка	8	0	3	0.0
38	Андреєвське відбиття	1	0	1	0.0
39	Анізотропний магнетоопір	5	0	1	0.0
40	Аніон	2735	17	189	82.0
41	Антиматерія	531	3	55	16.0
42	Антинейтрон	15	0	4	0.0
43	Антипротон	54	0	5	2.0
44	Антисвіт	8	0	2	0.0
45	Антисегнетоелектрики	7	0	3	0.0
46	Антиферомагнетики	88	0	18	2.0
47	Аргон	2002	16	124	61.0
48	Аромат (квантове число)	25	0	3	1.0
49	Арсен	2206	31	120	74.0
50	Арсенід алюмінію	16	0	2	1.0
51	Астат	415	3	28	13.0
52	Атмосфера (одиниця вимірювання)	428	4	24	13.0
53	Атмосферна акустика	11	0	2	1.0
54	Атом	9229	128	493	303.0
55	Атомна маса	2260	29	115	75.0
56	Атомна орбіталь	1683	14	139	39.0
57	Атомна рефракція	39	0	13	1.0
58	Атомна теорія Дальтона	23	0	3	1.0
59	Атомна фізика	397	1	42	10.0
60	Атомна, молекулярна і оптична фізика	57	0	7	1.0
61	Атомний номер	1146	11	79	31.0
62	Атомний остов	11	0	3	1.0
63	Атомний радіус	1462	10	136	33.0
64	Атрактивна взаємодія	12	0	2	1.0
65	Атрактор	264	2	17	8.0
66	Аутогезія	17	0	7	0.0
67	Балістика	1206	8	67	43.0
68	Барій	1326	16	82	41.0
69	Баріони	108	0	9	3.0
70	Баріонний заряд	43	0	4	2.0
71	Басейн притягання	3	0	2	0.0
72	Батарея (електрика)	1857	6	218	54.0
73	Безелектродна лампа	6	0	2	0.0
74	Безперервний сигнал	31	0	3	1.0
75	Бекерель	164	2	12	5.0
76	Бер	309	0	18	11.0
77	Берилій	2208	14	162	64.0
78	Берклій	68	0	7	2.0
79	Бета-випромінювання	562	1	49	15.0
80	Бета-розпад	501	4	36	13.0
81	Бетатрон	31	0	7	1.0
82	Біекситон	4	0	2	0.0
83	Бінодаль	14	0	2	1.0
84	Біотехнічна система	9	0	2	0.0
85	Біполярний транзистор	2079	22	177	67.0
86	Бісмут	697	13	36	22.0
87	Біфуркація Андронова — Гопфа	15	0	5	1.0
88	Біфуркація подвоєння періоду	5	0	1	0.0
89	Ближнє поле	29	0	3	1.0
90	Бозон	223	3	17	7.0
91	Бозон Ґолдстоуна	8	0	2	0.0
92	Бозон Хіггса	998	9	132	21.0
93	Болометр	76	0	12	2.0
94	Бор	2663	39	154	82.0
95	Борій	173	0	12	5.5
96	Борнове наближення	5	0	1	0.0
97	Брана	41	0	7	1.0
98	Бреггівська дифракція	59	0	6	2.0
99	Бреґґівський пік	30	0	5	1.0
100	Брижі (хвилі)	49	0	5	2.0
101	Бром	3517	43	191	115.0
102	Броунівський рух	2805	25	208	81.0
103	Будівельна механіка	84	0	9	2.0
104	Будівельна фізика	63	0	7	2.0
105	Бульбашка Алькуб'єрре	36	0	6	1.0
106	В'язкоеластичність	15	0	2	1.0
107	Вага	5019	31	311	176.0
108	Валентна зона	117	0	12	3.0
109	Ванадій	840	11	58	27.0
110	Варіаційний принцип	12	0	3	0.0
111	Вейлівський напівметал	14	0	3	1.0
112	Вектор Бюргерса	33	0	3	1.0
113	Вектор поляризації	148	0	15	4.0
114	Вектор стану	25	0	3	1.0
115	Векторний потенціал	65	0	10	1.0
116	Великий адронний колайдер	2519	47	128	77.0
117	Великий канонічний ансамбль	9	0	2	0.0
118	Великий термодинамічний потенціал	4	0	2	0.0
119	Верх валентної зони	10	0	2	0.0
120	Вибух	921	7	66	24.0
121	Вимушене випромінювання	144	0	16	5.0
122	Вимушені коливання	1462	8	143	40.0
123	Випрямлення змінного струму	1234	7	75	41.0
124	Вироджений напівпровідник	33	0	5	1.0
125	Вихрові струми	1610	2	100	49.0
126	Вібронна спектроскопія	21	0	2	1.0
127	Вігнерівський кристал	11	0	2	1.0
128	Від'ємна диференційна провідність	27	0	6	1.0
129	Відбій	141	0	13	4.0
130	Віддзеркалення	60	0	7	2.0
131	Відносна густина	1060	11	59	31.0
132	Відпрацьоване ядерне паливо	95	0	12	2.0
133	Відстань	2087	21	112	67.0
134	Вільна енергія Гельмгольца	227	0	17	7.0
135	Вільне падіння	3712	33	205	122.0
136	Вільний параметр	0	0	0	0.0
137	Віріальне рівняння стану	6	0	4	0.0
138	Віріальні коефіцієнти	13	0	2	1.0
139	Віртуальна частинка	34	0	4	1.0
140	Віртуальні переміщення	15	0	5	1.0
141	Віскер (металургія)	19	0	3	1.0
142	Вісь	503	2	61	15.0
143	Вісь обертання	185	0	16	5.0
144	Вісь часу	70	0	11	2.0
145	Вічний двигун	639	4	48	20.0
146	Власна інформація	38	0	4	2.0
147	Власний напівпровідник	465	4	40	13.0
148	Власний час	80	0	14	2.0
149	Внутрішній імпеданс	3	0	1	0.0
150	Водень	10271	130	501	345.0
151	Вологість	476	3	35	15.0
152	Вольт-ампер	170	1	11	5.5
153	Вольфрам	1299	20	64	42.0
154	Впливна величина	13	0	3	0.0
155	Всеросійський науково-дослідний інститут експериментальної фізики	10	0	2	1.0
156	Втомне руйнування	51	0	5	2.0
157	Вторинна електронна емісія	130	0	18	3.0
158	Вторинне квантування	17	0	3	0.0
159	Вуглецеві наноконуси	7	0	2	0.0
160	Вуглецеві нанотрубки	886	8	89	27.0
161	Вуглець	9024	109	464	300.0
162	Гадоліній	224	2	21	7.0
163	Газовий розряд	2745	17	244	70.0
164	Газоструменевий випромінювач	13	0	2	1.0
165	Гал (фізична одиниця)	27	0	4	0.0
166	Галій	1281	14	77	40.0
167	Гальванічний елемент	8731	48	481	297.0
168	Гальмівний шлях	1175	14	75	38.0
169	Гамільтоніан	142	1	11	4.0
170	Гамма-промені	1549	15	91	55.0
171	Гамма-спалахи	54	0	4	2.0
172	Гамма-спектроскопія	23	0	2	1.0
173	Гармата Гауса	215	0	14	7.0
174	Гармонічні коливання	3760	27	248	111.0
175	Гасій	214	0	32	4.5
176	Гафній	239	2	15	7.0
177	Гелій	3259	41	178	98.0
178	Гелій-3	135	2	9	4.0
179	Гелій-4	43	0	5	1.0
180	Генерація другої гармоніки	52	0	5	2.0
181	Генерація носіїв заряду	56	0	13	1.5
182	Геометрична оптика	325	1	27	9.0
183	Геофізика	192	0	12	6.0
184	Германій	825	8	49	24.0
185	Герц	1406	18	95	42.0
186	Гетеродин	76	0	9	3.0
187	Гетероструктури	16	0	6	0.0
188	Гідроаеродинаміка	36	0	5	1.0
189	Гідрофон	16	0	3	1.0
190	Гіперболічна траєкторія	17	0	4	0.0
191	Гіперзвукова швидкість	117	0	22	2.0
192	Гіперони	27	0	3	1.0
193	Гіпотеза Ампера	774	1	62	28.0
194	Гіромагнітне співвідношення	63	0	7	2.0
195	Глісування	28	0	4	1.0
196	Глушник мобільних телефонів	43	0	4	1.0
197	Глюбол	24	0	3	1.0
198	Глюон	142	0	21	3.0
199	Головне квантове число	197	0	16	6.0
200	Голономний зв'язок	14	0	3	1.0
201	Гольмій	125	0	10	3.0
202	Гомопауза	6	0	1	0.0
203	Горизонт Коші	4	0	1	0.0
204	Горизонт подій	218	1	17	7.0
205	Гравітаційна сингулярність	252	2	16	8.0
206	Гравітаційне поле	622	3	40	19.0
207	Гравітаційне реліктове випромінювання	3	0	1	0.0
208	Гравітаційний радіус	103	0	7	3.0
209	Гравітація	5094	58	280	190.0
210	Гравітино	20	0	4	1.0
211	Гравітон	108	0	7	4.0
212	Границя міцності	1054	8	74	32.0
213	Гранична швидкість	34	0	5	1.0
214	Граничні умови Борна-Кармана	18	0	5	0.0
215	Графен	1011	13	70	30.0
216	Групова швидкість	107	0	12	2.0
217	Густина енергії	344	0	30	11.0
218	Густина потоку частинок	43	0	4	1.0
219	Густина станів	97	0	16	2.0
220	Густина струму	1039	8	73	34.0
221	Ґратка Бете	3	0	1	0.0
222	Давидівське розщеплення	4	0	2	0.0
223	Дальній порядок	34	0	5	1.0
224	Дармштадтій	196	0	14	6.0
225	Дарсі (одиниця)	27	0	14	0.0
226	Двомірна ядерна магнітно-резонансна спектроскопія	17	0	4	1.0
227	Двофотонне збудження	1	0	1	0.0
228	Дебай	77	0	7	2.0
229	Дейтерій	434	6	23	14.0
230	Дейтрон	36	0	4	1.0
231	Декстерів перенос енергії	11	0	3	1.0
232	Делокалізований стан	30	0	6	1.0
233	Дельта-баріон	11	0	2	0.0
234	Детермінант Слейтера	47	0	9	1.0
235	Детермінований хаос	117	0	14	3.5
236	Дефект маси	254	0	25	7.0
237	Деформаційний потенціал	6	0	1	0.0
238	Деформація	3697	22	196	115.0
239	Деформація згину	644	4	42	21.0
240	Деформація зсуву	516	4	41	14.0
241	Деформація кручення	606	4	41	15.0
242	Децибел	900	13	52	28.0
243	Дециметрові хвилі	137	0	17	3.0
244	Дзеркало	1432	18	96	45.0
245	Дивність	32	0	4	1.0
246	Дилатон	27	0	5	1.0
247	Динамічна рівновага	625	5	46	17.0
248	Директор (рідкий кристал)	31	0	5	1.0
249	Дислокація (кристалографія)	89	0	11	3.0
250	Дисперсійні сили	41	0	5	1.0
251	Дисперсія світла	3814	16	255	124.0
252	Диспрозій	378	0	65	5.0
253	Диференціальний переріз розсіювання	65	0	13	1.0
254	Диференціатор	72	0	9	2.0
255	Дифракційна ґратка	1161	7	82	35.0
256	Дифракція	2695	23	196	92.0
257	Дифузійний струм	88	0	13	2.0
258	Дифузія	6845	89	440	241.0
259	Дифузія за законом Арреніуса	31	0	9	1.0
260	Дифузне відбиття світла	639	3	45	17.0
261	Діаграма станів (хімія)	6	0	2	1.0
262	Діаграма Фейнмана	63	0	9	2.0
263	Діамагнетики	2376	3	205	56.0
264	Діелектрична сприйнятливість	78	1	7	2.0
265	Діелектричне дзеркало	20	0	3	1.0
266	Дійсна густина	17	0	2	1.0
267	Дійсне зображення	402	0	38	12.0
268	Діод Зенера	483	5	45	15.0
269	Дірка (квазічастинка)	412	0	33	13.0
270	Дірка Фермі	4	0	1	1.0
271	Діркова телепортація	13	0	2	1.0
272	Дно зони провідності	22	0	6	1.0
273	Довгі хвилі	169	0	25	4.5
274	Довжина вільного пробігу	453	1	31	15.0
275	Довжина хвилі	4010	32	270	131.0
276	Доплерівське розширення	21	0	3	1.0
277	Дослід радіоактивності Антуаном Анрі Беккерелем	45	0	10	1.0
278	Дослід Штерна-Герлаха	307	1	25	9.0
279	Доцентрове прискорення	2585	19	192	75.0
280	Дробовий квантовий ефект Холла	20	0	2	1.0
281	Дроплетон	9	0	2	0.0
282	Друга в'язкість	16	0	3	1.0
283	Друга космічна швидкість	1918	13	106	55.0
284	Другий звук	17	0	3	1.0
285	Дуант	15	0	2	0.5
286	Дубній	169	1	15	4.0
287	Духи Фаддєєва — Попова	13	0	2	0.0
288	Еванесцентне поле	34	0	4	1.0
289	Евтектика	327	1	29	9.0
290	Ейнштейн (одиниця)	7	0	1	0.0
291	Ейнштейній	235	0	15	6.0
292	Ейрі кільця	7	0	2	0.0
293	Екзотичний атом	15	0	2	0.0
294	Екранування заряду	71	0	6	2.0
295	Ексимерна люмінесценція	1	0	1	0.0
296	Ексиплексна люмінесценція	1	0	1	0.0
297	Екситон	104	0	12	3.0
298	Екситон Ваньє-Мотта	21	0	8	1.0
299	Екситон Френкеля	7	0	2	0.0
300	Експеримент з олійними краплями	62	0	7	2.0
301	Експеримент Майкельсона — Морлі	120	0	12	3.0
302	Ексцентриситет орбіти	258	1	19	8.0
303	Електрети	51	0	13	1.0
304	Електрика	3918	42	248	120.0
305	Електрична енергія	2602	17	172	90.0
306	Електрична напруга	5486	52	293	202.0
307	Електричне коло	2093	18	137	74.0
308	Електричне поле	4083	24	293	140.0
309	Електричний дипольний момент	471	6	35	14.0
310	Електричний заряд	3933	35	225	140.0
311	Електричний імпеданс	469	5	27	15.0
312	Електричний потік	157	1	14	5.0
313	Електроадгезія	7	0	2	0.5
314	Електроізоляція	361	2	31	10.0
315	Електрокалоричний ефект	16	0	4	0.0
316	Електромагнітна індукція	9602	23	678	293.0
317	Електромагнітна хвиля	5253	42	365	160.0
318	Електромагнітне випромінювання	2402	22	162	77.0
319	Електромагнітне поле	2139	13	131	62.0
320	Електрон	2826	38	182	95.0
321	Електрон провідності	83	0	9	2.5
322	Електрон-діркова рідина	42	0	17	1.0
323	Електрон-фононна взаємодія	19	0	3	1.0
324	Електронна гармата	87	0	14	2.0
325	Електронна густина	125	0	11	4.0
326	Електронна енергія	3	0	2	0.0
327	Електронна лавина	51	0	11	1.0
328	Електронна оболонка	2497	20	168	69.0
329	Електронна пара	822	2	61	25.0
330	Електронна спектроскопія	86	0	15	2.0
331	Електронне нейтрино	42	0	6	1.0
332	Електронний генератор	309	1	23	8.0
333	Електронний мікроскоп	1108	12	59	38.0
334	Електронний парамагнітний резонанс	205	0	18	5.0
335	Електронний стан	19	0	4	1.0
336	Електронно-променева установка	6	0	3	0.0
337	Електрооптичний ефект	21	0	4	1.0
338	Електрорушійна сила	6715	42	423	231.0
339	Електростатика	509	3	34	15.0
340	Електростатична індукція	184	0	20	5.0
341	Електростатична лінза	23	0	4	1.0
342	Електростатичний генератор Ван де Граафа	114	0	14	3.0
343	Електростатичний потенціал	2090	17	144	78.0
344	Елементарна частинка	959	11	85	29.0
345	Емітанс пучка	7	0	2	0.0
346	Енергетичний рівень	810	5	56	20.0
347	Енергетичний спектр	98	0	9	4.0
348	Енергія вакууму	42	0	6	1.0
349	Енергія зв'язку	364	2	26	9.0
350	Еніон	21	0	11	0.5
351	Ентропія змішування	7	0	2	0.0
352	Ербій	217	1	19	5.0
353	Ергодична гіпотеза	19	0	4	0.0
354	Ета-мезон	11	0	3	0.0
355	Ефект Вігнера	24	0	3	1.0
356	Ефект де Гааза-ван Альфена	13	0	2	1.0
357	Ефект Джоуля-Томсона	142	1	19	5.0
358	Ефект Доплера	1555	16	321	40.0
359	Ефект Зеемана	219	0	28	6.0
360	Ефект Зеєбека	361	3	25	9.0
361	Ефект Казимира	143	0	22	3.5
362	Ефект Керра	73	0	10	2.0
363	Ефект Кея	12	0	1	1.0
364	Ефект конденсатного диску	173	0	72	3.0
365	Ефект Кондо	20	0	4	1.0
366	Ефект Коттона — Мутона	26	0	5	1.0
367	Ефект Мейснера	91	0	10	3.0
368	Ефект Міхеєва — Смирнова — Вольфенштейна	7	0	3	0.0
369	Ефект Нернста	19	0	3	1.0
370	Ефект Овергаузера	4	0	1	0.0
371	Ефект Оже	61	0	8	2.0
372	Ефект Пельтьє	303	1	23	10.5
373	Ефект Перселла	8	0	1	1.0
374	Ефект Рамана	4	0	2	0.0
375	Ефект Рамзауера	35	0	4	1.0
376	Ефект Рашби	15	0	3	1.0
377	Ефект Реннера	0	0	0	0.0
378	Ефект Реннера — Теллера	4	0	2	0.0
379	Ефект Тіндаля	371	2	26	12.0
380	Ефект Томсона	143	0	13	4.0
381	Ефект Фарадея	116	0	17	2.0
382	Ефект Франца-Келдиша	7	0	1	0.0
383	Ефект Штарка	38	0	6	1.0
384	Ефективна густина станів	26	0	3	1.0
385	Ефективна маса	46	0	7	1.0
386	Ефективна площа розсіювання	67	0	5	2.0
387	Ефективна температура	83	0	8	2.0
388	Ефективний коефіцієнт розмноження нейтронів	23	0	3	1.0
389	Ехолокація	502	2	41	16.0
390	Європій	179	1	26	4.0
391	Жаропродуктивність	4	0	3	0.0
392	Загальна коваріантність	13	0	2	1.0
393	Задача трьох тіл	139	1	16	4.0
394	Закон Ампера	5681	14	391	212.0
395	Закон Архімеда	4199	54	230	142.0
396	Закон Беца	25	0	3	1.0
397	Закон Бугера — Ламберта — Бера	698	5	50	21.0
398	Закон всесвітнього тяжіння	7364	42	421	256.0
399	Закон Гука	5604	25	313	201.0
400	Закон Ґейґера — Неттола	11	0	2	0.0
401	Закон Дальтона	371	1	32	13.0
402	Закон Дебая	27	0	4	1.0
403	Закон Джоуля — Ленца	2169	21	114	69.0
404	Закон дисперсії	233	0	21	7.0
405	Закон Дюлонга — Пті	123	0	14	3.0
406	Закон збереження енергії	5449	45	349	174.0
407	Закон збереження імпульсу	2956	18	229	79.0
408	Закон збереження маси	1196	10	84	36.0
409	Закон Мозлі	162	1	37	4.0
410	Закон рівнорозподілу	68	0	7	2.0
411	Закон Снеліуса	626	3	51	19.0
412	Закони термодинаміки	602	5	42	18.0
413	Закони Фіка	574	1	46	16.0
414	Залишкова намагніченість	54	0	6	2.0
415	Залізний пік	12	0	2	0.0
416	Залізо	8290	113	400	296.0
417	Заломлення	5560	17	374	192.0
418	Замерзання	147	0	12	5.0
419	Запізнення	31	0	3	1.0
420	Заряджена частинка	440	1	34	12.0
421	Заряджений струм	8	0	1	1.0
422	Зарядове спряження	27	0	6	1.0
423	Збіднений уран	45	0	8	1.0
424	Зброя спрямованої енергії	48	0	7	1.0
425	Збуджений стан квантовомеханічної системи	50	0	5	1.5
426	Зведена маса	59	0	6	2.0
427	Зворотність	77	0	9	2.0
428	Звукова енергія	30	0	4	1.0
429	Звуковий удар	44	0	8	1.0
430	Згасаюча хвиля	9	0	2	0.0
431	Зминання	29	0	7	1.0
432	Змінний конденсатор	110	0	14	3.0
433	Змінний струм	5350	63	294	183.0
434	Змінні дія — кут	9	0	2	0.0
435	Золото	5666	83	289	179.0
436	Зона провідності	97	0	9	3.0
437	Зонне плавлення	32	0	4	1.0
438	Зоряний нуклеосинтез	19	0	6	0.0
439	Ізобари (ядерна фізика)	59	0	6	2.0
440	Ізовалентна домішка	2	0	1	0.0
441	Ізоентропійний процес	62	0	8	1.0
442	Ізолятор Мотта	6	0	3	0.0
443	Ізотермічний процес	2724	15	184	88.0
444	Ізотопи	3335	43	241	100.0
445	Ізотопічний спін	53	0	7	2.0
446	Ізотопна поширеність	20	0	2	1.0
447	Імплозія (фізика)	41	0	8	1.0
448	Імпульсна модуляція	131	0	12	4.0
449	Імпульсно-кодова модуляція	195	1	17	5.0
450	Інваріант (фізика)	38	0	4	1.0
451	Інваріанти електромагнітного поля	61	0	14	1.5
452	Інверсна заселеність	86	0	8	2.0
453	Індій	399	0	32	13.0
454	Індуктивність	6061	24	459	164.0
455	Індукційний струм	3595	15	265	112.0
456	Інерційна система відліку	2332	11	152	69.0
457	Інерція	3735	34	220	125.0
458	Інжекція носіїв заряду	56	0	6	1.5
459	Інженерно-фізичний факультет НТУУ «КПІ»	24	0	3	1.0
460	Інкремент наростання	4	0	1	0.0
461	Інтеграл вздовж траєкторій	65	0	7	2.0
462	Інтеграл перекриття	10	0	2	1.0
463	Інтенсивна величина	48	0	6	1.0
464	Інтеркомбінаційна конверсія	13	0	2	1.0
465	Інтерференція хвиль	1047	7	89	33.0
466	Інтерферометр Майкельсона	73	0	9	2.0
467	Інтерферометр Фабрі-Перо	34	0	5	1.0
468	Інформаційна ентропія	780	9	42	22.0
469	Інфразвук	1666	19	97	60.0
470	Інфразвукова зброя	105	1	9	3.0
471	Іон	4457	50	293	142.0
472	Іонізаційна рівновага	21	0	4	1.0
473	Іоністор	254	1	15	8.0
474	Іонна пастка	19	0	4	1.0
475	Іонний звук	8	0	2	0.0
476	Іпсилон-мезон	21	0	9	0.0
477	Іридій	385	6	24	12.0
478	Іскрова камера	18	0	5	1.0
479	Іскровий розряд	1021	1	79	27.0
480	Історія механіки	315	3	29	10.5
481	Історія телескопа	1652	7	115	50.0
482	Історія фізики	589	8	38	18.0
483	Ітербій	175	0	17	5.0
484	Ітрій	394	3	30	12.0
485	Йод	4989	73	247	178.0
486	Йод-131	174	1	16	5.0
487	Йодид калію	820	8	49	21.0
488	Йонний кристал	1137	5	89	36.0
489	Кадмій	753	8	41	23.0
490	Калібрувальна інваріантність	87	0	9	2.0
491	Калібрувальний бозон	29	0	3	1.0
492	Калій	4533	49	268	146.0
493	Каліфорній	414	5	62	10.0
494	Калорія	982	12	48	32.0
495	Кальцій	5255	67	301	152.0
496	Камера Вільсона	635	5	70	17.0
497	Каналювання	9	0	3	1.0
498	Канонічне перетворення	29	0	3	1.0
499	Канонічний ансамбль (фізика)	10	0	2	1.0
500	Каони	21	0	2	1.0
501	Капілярний ефект	515	4	40	16.0
502	Каустика	48	0	4	2.0
503	Квадратурно-амплітудна модуляція	131	1	12	4.0
504	Квадратурно-фазова модуляція	22	0	7	0.0
505	Квадрупольний момент	30	0	5	1.0
506	Квазікласичне наближення	74	0	12	2.0
507	Квазікристал	35	0	6	1.0
508	Квазічастинка	77	0	5	2.0
509	Квант магнітного потоку	32	0	3	1.0
510	Квантова гравітація	141	1	11	5.0
511	Квантова декогеренція	37	0	4	1.0
512	Квантова дротина	9	0	2	0.0
513	Квантова інформація	20	0	3	1.0
514	Квантова криптографія	111	0	12	3.0
515	Квантова логіка	17	0	2	1.0
516	Квантова механіка	1255	19	61	41.0
517	Квантова телепортація	121	0	10	3.0
518	Квантова точка	153	1	14	4.0
519	Квантова тривіальність	4	0	1	0.0
520	Квантова хімія	142	0	10	4.0
521	Квантова хромодинаміка	77	0	13	2.0
522	Квантова яма	36	0	4	1.0
523	Квантовий байєсіанізм	19	0	2	1.0
524	Квантовий вихід	81	0	11	2.0
525	Квантовий ефект	2	0	1	0.0
526	Квантовий ефект Холла	77	0	9	2.0
527	Квантовий комп'ютер	1302	22	73	41.0
528	Квантовий перехід	26	0	3	1.0
529	Квантовий стан	136	1	16	3.0
530	Квантовий стрибок	89	0	7	3.0
531	Квантовий хаос	13	0	2	0.0
532	Квантування Дірака	4	0	1	0.0
533	Кварк	793	14	53	22.0
534	Кварконій	14	0	2	0.0
535	Кільця Ньютона	259	1	23	7.0
536	Кінематика	1833	18	121	57.0
537	Кінетична енергія	6963	49	620	200.0
538	Кінетична теорія	1073	10	68	37.0
539	Кінетичне рівняння	112	0	11	4.0
540	Кінцевий ефект	58	0	9	2.0
541	Класична електродинаміка	2242	17	162	60.0
542	Класична фізика	70	0	10	1.0
543	Кластер (фізика)	41	0	4	1.0
544	Клин (механіка)	149	0	13	4.0
545	Клістрон	125	0	15	3.0
546	Кліщі вимірювальні	66	0	6	3.0
547	КМОН	203	1	14	6.0
548	Кобальт	1231	19	79	37.0
549	Когезія	233	2	18	7.0
550	Когерентність	1411	12	91	46.0
551	Коефіцієнт дифузії	347	4	37	9.0
552	Коефіцієнт екстинкції	153	0	13	5.0
553	Коефіцієнт жорсткості	5968	47	330	222.0
554	Коефіцієнт корисної дії	3149	30	228	88.0
555	Коефіцієнт підсилення антени	103	0	10	3.0
556	Коефіцієнт рекомбінації	6	0	2	0.0
557	Коефіцієнт самодифузії	27	0	4	1.0
558	Коефіцієнт теплового розширення	485	6	39	14.0
559	Колайдер	286	2	16	9.0
560	Колапс хвильової функції	74	0	7	2.0
561	Коливальний контур	2383	16	219	62.0
562	Коливання	8387	37	751	222.0
563	Коліматор	100	0	9	3.0
564	Колірна температура	923	5	79	26.0
565	Кольоровий заряд	74	0	10	2.0
566	Комірка Вігнера — Зейтца	19	0	4	1.0
567	Компенсований напівпровідник	3	0	1	0.0
568	Комплекс з переносом заряду	21	0	3	1.0
569	Композити	936	6	60	31.0
570	Комптонівське розсіювання	263	1	20	10.0
571	Конденсація Бозе — Ейнштейна	180	0	13	5.0
572	Контактна різниця потенціалів	312	1	27	10.0
573	Конфайнмент	70	0	7	2.0
574	Копенгагенська інтерпретація	100	0	14	3.0
575	Коперницій	728	1	125	10.0
576	Кореляційна енергія	5	0	1	0.0
577	Коронний розряд	963	5	82	32.0
578	Космологічна сингулярність	120	1	9	3.0
579	Космологічна стала	61	0	9	2.0
580	Космологічний масштабний фактор	7	0	2	0.0
581	Котушка Гельмгольца	25	0	3	1.0
582	Криптон	508	4	34	16.0
583	Кристалізація сплавів	203	0	12	7.0
584	Критерій Ліндеманна	9	0	2	0.0
585	Критична точка	182	1	16	5.0
586	Критичний тиск	49	0	7	1.0
587	Критичні індекси	16	0	2	1.0
588	Кріоелектронна мікроскопія	292	1	36	6.0
589	Кріолюмінесценція	6	0	3	0.0
590	Крутильні ваги	6	0	1	0.0
591	Ксенон	634	8	38	21.0
592	Ксі-баріон	11	0	2	0.0
593	Кубічний метр	2755	45	121	89.0
594	Кулон (одиниця)	750	6	43	24.0
595	Куперівська пара	81	0	23	2.0
596	Кут Брюстера	258	0	20	6.0
597	Кут змочування	229	2	16	7.0
598	Кутова модуляція	46	0	9	1.0
599	Кутова швидкість	3954	18	253	126.0
600	Кутове прискорення	1161	7	69	39.0
601	Кюрій	179	0	15	5.0
602	Лабораторна система	15	0	2	1.0
603	Лазер на вільних електронах	30	0	6	1.0
604	Лазерна абляція	23	0	2	1.0
605	Лазерний гіроскоп	50	0	11	1.0
606	Лазерний далекомір	96	0	12	2.0
607	Лампа біжної хвилі	58	0	8	1.0
608	Лантан	255	1	16	7.0
609	Лантаноїди	500	5	37	15.0
610	Ланцюгова реакція	351	2	25	10.0
611	Ларморова частота	40	0	4	1.0
612	Лембів зсув	15	0	3	0.5
613	Лептон	366	4	24	12.0
614	Лептонний заряд	49	0	6	1.0
615	Ліверморій	141	0	12	4.0
616	Ліквідус	74	0	13	2.0
617	Лінза	9225	25	1082	174.0
618	Лінійне середовище	4	0	1	0.0
619	Лінійчастий спектр	564	1	54	16.0
620	Літій	4110	53	239	126.0
621	Лічильник Гейгера	444	4	35	13.0
622	Локалізація Андерсона	12	0	3	0.5
623	Локалізований плазмон	28	0	5	1.0
624	Локалізований стан	37	0	4	1.0
625	Лоренц-коваріантність	20	0	4	1.0
626	Лоуренсій	192	1	13	6.0
627	Лужна батарейка	663	5	61	19.0
628	Луна (акустичне явище)	311	2	25	9.0
629	Людвіг Валентин Лоренц	2	0	1	0.0
630	Люмінесценція	898	10	65	25.0
631	Лютецій	398	1	81	5.0
632	Лямбда-баріон	27	0	5	1.0
633	Лямбда-точка	29	0	8	1.0
634	М-теорія	80	0	12	2.0
635	Магічні числа	42	0	4	2.0
636	Магічні ядра	39	0	4	1.0
637	Магнетизм	1110	10	74	36.0
638	Магнетон Бора	110	0	11	2.0
639	Магнетоопір	87	0	10	2.5
640	Магнетрон	439	5	24	14.0
641	Магній	5382	65	309	173.0
642	Магнітна еквівалентність	1	1	1	1.0
643	Магнітна лінза	20	0	2	1.0
644	Магнітне динамо	16	0	2	0.0
645	Магнітне екранування ядра	1	0	1	0.0
646	Магнітне квантове число	160	1	12	5.0
647	Магнітне перез'єднання	13	0	3	1.0
648	Магнітний домен	105	0	8	3.0
649	Магнітний момент	874	4	58	31.0
650	Магнітний момент протона	13	0	4	0.0
651	Магнітний монополь	72	0	7	2.0
652	Магнітний перехід	7	0	1	1.0
653	Магнітний потік	7174	13	579	218.0
654	Магнітний резонанс	134	0	10	3.0
655	Магнітогідродинаміка	30	0	4	1.0
656	Магніторушійна сила	99	0	14	3.0
657	Магнон	38	0	4	1.0
658	Майорон	12	0	1	0.0
659	Майстер-рівняння	4	0	1	0.0
660	Майтнерій	91	0	7	3.0
661	Манган	2674	29	149	92.0
662	Маса електрона	936	7	60	32.0
663	Масове число	1625	14	135	43.0
664	Матеріал	817	8	61	25.0
665	Матеріальна точка	2152	13	145	65.0
666	Матриці Дірака	15	0	2	1.0
667	Матриця густини	28	0	3	1.0
668	Матриця розсіяння	17	0	2	1.0
669	Матрична механіка	19	0	2	1.0
670	Маятник	1656	3	173	36.0
671	Межа Чандрасекара	66	0	7	2.0
672	Мезони	120	0	15	4.0
673	Мезоскопічна фізика	10	0	2	0.0
674	Менделевій	165	0	20	5.0
675	Металічний водень	33	0	4	1.0
676	Металічний зв'язок	3147	23	224	95.0
677	Метастабільний стан	71	0	7	2.0
678	Метод Гартрі — Фока	52	0	10	1.0
679	Метод матриць переходу	21	0	4	1.0
680	Метод Чохральського	104	1	13	3.0
681	Метрика простору-часу	49	0	7	1.0
682	Метрика Фрідмана-Леметра-Робертсона-Вокера	43	0	5	1.0
683	Метрика Шварцшильда	102	0	19	2.0
684	Механізм Хіггса	73	0	6	2.0
685	Механічна рівновага	2172	9	130	63.0
686	Мідь	7423	102	363	258.0
687	Міжатомна взаємодія	98	0	8	3.0
688	Міжнародний експериментальний термоядерний реактор	326	3	19	10.0
689	Мікроскопічний масштаб	18	0	5	1.0
690	Міліметрові хвилі	63	0	10	2.0
691	Мільйонна частка	496	6	31	15.0
692	Модель Габбарда	11	0	3	1.0
693	Модель Гарячого Всесвіту	41	0	17	1.0
694	Модель желе	12	0	2	0.5
695	Модель Ізінга	44	0	6	1.0
696	Модифікована ньютонівська динаміка	5	0	1	0.0
697	Модулі пружності	196	1	14	6.0
698	Модулометр	0	0	0	0.0
699	Модуль зсуву	383	2	43	11.0
700	Модуль Юнга	2234	12	124	75.0
701	Модуляція (фізика)	808	2	62	24.0
702	Модуляція добротності	11	0	2	1.0
703	Молекула	5612	73	297	199.0
704	Молекулярна динаміка	30	0	4	1.0
705	Молекулярна орбіталь	113	0	8	3.0
706	Молекулярна рефракція	90	0	16	2.0
707	Молекулярні кристали	139	0	11	4.5
708	Молекулярно-променева епітаксія	30	0	4	1.0
709	Молібден	932	7	53	27.0
710	Момент сили	5772	32	413	194.0
711	Монохроматична плоска хвиля	357	0	28	12.0
712	Монохроматор	69	0	8	2.0
713	Монохромія	267	3	18	8.0
714	Московій	169	2	19	5.0
715	Мультиплетність	40	0	5	2.0
716	Мультипольний момент	17	0	3	1.0
717	Мюон	113	0	12	3.0
718	Мюоній	10	0	2	0.0
719	Наближення ефективного середовища	4	0	1	0.0
720	Наближення сильного зв'язку	34	0	4	1.0
721	Нагніт лазера	6	0	1	1.0
722	Надвипромінювання Діке	2	0	1	0.0
723	Надґратка	36	0	5	1.0
724	Надзвукова швидкість	577	9	39	16.0
725	Надкритична рідина	38	0	8	1.0
726	Надплинність	161	1	19	4.0
727	Надпорогова іонізація	3	0	1	0.0
728	Надтверді матеріали	34	0	4	1.0
729	Нанодротини	14	0	4	0.0
730	Наноелектромеханічні системи	33	0	5	1.0
731	Наноіоніка	5	0	1	0.0
732	Нанооболонка	6	0	1	0.0
733	Наноскопічний масштаб	6	0	2	0.0
734	Нанотехнології	3174	39	202	94.0
735	Наночастинка	407	2	63	9.0
736	Напівметал (спінтроніка)	15	0	3	1.0
737	Напівпровідник	6134	40	378	211.0
738	Напівпровідник p-типу	985	2	93	27.0
739	Напівтінь	356	1	34	8.0
740	Напруженість магнітного поля	1024	9	106	33.0
741	Напруження	1086	11	70	30.0
742	Народження пар	43	0	5	1.0
743	Насичена пара	1137	4	84	34.0
744	Нат (одиниця вимірювання)	31	0	4	1.0
745	Натрій	5871	60	383	196.0
746	Наукова містифікація	26	0	4	1.0
747	Небо	1149	7	109	28.0
748	Нейтраліно	31	0	3	1.0
749	Нейтральна частинка	52	0	6	1.0
750	Нейтрино	653	10	36	20.0
751	Нейтрон	1321	17	78	36.0
752	Нейтронно-адсорбційний аналіз	2	0	1	0.0
753	Нелінійна система	247	1	17	7.0
754	Нематик	77	0	8	2.0
755	Ненасичена пара	343	2	38	8.0
756	Неодим	231	3	19	7.0
757	Неон	1696	17	109	47.0
758	Непрямий екситон	0	0	0	0.0
759	Нептуній	236	0	33	6.0
760	Нерозв'язані проблеми фізики	228	2	14	7.0
761	Нікель	1534	20	78	49.0
762	Ніобій	363	4	26	12.0
763	Ніхоній	704	1	109	9.0
764	Нобелій	206	0	17	6.0
765	Нормальний порядок	1	0	1	0.0
766	Нормальні коливання	84	0	8	3.0
767	Нормальні умови	745	15	37	24.0
768	Носії заряду	1998	7	152	67.0
769	Нотація бра-кет	73	0	6	2.0
770	Нотація Фогта	3	0	2	0.0
771	Нуклеація	40	0	5	1.0
772	Нуклеосинтез	223	0	34	5.0
773	Нуклід	1064	13	78	30.0
774	Нуклон	383	2	24	13.0
775	Нульовий звук	2	0	1	0.0
776	Нульовий стан квантової системи	10	0	4	0.0
777	Нульові коливання	69	0	6	2.0
778	Об'єднана теорія поля	50	0	8	1.0
779	Об'єднаний інститут ядерних досліджень	36	0	4	1.0
780	Обернений простір	16	0	3	1.0
781	Обернений сантиметр	36	0	5	1.0
782	Обертання	2204	8	163	68.0
783	Обійдені ядра	6	0	1	0.0
784	Область збіднення	23	0	4	1.0
785	Обмінна взаємодія	35	0	4	1.0
786	Оболонкова модель ядра	48	0	11	1.0
787	Обчислювальна гідродинаміка для зміни фази матеріалів	7	0	2	1.5
788	Обчислювальна механіка	7	0	5	0.0
789	Обчислювальна фізика	48	0	5	2.0
790	Оганесон	489	4	30	16.0
791	Одноатомний газ	46	0	5	2.0
792	Одноелектронне наближення	38	0	6	1.5
793	Оже-рекомбінація	4	0	3	0.0
794	Оже-спектроскопія	46	0	4	2.0
795	Оксиген	11931	151	598	399.0
796	Омега-баріон	13	0	2	0.0
797	Омега-мезон	10	0	2	0.0
798	Омічний контакт	29	0	4	1.0
799	Ондулятор	18	0	3	0.0
800	Оперативний запас реактивності	18	0	4	1.0
801	Оператор еволюції	14	0	3	1.0
802	Оператор числа частинок	12	0	4	0.0
803	Оператори народження та знищення	55	0	6	2.0
804	Операція молекулярної машини	4	0	1	0.0
805	Опорний сигнал	57	0	5	2.0
806	Опромінення	572	5	38	19.0
807	Оптика тонких плівок	31	0	5	1.0
808	Оптична активність	169	0	16	4.0
809	Оптична вісь	363	0	37	7.0
810	Оптична вісь кристалу	39	0	4	1.0
811	Оптична густина	1191	11	77	31.0
812	Оптична сила	3092	6	263	53.0
813	Оптична теорема	5	0	1	0.0
814	Оптичне випромінювання	254	1	24	7.0
815	Оптичний параметричний осцилятор	15	0	4	1.0
816	Оптичний стіл	5	0	1	0.0
817	Оптичний телескоп	510	0	34	18.0
818	Оптичний фонон	7	0	2	0.0
819	Оптично активні речовини	152	0	13	5.0
820	Оптоволокно	1432	12	115	45.0
821	Орбітальне квантове число	180	1	15	5.0
822	Орбітон	5	0	2	0.0
823	Органічний світлодіод	334	2	22	10.0
824	Органічні напівпровідники	84	0	11	2.0
825	Освітленість	1316	13	91	42.0
826	Осмій	405	4	26	13.0
827	Основна фізична величина	482	3	36	12.0
828	Осцилятор Лоренца	6	0	2	0.5
829	Осциляції нейтрино	17	0	3	0.0
830	Осциляції Рабі	14	0	3	1.0
831	Осциляції Шубнікова — де Гааза	9	0	2	0.0
832	П'єзоелектрики	152	1	14	4.0
833	П'єзоефект	366	3	24	11.0
834	Паладій	642	10	37	19.0
835	Пара	532	3	34	18.0
836	Парадокс близнят	172	0	18	4.0
837	Парадокс Еренфеста	26	0	4	1.0
838	Парадокс субмарини	32	0	3	1.0
839	Парамагнетики	2448	8	193	64.0
840	Пасивна радіолокація	66	0	10	2.0
841	Пентакварк	22	0	3	1.0
842	Перетворення Гільберта	33	0	7	1.0
843	Перехресна ентропія	53	0	5	2.0
844	Період напіврозпаду	1044	16	80	32.0
845	Питомий імпульс	61	0	9	2.0
846	Питомий коефіцієнт поглинання електромагнітної енергії	80	0	7	2.5
847	Піони	84	0	9	2.0
848	Плазмон	50	0	6	1.0
849	Платина	1191	9	72	39.0
850	Плутоній	562	6	32	17.0
851	Плутоній-239	168	1	17	5.0
852	Повне внутрішнє відбиття	2006	7	163	59.0
853	Поділ ядра	488	4	35	16.0
854	Позитрон	293	2	17	9.0
855	Позитроній	34	0	4	1.0
856	Полоній	532	2	38	17.0
857	Поляритон	31	0	3	1.0
858	Полярон	32	0	5	1.0
859	Померон	15	0	4	1.0
860	Попов Олександр Степанович	462	4	38	13.0
861	Посудина Дьюара	184	1	19	6.0
862	Поширення радіохвиль	444	4	33	13.0
863	Празеодим	213	0	18	6.0
864	Припустиме затухання	3	0	1	0.0
865	Проект Y	47	0	5	1.0
866	Прометій	140	0	14	4.0
867	Протактиній	122	0	13	3.0
868	Протій	83	0	7	3.0
869	Протон	2590	20	168	81.0
870	Радар	598	7	49	19.0
871	Радар із синтезованою апертурою	60	0	5	2.0
872	Радіаційна аварія	600	6	50	16.0
873	Радій	791	13	40	27.0
874	Радіоелектронна протидія	73	0	6	2.0
875	Радіозв'язок	607	7	41	17.0
876	Радіолокаційні перешкоди	47	0	4	2.0
877	Радіофотонна РЛС	22	0	3	1.0
878	Радон	696	9	41	22.0
879	Реактивний рух	3012	16	238	84.0
880	Резерфордій	225	0	48	6.0
881	Рейкотрон	144	0	10	4.0
882	Реній	295	0	26	8.0
883	Рентгеній	255	0	25	7.0
884	Рівняння Греда — Шафранова	9	0	4	1.0
885	Рівняння дифузії	166	0	11	5.0
886	Рівняння Смолюховського	26	0	5	2.0
887	Рівняння Шредінгера	511	5	39	15.0
888	Рідкі кристали	8685	69	635	243.0
889	Ро-мезон	10	0	3	0.0
890	Родій	484	5	39	13.0
891	Розходження Кульбака — Лейблера	55	0	7	2.0
892	Ротон	12	0	2	0.0
893	Ртуть	3695	63	181	116.0
894	Рубідій	662	3	42	20.0
895	Рутеній	306	3	20	11.0
896	Самарій	158	1	20	4.0
897	Свинець	2730	42	125	92.0
898	Світлодіод	2126	11	179	57.0
899	Селен	2052	29	158	63.0
900	Сигма-баріон	8	0	3	0.0
901	Сигма-дельта-модуляція	51	0	5	1.0
902	Сила Лоренца	7372	31	476	278.0
903	Силіцій	6943	68	409	215.0
904	Сіборгій	136	0	10	4.0
905	Сірка	11726	114	557	381.0
906	Скандій	721	8	46	23.0
907	Спектральна ефективність	41	0	6	1.0
908	Спектрофотометр	212	1	12	7.0
909	Список позначень у фізиці	9282	103	488	339.0
910	Спільна ентропія	33	0	5	1.0
911	Сплутані квантові стани	245	1	17	8.0
912	Срібло	4445	72	213	158.0
913	Стандартний стан	273	2	24	8.0
914	Станум	1629	17	90	57.0
915	Статистичний шум	4	0	2	0.0
916	Стерильне нейтрино	15	0	2	1.0
917	Стибій	633	10	35	20.0
918	Стронцій	987	6	77	29.0
919	Супергетеродинний радіоприймач	132	0	11	3.0
920	Суперсиметрія	400	0	76	9.0
921	Супутниковий зв'язок	637	2	42	19.0
922	Сферміон	5	0	1	0.0
923	Сцинтиляційні лічильники	66	0	8	2.0
924	Талій	769	3	60	23.0
925	Тантал (хімічний елемент)	703	9	36	23.0
926	Тау-лептон	51	0	5	2.0
927	Тахіони	173	0	13	5.0
928	Телур	669	6	38	19.0
929	Теннессин	811	2	164	9.0
930	Теорія де Бройля — Бома	81	0	7	2.0
931	Теплобачення	255	1	19	8.0
932	Тербій	199	0	17	5.0
933	Термоядерна енергія	517	5	63	15.0
934	Тета-мезон	6	0	2	0.0
935	Тетракварк	11	0	2	0.0
936	Технецій	227	3	14	7.0
937	Титан (хімічний елемент)	1981	32	104	55.0
938	Томаш Станецький	9	0	2	1.0
939	Торій	261	0	16	9.0
940	Траєкторія	2008	19	112	71.0
941	Трансфермієві війни	22	0	3	1.0
942	Тритій	329	4	27	10.0
943	Тріон	19	0	4	0.0
944	Тулій	75	0	5	2.0
945	Уран (хімічний елемент)	1669	25	102	55.0
946	Уран-235	648	7	73	19.0
947	Фазова модуляція	261	1	28	7.0
948	Фазована антенна решітка	133	0	10	4.0
949	Фермій	131	0	11	3.0
950	Ферміон	209	1	16	7.0
951	Фі-мезон	9	0	1	0.0
952	Фізика	3995	57	181	134.0
953	Фізика низьких температур (журнал)	15	0	2	0.0
954	Флеровій	105	0	8	3.0
955	Фонон	156	0	14	4.0
956	Формула Койде	13	0	3	1.0
957	Фосфор	8478	97	437	307.0
958	Фотон	2249	18	134	74.0
959	Францій	1024	8	78	29.0
960	Фтор	3575	42	184	118.0
961	Фундаментальна частинка	70	0	6	2.0
962	Фундаментальні взаємодії	675	4	40	23.0
963	Функція розподілу (статистична фізика)	14	0	3	1.0
964	Халькогени	475	2	34	15.0
965	Хлор	8061	84	452	289.0
966	Хром	2595	33	145	89.0
967	Хронологія квантових обчислень	25	0	5	1.0
968	Цезій	701	6	41	22.0
969	Церій	214	2	15	7.0
970	Циклотронна маса	7	0	3	0.0
971	Цинк	3677	54	254	122.0
972	Цирконій	799	9	52	26.0
973	Частотна модуляція	530	2	46	14.0
974	Черенковське випромінювання	213	2	19	7.0
975	Число Авогадро	1493	16	71	49.0
976	Число Маха	750	9	138	18.0
977	Шипіння (ядерна зброя)	4	0	2	0.0
978	Шлях (фізика)	4667	34	243	156.0
979	Ядерна енергетика	1083	13	91	33.0
980	Ядерне випробування	306	2	19	10.0
981	Ядерний вибух	801	12	48	26.0
982	Ядро атома	3254	25	193	115.0
983	B-кварк	24	0	4	1.0
984	B-мезон	10	0	2	0.0
985	BeamForming	42	0	5	1.0
986	C-кварк	22	0	3	1.0
987	CERN	477	7	27	15.0
988	D-кварк	62	0	17	1.0
989	D-мезон	9	0	1	0.0
990	J/ψ-мезон	14	0	3	0.0
991	Ku-діапазон	79	0	10	2.0
992	S-кварк	21	0	2	0.5
993	T-кварк	24	0	4	1.0
994	T-мезон	8	0	1	0.0
995	U-кварк	61	0	7	1.0
996	W- і Z-бозони	32	0	4	1.0
997	Wendelstein 7-X	23	0	4	1.0
998	X та Y бозони	11	0	2	0.0
