1	5-фторурацил	101	1	11	2.0
2	Абакавір	18	0	2	1.0
3	Абакавір/Ламівудин	6	0	2	0.0
4	Абарестезія	10	0	2	1.0
5	Абатестезія	18	0	3	1.0
6	Абдоміналізація серця	34	0	6	1.0
7	Абдомінопластика	169	1	13	5.0
8	Абсанс	413	4	27	13.0
9	Абсцес	2705	49	131	86.0
10	Абсцес легень	2496	31	167	75.0
11	Август Вагенманн	0	0	0	0.0
12	Авітамінози	4898	52	330	158.0
13	Австралійський кліщовий рикетсіоз	50	0	5	2.0
14	Автоімунні захворювання	2233	38	100	76.0
15	Агнозія	743	7	41	25.0
16	Агомелатин	67	0	7	2.0
17	Агорафобія	787	14	40	24.0
18	Агранулоцитоз	667	9	36	22.0
19	Адалімумаб	115	0	9	3.0
20	Адам Крістіян Тебезій	8	0	3	0.0
21	Аддералл	1852	32	100	59.0
22	Аддісонова хвороба	1687	26	99	49.0
23	Аделькі Негрі	11	0	3	0.0
24	Аденовіруси	572	4	35	18.0
25	Аденовірусна інфекція	1665	19	96	53.0
26	Аденома гіпофіза	248	1	19	7.0
27	Аденома щитоподібної залози	311	3	19	9.0
28	Адинамія	94	0	8	2.0
29	Адонізид	58	0	6	2.0
30	Адреналектомія	50	0	5	1.5
31	Адреногенітальний синдром	818	10	52	28.0
32	Адренокортикальна аденома	57	0	7	2.0
33	Адренокортикальна карцинома	37	0	7	1.0
34	Адренокортикотропний гормон	795	10	48	25.0
35	Адсорбована коклюшно-дифтерійно-правцева вакцина	2326	16	145	67.0
36	Аерофагія	73	1	8	2.0
37	Азеластин	22	0	3	1.0
38	Азилсартан	63	0	10	2.0
39	Азитроміцин	631	9	33	20.0
40	Азлоцилін	21	0	3	1.0
41	Азооспермія	194	1	17	6.0
42	Азотемія	313	1	41	8.0
43	Азтреонам	39	0	5	1.0
44	Айван Магілл	11	0	2	0.0
45	Айзенберг Олександр Абрамович	16	0	3	1.0
46	Аймалін	49	0	9	1.0
47	Акінезія	137	1	15	4.0
48	Акне	3025	70	130	98.0
49	Акривастин	13	0	2	1.0
50	Акрихін	24	0	4	1.0
51	Акромегалія	1097	13	71	35.0
52	Актиномікоз	499	7	34	15.0
53	Актовегін	203	2	12	6.0
54	Акушерка	173	2	13	5.0
55	Алберт Аґуайо	6	0	1	0.0
56	Александер Флемінг	718	8	43	23.0
57	Алексія	102	0	8	3.0
58	Алемтузумаб	63	0	9	1.5
59	Алергічний дерматит	376	6	23	11.0
60	Алергія на латекс	64	0	12	2.0
61	Алессандра Джиліані	3	0	1	0.0
62	Алкоголізм	5726	92	277	177.0
63	Алоїз Альцгеймер	77	0	18	2.0
64	Алоїз Капуано	3	0	1	0.0
65	Алпразолам	965	17	51	30.0
66	Альбендазол	336	3	22	9.0
67	Альберто Асколі	5	0	1	0.0
68	Альберто Бартон	8	0	4	0.0
69	Альбумінурія	79	0	10	2.0
70	Альдостерон	975	13	52	32.0
71	Альфа-адреноблокатори	796	6	53	20.0
72	Альфа-клітина	28	0	3	1.0
73	Альфа-фетопротеїн	518	4	34	18.0
74	Альфонс Якоб	1	0	1	0.0
75	Альфред Вельпо	18	0	3	1.0
76	Альфузозин	18	0	3	1.0
77	Амантадин	118	0	7	4.0
78	Амбазон	47	0	4	1.0
79	Амбліопія	988	13	50	31.0
80	Амброксол	393	8	22	12.0
81	Амебіаз	2300	27	118	77.0
82	Аменорея	824	14	44	25.0
83	Американська колегія хірургів	11	0	2	1.0
84	Амізон	260	3	20	7.0
85	Амікацин	140	1	14	4.0
86	Амілоїд	115	0	10	4.0
87	Амілоїдоз	906	15	61	26.0
88	Амімія	59	0	8	2.0
89	Аміноглікозиди	769	6	43	24.0
90	Амінотрансферази	287	4	18	9.0
91	Аміодарон	159	0	13	4.0
92	Амісульприд	33	0	3	1.0
93	Амітриптилін	542	11	25	17.0
94	Амлодипін	323	5	16	10.0
95	Амнезія	848	10	48	26.0
96	Амніоцентез	152	1	13	4.0
97	Амоксицилін	694	8	40	21.0
98	Амоксицилін/клавуланова кислота	299	3	20	10.0
99	Амосов Микола Михайлович	4497	65	215	154.0
100	Ампренавір	1	0	1	0.0
101	Ампутація	373	1	31	11.0
102	Амрінон	22	0	3	1.0
103	Амтолметин гуацил	24	0	4	1.0
104	Амузія	55	0	10	2.0
105	Амфетамін	4668	94	210	154.0
106	Амфотерицин В	86	0	6	2.0
107	Анагрелід	15	0	2	1.0
108	Анапластичний рак щитоподібної залози	43	0	6	1.0
109	Анасарка	587	5	43	17.0
110	Анастомоз	363	2	23	12.0
111	Анастрозол	93	0	22	2.0
112	Анатоксин	421	2	29	13.0
113	Анатомічний театр Київського університету Св. Володимира	97	0	19	2.0
114	Анатомо-терапевтично-хімічна класифікація	227	2	16	7.0
115	Анафілаксія	775	8	51	23.0
116	Анафілактичний шок	3254	30	176	110.0
117	Ангіологія	49	0	5	2.0
118	Ангіома	433	6	25	13.0
119	Ангіосаркома	58	0	6	2.0
120	Ангіосаркома щитоподібної залози	12	0	4	0.0
121	Ангіоспазм	186	1	16	5.0
122	Ангіостронгільоз	14	0	8	0.0
123	Андрейчин Михайло Антонович	143	1	9	4.0
124	Андрогени	791	15	44	24.0
125	Андростендіон	126	0	9	4.0
126	Аневризма	1559	28	97	48.0
127	Аневризма аорти	892	14	49	26.0
128	Анемія	9384	157	474	325.0
129	Анестезія	1042	14	68	32.0
130	Анеуплоїдія	807	7	53	25.0
131	Анідулафунгін	21	0	4	1.0
132	Анізакіди	39	0	6	1.0
133	Анізакідоз	69	0	7	2.0
134	Анізокорія	782	11	38	25.0
135	Анкілоз	436	1	31	14.0
136	Анкілозуючий спондилоартрит	1294	23	65	39.0
137	Анкілостомози	221	2	13	7.0
138	Анорексія (симптом)	2345	30	133	74.0
139	Антагоністи альдостерону	143	0	11	5.0
140	Антиаритмічні препарати	469	6	34	15.0
141	Антигіпертензивні препарати	1636	25	99	50.0
142	Антитіла	3524	42	164	131.0
143	Антифосфоліпідний синдром	284	1	22	9.0
144	Антон Вексельбаум	12	0	2	1.0
145	Антоні Крупський	2	0	1	0.0
146	Антраль	1074	12	55	34.0
147	Антропоноз	881	8	47	29.0
148	Анурія	453	6	30	14.0
149	Аортальна недостатність	407	3	27	12.0
150	Апатія (медицина)	1737	36	87	56.0
151	Апендицит	3143	59	141	104.0
152	Апное	601	6	39	19.0
153	Апное уві сні	790	10	40	26.0
154	Аполіпопротеїн A1	27	0	4	1.0
155	Апраксія	756	6	49	25.0
156	Аптека	464	3	29	14.0
157	Арахноїдит	473	3	30	14.0
158	Арбідол	98	0	11	3.0
159	Арбовірусні хвороби	216	0	19	6.0
160	Аргентинська геморагічна гарячка	23	0	3	1.0
161	Арипіпразол	51	0	7	2.0
162	Арман Труссо	12	0	2	0.0
163	Армодафініл	0	0	0	0.0
164	Артеріальна гіпертензія	6978	100	335	237.0
165	Артеріальна гіпотензія	2222	38	105	69.0
166	Артеріосклероз	109	0	12	3.0
167	Артерія м'яза-підіймача яєчка	18	0	4	1.0
168	Артерія сім'явивідної протоки	19	0	3	1.0
169	Артерія яєчка	48	0	6	2.0
170	Артралгія	444	4	24	15.0
171	Артремфіт	67	0	6	2.0
172	Артрит	2585	58	109	86.0
173	Артроз плечового суглоба	156	1	10	4.0
174	Артропластика	64	0	7	2.0
175	Артур Ернест Гведел	9	0	2	0.0
176	Асептика	1389	8	81	49.0
177	Аскарида людська	8901	110	569	275.0
178	Аскаридоз	3211	40	155	109.0
179	Аспарагіназа	61	0	10	2.0
180	Аспергільоз	197	2	12	6.0
181	Астазія	68	0	7	2.0
182	Астемізол	16	0	4	0.0
183	Астенія	2538	50	122	84.0
184	Астма бронхіальна	4647	72	266	157.0
185	Асфіксія	3056	49	203	96.0
186	Асцит	799	12	42	27.0
187	Атазанавір	12	0	2	1.0
188	Атаксія	818	8	51	24.0
189	Атезолізумаб	35	0	4	1.5
190	Ателектаз легені	1267	16	72	44.0
191	Атеросклероз	5635	103	300	193.0
192	Атетоз	213	2	13	6.0
193	Атипова пневмонія	322	2	23	8.0
194	Атлант (анатомія)	582	5	34	20.0
195	Атоваквон	17	0	2	1.0
196	Атонія	245	0	19	7.0
197	Аторвастатин	155	1	11	4.0
198	Атропін	862	11	48	26.0
199	Атрофія	793	8	64	24.0
200	Аура (симптом)	295	2	24	9.0
201	Аускультація	725	6	50	22.0
202	Аутопсія	524	6	28	16.0
203	Аутотрансплантація	157	1	16	4.5
204	Афект первинний	55	0	5	2.0
205	Афонія	212	0	14	6.0
206	Афти	131	1	10	4.0
207	Ахілів рефлекс	360	2	36	10.0
208	Ахондроплазія	348	1	38	9.0
209	Ацеклофенак	93	1	7	3.0
210	Аценокумарол	117	0	9	3.0
211	Ацетилсаліцилова кислота/гідроксид магнію	117	1	15	3.0
212	Ацетилцистеїн	440	6	23	14.0
213	Ацикловір	431	4	20	14.0
214	Бабезіоз	402	4	26	12.0
215	Базиліксимаб	4	0	1	0.0
216	Базофілопенія	9	0	3	1.0
217	Бактеріємія	317	2	22	10.0
218	Балантидіаз	376	3	27	12.0
219	Бальнеологія	374	3	24	11.0
220	Барабанна струна	161	1	14	5.0
221	Бардах Яків Юлійович	19	0	4	1.0
222	Барлова хвороба	84	0	8	3.0
223	Баротравма	250	2	28	6.0
224	Бартолініт	77	0	8	2.0
225	Бартолінові залози	391	4	26	11.0
226	Бартонельози	113	0	11	3.0
227	Баттологія	47	0	5	1.5
228	Бацилярний ангіоматоз	45	0	8	2.0
229	Бацилярний пурпурний гепатит	31	0	4	1.5
230	Бевацизумаб	79	0	7	2.0
231	Бедаквілін	106	0	8	3.0
232	Беджель	109	0	12	3.0
233	Безифлоксацин	7	0	1	1.0
234	Безоар	286	1	53	6.0
235	Безредка Олександр Михайлович	79	0	8	2.0
236	Безсоння	1063	20	68	31.0
237	Беклометазон	53	0	7	1.0
238	Беміпарин	15	0	3	1.0
239	Беназеприл	25	0	3	1.0
240	Бендамустин	34	0	3	1.0
241	Бенджамін Раш	44	0	6	1.5
242	Бенедикт Ваґнер	4	0	1	0.0
243	Бензатин бензилпеніцилін	126	1	8	4.0
244	Бензатин феноксиметилпеніцилін	2	0	1	0.0
245	Бензобарбітал	27	0	5	1.0
246	Бенфлуорекс	7	0	2	0.0
247	Бепридил	19	0	3	1.0
248	Бері-бері	1559	20	91	52.0
249	Бернгард Нохт	4	0	1	0.0
250	Бета-2-адреностимулятори	384	1	34	12.0
251	Бета-блокатор	1601	16	108	52.0
252	Бета-клітина	108	0	8	3.0
253	Бета-лактамази	144	0	11	5.0
254	Бетаксолол	30	0	3	1.0
255	Бешиха	4012	81	211	125.0
256	Бівалірудин	8	0	2	0.0
257	Бігуняк Володимир Васильович	38	0	4	1.0
258	Бікалутамід	26	0	4	1.0
259	Біла гарячка	1357	30	58	43.0
260	Біластин	92	0	9	3.0
261	Біль	1517	15	86	49.0
262	Біль за грудиною	76	0	7	2.5
263	Біодоступність	382	5	28	13.0
264	Біохімічний аналіз крові	3296	50	159	114.0
265	Біпериден	17	0	3	1.0
266	Біполярний афективний розлад	3759	88	170	118.0
267	Біфоназол	48	0	4	2.0
268	Бічний аміотрофічний склероз	1893	35	160	55.0
269	Бленорея	172	1	11	5.0
270	Блеоміцин	43	0	4	1.0
271	Блефарит	407	5	25	11.0
272	Близькосхідний коронавірусний респіраторний синдром	83	0	12	2.0
273	Бліда куля	175	0	26	5.0
274	Блокатори кальцієвих каналів	1116	10	60	36.0
275	Блокатори H2-гістамінових рецепторів	423	3	27	13.0
276	Блювання	557	8	29	17.0
277	Богданов Іван Лукіянович	6	0	1	0.0
278	Бокавірусна інфекція	48	0	7	1.0
279	Болівійська геморагічна гарячка	33	0	4	1.0
280	Бородавка	1306	28	58	43.0
281	Борозна (мозок)	436	1	27	14.0
282	Ботулізм	6695	98	348	225.0
283	Боцепревір	9	0	2	0.0
284	Брадикардія	1617	25	80	48.0
285	Брахідактилія	200	1	20	4.0
286	Браян Артур Селлік	10	0	2	0.0
287	Брентуксимаб ведотин	31	0	4	1.0
288	Бретилію тозилат	7	0	1	0.0
289	Бривудин	3	0	2	0.0
290	Брижа (кишечник)	530	4	35	16.0
291	Бринцидофовір	5	0	2	0.0
292	Бромгексин	205	2	12	6.0
293	Бромокриптин	91	0	8	3.0
294	Бронхіт	6077	82	323	193.0
295	Бронхоектатична хвороба	2464	25	157	82.0
296	Бронхоспазм	414	1	22	14.0
297	Бругіоз	51	0	7	1.0
298	Бруцельоз	1464	16	97	42.0
299	Бубновський Сергій Михайлович	429	5	29	14.0
300	Бубон (медицина)	239	2	22	7.0
301	Бубонна чума	1542	14	231	39.0
302	Будесонід	155	2	12	5.0
303	Булімія	2516	56	134	79.0
304	Бупренорфін	294	3	21	8.0
305	Бупропіон	184	1	11	6.0
306	Бурсит	848	12	43	28.0
307	Бусерелін	9	0	2	0.0
308	Буспірон	196	1	12	7.0
309	Бусульфан	16	0	5	0.0
310	Бутоконазол	8	0	2	0.0
311	Буторфанол	147	2	11	5.0
312	Вавжинєц Прессен	6	0	2	0.0
313	Вагінальний кандидоз	2897	51	141	91.0
314	Вазоактивний інтестинальний пептид	36	0	4	1.0
315	Вазопресин	2223	34	106	70.0
316	Вакцина проти гепатиту А	139	0	20	4.0
317	Вакцина проти епідемічного паротиту	140	0	12	4.0
318	Вакцина проти кору	527	3	35	17.0
319	Вакцинація	1754	30	84	57.0
320	Вакцини	3904	55	210	121.0
321	Вакцини проти холери	93	0	11	3.0
322	Валацикловір	142	1	11	5.0
323	Валганцикловір	17	0	5	1.0
324	Валсартан	117	1	9	4.0
325	Вальпроєва кислота	195	1	14	7.0
326	Варикоз	1533	22	85	48.0
327	Варфарин	218	2	16	6.0
328	Васкуліт	734	13	42	21.0
329	Ведолізумаб	22	0	3	1.0
330	Везикульозний рикетсіоз	94	0	7	3.0
331	Великий кам'янистий нерв	107	0	16	3.0
332	Великогомілкова кістка	643	8	39	20.0
333	Венеричні хвороби	2545	37	126	81.0
334	Венерологія	178	2	13	5.0
335	Венесуельський енцефаломієліт	15	0	3	1.0
336	Венлафаксин	130	0	8	4.0
337	Верапаміл	199	1	15	7.0
338	Вернакалант	30	0	6	1.0
339	Вертикальний механізм передачі інфекції	266	2	25	7.0
340	Верхнє слиновидільне ядро	40	1	5	1.0
341	Верхній гортанний нерв	45	0	5	2.0
342	Верхньощелепна артерія	259	2	18	8.0
343	Верхньощелепна вена	7	0	2	0.0
344	Верхня гортанна артерія	5	0	2	0.0
345	Верхня щитоподібна артерія	35	0	5	1.0
346	Верхня щитоподібна вена	6	0	1	0.5
347	Виноградов Костянтин Миколайович	7	0	1	1.0
348	Випадкова смерть та інвалідність: знехтуване захворювання сучасного суспільства	3	0	1	0.0
349	Виразка Бурулі	147	1	14	5.0
350	Висип	1984	36	103	60.0
351	Висівкоподібний (різнокольоровий) лишай	3571	71	158	118.0
352	Високоактивна антиретровірусна терапія	386	2	28	11.0
353	Високович Володимир Костянтинович	121	1	9	3.0
354	Висотна хвороба	588	5	36	19.0
355	Висхідна глоткова артерія	75	0	9	2.0
356	Висхідна шийна артерія	21	0	3	1.0
357	Відрижка	306	3	20	9.0
358	Відшарування сітківки	425	7	23	13.0
359	Військова медицина в Україні	154	0	13	5.0
360	Військові медичні заклади України	189	0	14	6.0
361	Військово-лікарські комісії України	506	3	29	17.0
362	Віктор Бабеш	27	0	4	1.0
363	Вілем Душан Лямбль	33	0	5	1.0
364	Вілізієве коло	496	2	67	12.0
365	Вільгельм Ґрізінґер	13	0	3	1.0
366	Вільям Буг Лейшман	20	0	7	1.0
367	Вільям Горгас	9	0	2	0.0
368	Віментин	24	0	4	1.0
369	Вінбластин	42	0	6	1.0
370	Вінорельбін	17	0	3	1.0
371	ВІПома	20	0	3	1.0
372	Вірджинія Апгар	56	0	13	1.0
373	Вірус Епштейна — Барр	2550	44	120	83.0
374	Вірус Зіка	206	1	17	6.0
375	Вірус імунодефіциту людини	6695	83	369	214.0
376	Вірус Норуолк	227	0	40	7.0
377	Вірус папіломи людини	2373	41	113	77.0
378	Вірусемія	83	0	7	2.0
379	Вірусні захворювання	1697	7	131	48.0
380	Віспа мавп	104	0	13	3.0
381	Вісцеральний лейшманіоз	126	0	15	3.0
382	Вітамін B12	3770	52	169	124.0
383	Вітряна віспа	5650	111	266	180.0
384	Внутрішнє вухо	1166	17	65	35.0
385	Внутрішньоартеріальна ін'єкція	44	0	6	2.0
386	Внутрішньовенна ін'єкція	1293	19	82	42.0
387	Внутрішньолікарняна інфекція	1273	11	84	41.0
388	Внутрішньом'язова ін'єкція	1512	22	79	47.0
389	Внутрішньочерепна гіпертензія	922	17	50	27.0
390	Внутрішня грудна артерія	185	1	17	5.0
391	Внутрішня сонна артерія	291	3	18	9.0
392	Внутрішня яремна вена	539	8	30	17.0
393	Воєнно-медична доктрина України	81	0	8	2.5
394	Возіанова Жанна Іванівна	60	0	8	2.0
395	Войцех Жердинський	3	0	1	0.0
396	Волинська гарячка	170	1	22	4.0
397	Волянський Юрій Леонідович	15	0	3	1.0
398	Вориконазол	31	0	4	1.0
399	Вортіоксетин	86	1	6	3.0
400	Воші	7025	76	488	210.0
401	Всесвітній день боротьби з цукровим діабетом	802	0	290	6.5
402	Всеукраїнський центр професійної реабілітації інвалідів	245	1	24	7.0
403	Всеукраїнський центр радіохірургії	113	0	9	4.0
404	Вузлик	288	4	16	9.0
405	Вузликовий періартеріїт	295	3	20	8.0
406	Вухереріоз	63	0	8	2.0
407	Вушна раковина	198	1	21	6.0
408	Габапентин	184	1	11	6.0
409	Газова гангрена	1319	19	66	46.0
410	Галітоз	242	3	17	7.0
411	Галоперидол	532	7	35	16.0
412	Галофантрин	14	0	3	0.0
413	Галюцинація	651	6	50	21.0
414	Гамалія Микола Федорович	304	3	23	8.0
415	Гангрена	1827	31	91	60.0
416	Ганс Сельє	273	3	21	7.0
417	Ганс Цінссер	18	0	3	1.0
418	Ганс-Герхард Кройцфельд	8	0	2	0.0
419	Ганцикловір	62	0	9	2.0
420	Гаплогрупа R1a	365	5	20	11.0
421	Гарячка	3733	52	209	119.0
422	Гарячка денге	509	7	34	15.0
423	Гарячка Західного Нілу	235	3	20	7.0
424	Гарячка Ласса	246	0	25	7.0
425	Гарячка лісу Барма	6	0	1	0.0
426	Гарячка лісу Семлікі	24	0	4	1.0
427	Гарячка паппатачі	91	0	12	2.5
428	Гарячка Ріфт Валлі	82	1	7	3.0
429	Гарячка Росс Рівер	43	0	5	1.0
430	Гарячка Сіндбіс	13	0	2	1.0
431	Гарячки від укусу пацюків	42	0	4	1.0
432	Гастринома	33	0	4	1.0
433	Гастрит	3656	50	205	114.0
434	Гастроезофагеальна рефлюксна хвороба	3245	62	178	100.0
435	Гатіфлоксацин	112	1	8	3.0
436	Гвайфенезин	762	13	37	25.0
437	Гексопреналін	22	0	5	1.0
438	Гельмінти	6873	78	412	214.0
439	Гельмінтози	1912	20	123	58.0
440	Гемартроз	148	0	14	4.0
441	Гематома	1655	30	81	53.0
442	Гематурія	586	9	39	18.0
443	Геміпарез	668	4	32	22.0
444	Геміфлоксацин	8	0	2	0.0
445	Гемолітична анемія	741	8	41	24.0
446	Гемоперикард	40	0	7	1.0
447	Геморагічна гарячка	398	2	35	12.0
448	Геморагічна гарячка з нирковим синдромом	337	2	28	8.0
449	Геморагічний васкуліт	1714	18	97	54.0
450	Геморагічний інсульт	1074	19	49	36.0
451	Геморой	3590	84	157	115.0
452	Гемофілія	3745	58	184	129.0
453	Гемофільна інфекція	1270	11	83	43.0
454	Гемохроматоз	361	4	23	11.0
455	Гемцитабін	47	0	8	1.0
456	Генетичні хвороби	2019	25	131	64.0
457	Генрик Кадий	17	0	4	1.0
458	Генрик Мосінг	92	0	13	3.0
459	Генрі Коплік	16	0	5	1.0
460	Генріх Квінке	13	0	2	1.0
461	Гентаміцин	223	2	13	8.5
462	Георг Гаффкі	7	0	2	0.0
463	Георг Фернан Ізідор Відаль	8	0	3	0.0
464	Георгіос Папаніколау	32	0	5	1.0
465	Гепатит А	3222	40	191	99.0
466	Гепатит B	3714	54	201	117.0
467	Гепатит C	4623	67	229	157.0
468	Гепатит D	702	11	39	21.0
469	Гепатит E	603	3	30	20.0
470	Гепатомегалія	729	8	44	24.0
471	Гепатоцит	871	9	63	24.0
472	Герасун Борис Абрамович	62	0	7	2.0
473	Герман Музер	1	0	1	0.0
474	Герпес простий	2174	33	114	65.0
475	Герпесвіруси	454	4	41	11.0
476	Герпесвірусні інфекції	1257	12	70	40.0
477	Гестаційний цукровий діабет	232	1	15	8.0
478	Гефітиніб	20	0	5	1.0
479	Гикавка	970	17	46	31.0
480	Гіаліноз	111	0	9	4.0
481	Гіалоїдна мембрана	25	0	3	1.0
482	Гібернома	115	1	8	3.0
483	Гігантоклітинний артеріїт	89	0	13	3.0
484	Гігієна	3161	22	192	98.0
485	Гідазепам	1596	32	73	51.0
486	Гідрокодон	76	0	6	2.5
487	Гідроксизин	110	0	10	3.0
488	Гідроксикарбамід	21	0	2	1.0
489	Гідроксиметилхіноксиліндіоксид	23	0	9	1.0
490	Гідроксихлорохін	35	0	3	1.0
491	Гідронефроз	1526	23	110	50.0
492	Гідроторакс	432	3	25	15.0
493	Гідрофобія (симптом)	109	0	35	2.0
494	Гідрохлоротіазид	183	2	12	6.0
495	Гідроцефалія	2836	52	128	90.0
496	Гійом Дюпюїтрен	11	0	3	0.0
497	Гіменолепідоз	633	5	41	18.0
498	Гінгівіт	1220	16	72	39.0
499	Гінеколог-ендокринолог	236	1	69	5.0
500	Гіперальдостеронізм	272	2	19	9.0
501	Гіперглікемічна кома	2478	25	137	91.0
502	Гіперглікемія	1749	19	118	52.0
503	Гіперемія	1187	22	63	40.0
504	Гіперестезія	296	2	25	8.0
505	Гіперкаліємія	665	7	40	20.0
506	Гіперкапнія	285	2	21	8.0
507	Гіперліпідемія	476	4	41	15.0
508	Гіперпаратиреоз	469	2	26	15.0
509	Гіперпролактинемія	313	3	21	10.0
510	Гіпертензивний криз	787	6	42	25.0
511	Гіпертиреоїдизм	494	6	36	14.0
512	Гіпноз	928	17	52	29.0
513	Гіповолемічний шок	632	2	39	18.0
514	Гіповолемія	634	6	37	20.0
515	Гіпоглікемічна кома	2003	24	107	67.0
516	Гіпоглікемія	1703	23	100	54.0
517	Гіподинамія	7519	49	707	179.0
518	Гіпокаліємія	362	4	19	11.0
519	Гіпоксемія	333	2	25	11.0
520	Гіпоманія	905	12	141	20.0
521	Гіпопаратиреоїдизм	207	1	15	6.0
522	Гіпопіон	26	0	6	1.0
523	Гіпотермія	922	15	55	29.0
524	Гіпотиреоїдизм	2435	27	107	83.0
525	Гіпотонус	97	1	9	3.0
526	Гіпотрофія	510	3	38	16.0
527	Гіппократ	1581	28	105	49.0
528	Гірська хвороба	668	8	44	19.0
529	Гістеректомія	342	4	21	11.0
530	Гістопатологія	33	0	4	1.0
531	Гістоплазмоз	167	0	14	5.0
532	Глатирамеру ацетат	42	0	4	1.5
533	Глаукома	1387	16	85	44.0
534	Глибока язикова артерія	9	0	3	0.0
535	Глибоке пахвинне кільце	195	2	18	6.0
536	Глібенкламід	65	0	5	2.0
537	Глікемічний індекс	636	11	36	20.0
538	Гліклазид	25	0	4	1.0
539	Гліобластома	1135	18	105	33.0
540	Гліома	222	0	17	6.0
541	Гломерулонефрит	3905	45	236	132.0
542	Глузман Семен Фішельович	809	4	132	18.0
543	Глюкагон	1580	14	100	47.0
544	Глюкагонома	17	0	3	1.0
545	Глюкозурія	674	4	51	19.0
546	Глюкокортикоїди	1763	22	96	60.0
547	Гній (медицина)	477	3	28	16.0
548	Гноячок	207	1	16	5.0
549	Говард Тейлор Рікеттс	5	0	1	0.0
550	Гозерелін	108	1	9	3.0
551	Голімумаб	27	0	5	1.0
552	Голка хірургічна	226	0	25	6.0
553	Головна вена	76	0	6	2.0
554	Головне ядро трійчастого нерва	31	0	5	1.0
555	Головний біль	1309	25	63	42.0
556	Головний біль напруги	703	9	41	22.0
557	Головний військовий клінічний госпіталь (Україна)	141	6	38	14.0
558	Головний мозок людини	6963	88	335	221.0
559	Голосові зв'язки	1185	11	69	32.0
560	Голубовська Ольга Анатоліївна	313	1	81	7.0
561	Гомілка	1220	19	145	35.0
562	Гонгілонематоз	52	0	9	2.0
563	Гонорея	7212	124	461	208.0
564	Гончарук Євген Гнатович	64	0	7	2.0
565	Гормон росту 2	35	0	3	1.0
566	Городецький Марко Михайлович	14	0	2	1.0
567	Гортань	2643	20	142	86.0
568	Госпітальна пневмонія	203	0	22	6.0
569	Гостра респіраторна вірусна інфекція	3832	59	195	133.0
570	Гостра серцева недостатність	1177	14	66	37.0
571	Гостра судинна недостатність	886	7	57	24.0
572	Гострий апендицит	1461	19	100	49.0
573	Гострий гастрит	1082	4	72	33.0
574	Гострий лімфобластний лейкоз	1523	22	93	43.0
575	Гострий мієлобластний лейкоз	816	13	52	24.0
576	Гострий панкреатит	1945	20	93	63.0
577	Гострий розсіяний енцефаломієліт	241	2	24	8.0
578	Гострий середній отит	1177	20	66	37.0
579	Гострий тонзиліт	7479	140	347	234.0
580	Гострі лейкози	1001	6	85	30.0
581	Гранульоматозний амебний енцефаліт	30	0	6	1.0
582	Грепафлоксацин	7	0	2	0.0
583	Грижа	2423	37	135	85.0
584	Гризеофульвін	44	0	6	1.0
585	Грип	7302	78	382	258.0
586	Грицюк Олександр Йосипович	42	0	7	1.0
587	Громадське здоров'я	1057	3	72	30.0
588	Громашевська Любов Леонтіївна	9	0	2	0.0
589	Громашевський Лев Васильович	93	0	8	3.0
590	Грудинно-ключично-сосцеподібна артерія	8	0	2	0.0
591	Груднинно-ключично-соскоподібний м'яз	238	0	21	8.5
592	Гуго Шоттмюллер	3	0	1	0.0
593	Гума (патологія)	238	1	16	8.0
594	Гураль Анатолій Леонтійович	8	0	2	0.0
595	Густав Гімза	6	0	3	0.0
596	Ґергард Гансен	14	0	3	1.0
597	Ґрелін	141	0	15	4.0
598	Дабігатран	41	0	8	1.0
599	Дазатиніб	17	0	3	1.0
600	Дакарбазин	35	0	5	1.0
601	Даклатасвір	34	0	11	2.0
602	Даклізумаб	12	0	3	0.0
603	Далекозорість	3114	24	310	75.0
604	Дальтепарин	22	0	6	1.0
605	Данієль Алкідес Карріон	7	0	2	0.5
606	Данієль Елмер Сальмон	5	0	1	0.0
607	Дапсон	40	0	5	1.0
608	Даптоміцин	15	0	2	0.0
609	Дарунавір	10	0	2	0.0
610	ДВЗ-синдром	1434	13	79	46.0
611	Девід Брюс (мікробіолог)	12	0	2	0.0
612	Девід Веттер	97	0	13	3.0
613	Дегідратаційний шок	411	5	30	12.0
614	Дезлоратадин	176	1	12	5.0
615	Декаметоксин	598	10	33	18.0
616	Декваліній	116	0	9	3.0
617	Дексаметазон	2068	40	90	66.0
618	Дексібупрофен	67	0	7	2.0
619	Декскетопрофен	167	1	11	5.0
620	Декслансопразол	75	1	6	3.0
621	Декстрометорфан	218	2	15	7.0
622	Делавірдин	5	0	1	0.0
623	Делірій	1349	23	68	45.0
624	Дельта-клітина	16	0	3	1.0
625	Деменція	3505	63	307	109.0
626	Демієлінізуючі захворювання	562	7	39	15.0
627	Демодекоз	4301	86	211	136.0
628	Деносумаб	79	0	7	3.0
629	Деперсоналізація	878	17	47	27.0
630	Дерматологія	835	11	52	25.0
631	Дерматоміозит	761	10	46	25.0
632	Десвенлафаксин	70	0	7	2.0
633	Десмоїд	177	1	13	6.0
634	Десмопресин	163	0	13	4.5
635	Джгут	1372	8	75	48.0
636	Джеймс К. Стайнер	9	0	2	1.0
637	Джироламо Фракасторо	180	1	17	5.0
638	Джованні Баттіста Грассі	5	0	2	0.0
639	Джозаміцин	59	0	7	2.0
640	Джозеф Лістер	152	0	17	5.0
641	Джон Сноу	90	0	16	2.0
642	Джонатан Гатчінсон	3	0	1	0.0
643	Дивертикуліт	364	5	22	12.0
644	Дигітоксин	184	0	15	6.0
645	Диданозин	10	0	2	0.0
646	Дизартрія	778	9	37	26.0
647	Дизентерія	5837	76	335	192.0
648	Дизопірамід	20	0	5	0.0
649	Дийодтирозин	8	0	1	0.0
650	Дилтіазем	45	0	10	1.0
651	Дименгідринат	78	0	5	2.0
652	Диметилтриптамін	611	11	35	17.0
653	Диметинден	92	0	7	3.0
654	Дипілідіоз	158	1	12	4.0
655	Дипіридамол	161	1	13	5.0
656	Диплопія	308	2	24	9.0
657	Дирофіляріоз	512	8	39	15.0
658	Дисекція шиї	104	0	15	2.5
659	Дислокація мозку	93	0	9	3.0
660	Дисморфофобія	631	3	107	17.0
661	Диспансеризація	1105	11	72	36.0
662	Диспепсія	1266	18	73	44.0
663	Дисфагія	859	9	54	28.0
664	Дисфорія	539	7	39	16.0
665	Дифілоботріоз	710	4	51	22.0
666	Дифтерія	27671	234	1996	747.0
667	Дифузний панбронхіоліт	32	0	3	1.0
668	Дифузний токсичний зоб	1553	23	89	47.0
669	Дихальна недостатність	1213	17	64	39.0
670	Дихання Біота	364	4	23	12.0
671	Дихання Куссмауля	631	5	40	17.0
672	Дихання Чейна — Стокса	664	6	37	21.0
673	Діабетична нефропатія	173	2	12	5.0
674	Діагностична тріада Стімсона	43	0	6	2.0
675	Діагностичний і статистичний посібник з психічних розладів	438	3	32	13.0
676	Діазепам	852	16	41	27.0
677	Діапедез	172	0	16	5.0
678	Діарея	2112	43	96	67.0
679	Діарея мандрівників	324	0	153	6.0
680	Діацереїн	32	0	4	1.0
681	Дієта	4289	34	243	132.0
682	Дієти за Певзнером	256	1	19	8.0
683	Діурез	2085	18	257	52.0
684	Доброякісна гіперплазія передміхурової залози	1935	31	93	63.0
685	Доброякісна пухлина	1564	18	79	51.0
686	Доказова медицина	476	0	52	14.0
687	Доксазозин	130	0	11	4.0
688	Доксепін	78	0	7	2.0
689	Доксиламін	166	1	17	5.0
690	Доксициклін	382	5	19	13.0
691	Долонно-підошовний синдром	42	0	8	1.0
692	Долутегравір	46	0	6	1.0
693	Домінік-Жан Ларрей	56	0	6	2.0
694	Домперидон	141	0	10	4.0
695	Дональд Гендерсон	17	0	3	1.0
696	Допінг-тест	43	0	10	1.0
697	Доріпенем	11	0	2	1.0
698	Доступні ліки	62	0	8	2.0
699	Дофамін	2487	47	139	82.0
700	Дофетилід	35	0	5	1.0
701	Доцетаксел	74	0	6	2.0
702	Дракункульоз	533	3	33	16.0
703	Дробинський Ісаак Рудольфович	0	0	0	0.0
704	Дронедарон	23	0	3	1.0
705	Дротаверин	742	10	40	23.0
706	Друга холерна пандемія	8	0	1	0.5
707	Дуга аорти	382	1	25	11.0
708	Дудченко Іван Степанович	5	0	1	0.0
709	Дулоксетин	132	0	10	4.0
710	Дутастерид	86	0	7	3.0
711	Дяченко Сергій Степанович	19	0	3	1.0
712	Ебастин	30	0	6	1.0
713	Ебола (вірус)	1357	21	76	43.0
714	Еверолімус	43	0	5	1.0
715	Едвард Дженнер	332	4	28	9.0
716	Езомепразол	85	0	7	2.0
717	Езофагіт	642	10	34	21.0
718	Ейфорія	1065	18	46	35.0
719	Екзема	2592	53	125	83.0
720	Екзофтальм	237	2	18	8.0
721	Еконазол	19	0	2	1.0
722	Ексеместан	30	0	4	1.0
723	Екстракорпоральна мембранна оксигенація	46	0	6	1.0
724	Екстрапірамідна система	859	8	60	27.0
725	Екстрастріарна кора	8	0	1	0.5
726	Екстрений медичний реагувальник	63	0	6	2.0
727	Екстрений медичний технік	85	0	8	2.5
728	Елвітегравір	4	0	1	0.0
729	Електрокардіографія	3511	52	177	118.0
730	Електротравма	1955	11	139	66.0
731	Еліс Кетрін Еванс	11	0	2	0.0
732	Емануель Махек	8	0	2	0.0
733	Емболія	1511	21	152	44.0
734	Еметин	11	0	2	0.0
735	Еміль Адольф фон Берінг	62	0	7	2.0
736	Еміль ван Ерменґем	9	0	4	0.0
737	Еміль Шарль Ашар	8	0	2	0.0
738	Емоційно нестабільний розлад особистості	780	10	42	24.0
739	Емтрицитабін	20	0	4	1.0
740	Еналаприл	248	3	16	8.0
741	Ендартеріїт	339	3	28	10.0
742	Ендемічний висипний тиф	439	4	27	13.0
743	Ендемічний поворотний тиф	162	0	13	3.0
744	Ендемія	417	2	27	14.0
745	Ендокардит	971	11	52	33.0
746	Ендокринна хірургія	44	0	6	1.0
747	Ендокринні залози	4939	77	257	156.0
748	Ендорфіни	2168	34	134	69.0
749	Еноксапарин	76	1	7	2.0
750	Еноксацин	1	0	1	0.0
751	Енріке да Роше Ліма	13	0	2	1.0
752	Ентекавір	38	0	4	1.0
753	Ентерит	1068	15	68	38.0
754	Ентерична нервова система	133	1	11	4.0
755	Ентеробіоз	1714	27	106	55.0
756	Ентеровірусні інфекції	1793	30	90	59.0
757	Ентерогастральний гальмівний рефлекс	1	0	1	0.0
758	Ентероколіт	1002	10	61	31.0
759	Ентеросорбент	270	2	18	8.0
760	Енурез	868	8	72	25.0
761	Енфувіртид	4	0	1	0.0
762	Енцефаліт	2426	43	152	74.0
763	Енцефаліт долини Муррея	14	0	3	0.0
764	Енцефаліт Повассан	15	0	3	1.0
765	Енцефаліт Росіо	14	0	2	1.0
766	Енцефаліт Сент-Луїс	16	0	3	0.0
767	Енцефалопатія	2981	46	186	98.0
768	Еозинофілія	2687	36	129	90.0
769	Епідеміологія	1744	20	97	61.0
770	Епідемічний висипний тиф	2382	30	127	79.0
771	Епідемічний паротит	3031	49	162	102.0
772	Епідемічний поворотний тиф	255	2	21	7.0
773	Епідемія	1688	20	84	56.0
774	Епікондиліт	684	11	39	20.0
775	Епірубіцин	23	0	3	1.0
776	Еплеренон	51	0	9	1.0
777	Епросартан	16	0	3	1.0
778	Ептифібатид	13	0	3	0.0
779	Ерадикація інфекційних хвороб	86	0	7	3.0
780	Ерготерапія	1028	13	58	33.0
781	Ерготизм	281	3	20	8.0
782	Ердостеїн	51	0	5	2.0
783	Еризипелоїд	290	2	31	8.0
784	Еритроміцин	306	2	23	10.0
785	Еритропоетин	279	2	22	8.0
786	Ерліхіоз	167	0	27	3.0
787	Ерлотиніб	18	0	2	1.0
788	Ертапенем	23	0	2	1.0
789	Есенціале	464	7	26	14.0
790	Есмолол	29	0	3	1.0
791	Естрадіол	700	8	39	21.0
792	Естрамустин	0	0	0	0.0
793	Есциталопрам	252	0	18	7.0
794	Етамбутол	51	0	5	1.0
795	Етанерцепт	21	0	4	1.0
796	Етацизин	43	0	4	1.0
797	Етифоксин	18	0	3	1.0
798	Етіологія (медицина)	1170	15	59	38.0
799	Етодолак	32	0	4	1.0
800	Етопозид	31	0	3	1.0
801	Еторикоксиб	117	0	7	4.0
802	Етравірин	5	0	1	0.0
803	Етторе Маркіафава	6	0	2	0.0
804	Еутиреоз	185	1	13	6.0
805	Ефавіренз	24	0	4	1.0
806	Ехінокандини	17	0	4	0.0
807	Ехінокок звичайний	1635	16	88	52.0
808	Ехінококоз	1770	27	89	53.0
809	Ехокардіографія	388	3	26	11.0
810	Ешерихіоз	1738	15	105	62.0
811	Європейська рада ресусцитації	35	0	4	1.0
812	Єрсиніоз кишковий	1332	14	106	38.0
813	Єрсинія	241	2	21	7.0
814	Жан Александр Барре	13	3	10	6.5
815	Жан-Луї Петі	40	0	9	1.0
816	Жан-Луї Прево	5	0	1	0.0
817	Жданов Віктор Михайлович	22	0	3	1.0
818	Жовта гарячка	721	7	51	23.0
819	Жовтяниця (медицина)	2286	37	114	75.0
820	Жовчнокам'яна хвороба	1919	16	103	61.0
821	Жозеф-Фредерік-Бенуа Шарр'єр	2	0	1	0.0
822	Жорж Шарль Гієн	12	2	10	6.0
823	Жувальний м'яз	538	4	40	15.0
824	Заболотний Данило Кирилович	774	9	46	25.0
825	Забуті тропічні хвороби	266	2	18	8.0
826	Загальна клубова артерія	214	1	15	5.0
827	Загальна сонна артерія	863	14	43	30.0
828	Задишка	573	10	30	18.0
829	Задній сегмент ока	6	0	2	0.0
830	Задня вушна артерія	18	0	3	1.0
831	Задня мозкова артерія	100	1	13	3.0
832	Закидання голови-виведення підборіддя	28	0	4	1.0
833	Законодавство в екстреній медицині	181	1	16	5.5
834	Залеплон	88	0	11	3.0
835	Зальцитабін	8	0	2	1.0
836	Занамівір	87	0	15	2.0
837	Заочеревинний простір	262	2	21	8.0
838	Запалення	3823	34	216	126.0
839	Запор	1327	24	73	43.0
840	Зарицький Анатолій Минович	6	0	2	0.0
841	Застуда	809	11	49	24.0
842	Західний енцефаломієліт коней	19	0	2	1.0
843	Зв'язка (анатомія)	442	2	26	14.0
844	Звивина	272	1	21	8.0
845	Зворотний гортанний нерв	204	1	18	6.0
846	Здорове харчування	5826	46	329	216.0
847	Зипразидон	22	0	3	1.0
848	Злоякісна анемія	472	6	30	15.0
849	Зміна поведінки (громадське здоров'я)	19	0	3	1.0
850	Знаменський Володимир Олексійович	19	0	4	1.0
851	Зневоднення організму	251	3	16	8.0
852	Зоб (хвороба)	1907	35	102	62.0
853	Зовнішній сітчастий шар	60	0	6	2.0
854	Зовнішня капсула	24	0	3	1.0
855	Зовнішня клубова артерія	152	0	14	4.0
856	Зовнішня сонна артерія	540	5	37	16.0
857	Зовнішня яремна вена	226	2	31	6.0
858	Золпідем	112	0	7	4.0
859	Зонд Сенґстакена — Блекмора	116	0	13	3.0
860	Зооноз	911	7	50	28.0
861	Зопіклон	208	1	15	7.0
862	Зоровий нерв	1337	10	81	40.0
863	Зофеноприл	24	0	3	1.0
864	Зсідання крові	5306	52	302	169.0
865	Зуклопентиксол	28	0	4	1.0
866	Зюков Анатолій Матвійович	14	0	3	0.5
867	Івабрадин	76	0	7	2.0
868	Іванов Вадим Миколайович	14	0	3	0.5
869	Івар Сандстрьом	5	0	2	0.0
870	Ідарубіцин	9	0	1	1.0
871	Ідіопатичний фіброзуючий альвеоліт	363	3	30	10.0
872	Ізоконазол	11	0	3	0.0
873	Ізоксуприн	14	0	3	1.0
874	Ізопреналін	270	0	24	6.0
875	Ізосорбіду динітрат	96	0	10	2.5
876	Ізоспороз	54	0	17	1.0
877	Іматиніб	68	0	10	2.0
878	Іміпенем	85	0	6	3.0
879	Іміпрамін	55	0	6	2.0
880	Імунітет (медицина)	7065	73	404	246.0
881	Імуногістохімія	484	4	38	16.0
882	Інвагінація кишечника	425	2	30	12.0
883	Інгібітори 5-альфа-редуктази	48	0	5	2.0
884	Інгібітори АПФ	1072	10	74	33.0
885	Інгібітори бета-лактамаз	45	0	7	1.0
886	Інгібітори протеази	156	0	15	5.0
887	Інгібітори рецепторів ангіотензину-ІІ	773	9	65	25.0
888	Інгібітори тирозинкінази	61	0	6	2.0
889	Індакатерол	12	0	4	0.0
890	Індапамід	115	1	14	3.0
891	Індинавір	14	0	2	0.0
892	Інозин	199	1	14	6.0
893	Інозин пранобекс	311	2	27	9.0
894	Інститут ендокринології та обміну речовин імені В. П. Комісаренка НАМН України	146	0	13	4.0
895	Інститут медичної реабілітації дітей з ураженням центральної нервової системи імені Януша Корчака	20	0	4	1.0
896	Інститут очних хвороб і тканинної терапії імені В. П. Філатова НАМН України	346	3	18	11.0
897	Інститут тропічної медицини імені Бернгарда Нохта	4	0	1	0.0
898	Інструктор курсів невідкладної допомоги	14	0	4	1.0
899	Інсулін	5630	87	289	178.0
900	Інсулінова помпа	279	1	18	9.0
901	Інсулінома	70	0	8	2.0
902	Інсулінотерапія	149	1	10	5.0
903	Інтерстиційний нефрит	254	2	16	8.0
904	Інтраопераційне гістологічне експрес-дослідження	39	0	4	2.0
905	Інтубація	123	0	9	4.0
906	Інфекційна еритема	441	5	42	13.0
907	Інфекційний мононуклеоз	3899	59	243	129.0
908	Інфекційні захворювання	15340	177	762	551.0
909	Інфекція	3434	39	185	113.0
910	Інфекція, яку спричинює вірус Епштейна — Барр	934	13	50	30.0
911	Інфекція, яку спричинює герпесвірус людини 6-го типу	197	2	13	7.0
912	Інфекція, яку спричинює герпесвірус людини 7-го типу	50	0	7	1.0
913	Інфекція, яку спричинює герпесвірус людини 8-го типу	153	1	12	4.0
914	Інфліксімаб	68	0	7	1.0
915	Іпохондрія	1790	23	136	55.0
916	Іпратропію бромід	155	1	12	4.0
917	Ірбесартан	35	0	4	1.0
918	Іринотекан	36	0	7	1.0
919	Ірит	131	0	11	4.0
920	Ісрадипін	11	0	2	0.5
921	Ітоприд	41	0	5	1.0
922	Ітраконазол	135	1	13	4.0
923	Іфосфамід	42	0	8	1.0
924	Ішемічна хвороба серця	4645	63	268	160.0
925	Ішемічний інсульт	1857	25	190	57.0
926	Ішурія	791	10	43	23.0
927	Йододефіцит	1246	8	90	38.0
928	Кабазитаксел	8	0	3	0.0
929	Каберголін	91	0	6	3.0
930	Календар щеплень	733	6	85	21.0
931	Каліфорнійський енцефаліт	18	0	2	1.0
932	Каліцивірусна інфекція	9	1	5	3.0
933	Кальцитонін	1325	16	70	43.0
934	Кальцитріол	205	1	23	6.0
935	Кампілобактеріоз	357	1	22	10.0
936	Канакінумаб	18	0	4	1.0
937	Каналопатія	43	0	5	2.0
938	Канаміцин	38	0	3	1.0
939	Кандидоз	3120	58	140	104.0
940	Канцерогени	1772	17	102	51.0
941	Капецитабін	82	0	10	2.0
942	Капреоміцин	13	0	2	0.0
943	Каптоприл	359	3	33	11.0
944	Карантин	1717	20	109	57.0
945	Карбамазепін	387	5	19	13.0
946	Карбідопа	34	0	4	1.0
947	Карбоплатин	58	0	7	2.0
948	Карбоцистеїн	158	0	14	5.0
949	Карбункул (хвороба)	1389	21	71	44.0
950	Карведилол	96	0	8	3.0
951	Кардіалгія	168	1	15	5.0
952	Кардіоміопатія	2110	27	109	71.0
953	Кардіохірургія	128	0	9	4.0
954	Карипразин	32	0	10	1.0
955	Карл Вундерліх	4	0	2	0.0
956	Карл Йозеф Еберт	11	0	2	0.5
957	Карл фон Лібермейстер	6	0	1	0.0
958	Карлос Хуан Фінлей	4	0	2	0.0
959	Карлус Шагас	9	0	2	0.0
960	Кармустин	4	0	1	0.0
961	Каролінська університетська лікарня	12	0	3	0.0
962	Каротидний синус	94	1	7	3.0
963	Карфентаніл	95	0	7	3.0
964	Карциноїд	136	0	13	3.0
965	Карциноїдний синдром	127	1	9	4.0
966	Карцинома	4662	99	192	154.0
967	Каспофунгін	38	0	5	1.0
968	Катаракта	1799	22	103	54.0
969	Катастрофічний антифосфоліпідний синдром	57	0	10	2.0
970	Кафедра патологічної фізіології Національного медичного університету імені О. О. Богомольця	19	0	3	1.0
971	Кашель	1039	16	51	34.0
972	Кашлюк	3746	71	183	117.0
973	Кветіапін	202	2	11	6.0
974	Квінаприл	17	0	3	0.0
975	Келвін Леунг	0	0	0	0.0
976	Кератит	762	8	50	23.0
977	Кертіс Лестер Мендельсон	6	0	3	0.0
978	Кесонна хвороба	890	12	51	27.0
979	Кетоацидоз	638	5	38	22.0
980	Кетоконазол	239	1	15	8.0
981	Кетопрофен	195	2	11	6.0
982	Кеторолак	183	2	13	5.0
983	Кетотифен	161	0	14	5.0
984	Київська міська психіатрична лікарня	674	11	40	20.0
985	Київське обласне психіатрично-наркологічне медоб'єднання	249	2	19	7.0
986	Київський міський клінічний госпіталь ветеранів війни	190	1	13	6.0
987	Кила Шморля	1095	13	57	35.0
988	Кишенькова маска	21	0	2	1.0
989	Кишечник	3171	50	164	100.0
990	Кишкова непрохідність	2364	24	123	81.0
991	Кільця Кайзера — Флайшера	78	1	7	2.0
992	Кінезітерапія	1034	14	66	33.0
993	Кіоші Шига	58	0	7	2.0
994	Кір	6423	89	312	213.0
995	Кіркова речовина надниркової залози	384	2	27	11.0
996	Кіста	2037	35	87	67.0
997	Кіста зябрової дуги	18	0	4	1.0
998	Кісточка (анатомія)	393	5	20	14.0
999	Кітасато Сібасабуро	19	0	3	0.0
1000	Кіфоз	1383	14	100	39.0
1001	Клавдій Гален	577	6	36	19.0
1002	Клавуланова кислота	205	1	14	7.0
1003	Кладрибін	21	0	5	1.0
1004	Кларитроміцин	289	2	18	9.0
1005	Класифікація кровотеч за Форестом	623	3	40	20.0
1006	Кластер захворювання	15	0	3	1.0
1007	Клемастин	31	0	4	1.0
1008	Кленбутерол	158	1	13	4.0
1009	Кліндаміцин	196	1	13	6.0
1010	Клініка (медичний заклад)	262	1	16	8.0
1011	Клінічна лікарня «Феофанія»	824	10	103	22.0
1012	Клінічна настанова	64	0	8	2.0
1013	Клінічний аналіз крові	1721	27	94	56.0
1014	Клінічний аналіз сечі	1814	21	115	64.0
1015	Кліщовий висипний тиф Північної Азії	82	0	9	2.5
1016	Кліщовий енцефаліт	1654	25	98	50.0
1017	Кліщовий пароксизмальний рикетсіоз	23	0	4	1.0
1018	Клозапін	243	1	85	3.5
1019	Клоксацилін	25	0	3	1.0
1020	Кломіпрамін	77	1	5	2.0
1021	Клоназепам	189	1	16	6.0
1022	Клонорхоз	125	0	8	4.0
1023	Клонус	148	2	11	4.0
1024	Клотримазол	499	7	31	15.0
1025	Клофазимін	30	0	4	1.0
1026	Ключиця	860	13	55	27.0
1027	Клятва Гіппократа	1166	18	74	37.0
1028	Коагулограма	1821	22	92	61.0
1029	Коагулопатія	260	3	23	7.0
1030	Козько Володимир Миколайович	21	0	5	1.0
1031	Коксиби	97	0	10	3.0
1032	Колапс (медицина)	2372	28	141	81.0
1033	Колінний суглоб	1990	32	103	56.0
1034	Колінчастий вузол	34	0	6	1.0
1035	Колістин	96	0	9	3.0
1036	Коліт	1333	24	80	42.0
1037	Колоноскопія	1777	22	204	51.0
1038	Колорадська кліщова гарячка	27	0	4	1.0
1039	Колоректальний рак	1123	19	60	35.0
1040	Кома (медицина)	2291	40	117	75.0
1041	Комісаренко Ігор Васильович	62	0	6	2.0
1042	Конваллятоксин	11	0	2	1.0
1043	Конверсія (психологія)	70	0	6	2.0
1044	Контагіозність	222	2	13	7.0
1045	Контактний механізм передачі інфекції	1082	12	87	29.0
1046	Контрактура Дюпюїтрена	504	2	29	15.0
1047	Конча-Заспа (санаторій)	132	1	14	3.0
1048	Кора головного мозку	2824	46	160	82.0
1049	Корбініан Бродман	12	0	2	0.0
1050	Корглікон	264	1	17	8.0
1051	Коров'яча віспа	302	3	18	9.0
1052	Корона голівки члена	305	2	18	10.0
1053	Коронавірусна інфекція	149	0	12	4.0
1054	Коронарна недостатність	312	1	28	9.0
1055	Короста	5283	103	238	167.0
1056	Короткозорість	4130	53	397	88.0
1057	Кортизол	2122	32	115	71.0
1058	Кортизон	402	6	21	13.0
1059	Кортикальний гомункулус	195	1	28	5.0
1060	Корчак-Чепурківський Овксентій Васильович	177	0	50	3.0
1061	Косоокість	659	9	37	20.0
1062	Крайня капсула	6	0	2	0.0
1063	Крайня плоть	992	17	50	32.0
1064	Краніофарингіома	139	0	34	3.0
1065	Краснуха	3211	50	149	99.0
1066	Крелін Юлій Зусманович	0	0	0	0.0
1067	Крим-Конго геморагічна гарячка	208	2	18	5.0
1068	Криптококоз	195	0	21	5.0
1069	Криптоспоридіоз	118	0	10	4.0
1070	Крістоф Вільгельм Гуфелянд	26	0	3	1.0
1071	Кров'яний тиск	1548	24	76	52.0
1072	Кронтовський Олексій Антонінович	14	0	5	0.0
1073	Кропив'янка (хвороба)	3861	92	166	122.0
1074	Круп	2032	31	111	64.0
1075	Ксантелазма	325	3	24	10.0
1076	Ксантома	317	4	23	10.0
1077	Ксипамід	33	0	4	1.0
1078	Ку-гарячка	392	2	33	11.0
1079	Кульшовий суглоб	1287	15	69	44.0
1080	Курортологія	102	0	12	3.0
1081	Куру (хвороба)	809	9	75	22.0
1082	Куряча сліпота (хвороба)	1212	21	65	38.0
1083	Лабеталол	174	1	14	5.0
1084	Лагофтальм	118	0	8	3.0
1085	Лазарет	128	0	11	3.0
1086	Лакосамід	17	0	2	1.0
1087	Лакунарний інсульт	307	2	28	9.0
1088	Ламівудин	43	0	6	1.0
1089	Ламотригін	107	0	10	3.5
1090	Ланатозид C	33	0	3	1.0
1091	Лансопразол	71	0	8	2.0
1092	Ланцюг виживання	501	1	42	18.0
1093	Лапатиніб	18	0	3	1.0
1094	Лаппаконітину гідробромід	23	0	5	1.0
1095	Ларингіт	3865	76	185	120.0
1096	Ларингоспазм	662	11	35	21.0
1097	Латамоксеф	9	0	1	0.5
1098	Лацидипін	7	0	2	0.0
1099	Левамізол	156	1	12	5.0
1100	Леветирацетам	90	0	8	3.0
1101	Леводопа	306	2	26	9.0
1102	Леводопа/карбідопа	22	0	5	1.0
1103	Левомепромазин	29	0	8	1.0
1104	Леворин	39	0	6	1.0
1105	Левотироксин	200	1	12	6.0
1106	Левофлоксацин	385	4	25	10.0
1107	Левоцетиризин	173	1	12	5.0
1108	Легенева гіпертензія	793	11	44	26.0
1109	Легеневе серце	1408	10	89	43.0
1110	Легіонельоз	604	8	35	20.0
1111	Ледіпасвір	38	0	12	1.0
1112	Лейкемічний провал	224	1	14	8.0
1113	Лейкоз	4431	75	218	150.0
1114	Лейкоцитарна формула	1042	11	70	33.0
1115	Лейоміома	359	5	21	11.0
1116	Лейпрорелін	37	0	8	1.0
1117	Лейшманіози	1213	12	74	37.0
1118	Лектини С-типу	8	0	3	0.0
1119	Ленограстим	10	0	4	0.5
1120	Лепрозорій	253	2	16	8.0
1121	Лептин	440	3	42	13.0
1122	Лептоспіроз	2757	42	146	84.0
1123	Лерканідипін	43	0	4	1.0
1124	Летаргічний енцефаліт	240	2	28	6.0
1125	Летрозол	68	0	8	2.0
1126	Лефлуномід	49	0	15	1.0
1127	Леш Федір Олександрович	24	0	5	1.0
1128	Лихоманка	23	0	3	1.0
1129	Лицева артерія	180	1	13	6.0
1130	Лицевий нерв	1592	20	87	53.0
1131	Лікар	1445	17	83	45.0
1132	Лікар-ендокринолог	1902	29	98	60.0
1133	Лікарня	785	12	51	22.0
1134	Лікарня відновного лікування Міністерства внутрішніх справ України	378	2	27	12.0
1135	Лікарська рослина	1367	19	82	42.0
1136	Лікарський збірник	16	0	3	0.5
1137	Лікарські засоби	2730	43	139	86.0
1138	Ліктьовий суглоб	379	2	29	11.0
1139	Лімфангіт	210	1	18	6.0
1140	Лімфатичні філяріїдози	48	0	6	1.0
1141	Лімфогранулематоз	2376	34	126	72.0
1142	Лімфома	1295	20	64	42.0
1143	Лімфома Беркітта	250	3	16	8.0
1144	Лімфома щитоподібної залози	38	0	4	1.0
1145	Лімфорея	76	0	7	2.0
1146	Лімфоцитарний хоріоменінгіт	66	0	9	2.0
1147	Лімфоцитоз	578	8	32	20.0
1148	Ліндеман Володимир Карлович	26	0	4	1.0
1149	Лінезолід	134	0	10	4.0
1150	Лінкозаміди	107	0	13	2.0
1151	Лінкоміцин	696	10	47	21.0
1152	Лістеріоз	432	1	35	13.0
1153	Літотрипсія	315	1	22	10.0
1154	Лоаоз	71	0	7	2.0
1155	Лобова частка (мозок)	1029	9	63	31.0
1156	Лобово-скронева деменція	20	0	2	1.0
1157	Ловастатин	84	0	7	2.0
1158	Локсапін	7	0	2	0.0
1159	Ломефлоксацин	22	0	2	1.0
1160	Лопатка	559	2	39	17.0
1161	Лоперамід	334	2	19	12.0
1162	Лопінавір	6	0	2	0.0
1163	Лопінавір/Ритонавір	18	0	2	1.0
1164	Лоразепам	154	0	10	5.0
1165	Лорноксикам	92	0	10	2.0
1166	Луї Пастер	1469	25	81	49.0
1167	Люмбальна пункція	1267	11	69	44.0
1168	Лямбліоз	2327	34	139	73.0
1169	М'язова атрофія	868	6	51	28.0
1170	М'який шанкр	514	5	35	15.0
1171	Магнітно-резонансна томографія	3609	55	172	119.0
1172	Майкл Елліс ДеБейкі	34	0	5	1.0
1173	Макроглобулінемія Вальденстрема	170	0	13	5.0
1174	Макроліди	738	6	45	24.0
1175	Малеїн	2	0	1	0.0
1176	Малогомілкова кістка	242	3	17	7.0
1177	Малярія	7928	100	451	276.0
1178	Мапротилін	22	0	2	1.0
1179	Маравірок	6	0	2	0.0
1180	Маревний паразитоз	163	1	14	5.0
1181	Марі Буавен	4	0	2	0.0
1182	Марк Фредерік Бойд	55	0	9	2.0
1183	Марсельська гарячка	188	1	22	4.0
1184	Масаж	2007	35	103	64.0
1185	Мастит	1242	22	75	37.0
1186	Мастоїдит	522	8	29	17.0
1187	Мастопатія	2058	34	102	69.0
1188	Меатотомія	37	0	5	1.0
1189	Мебеверин	119	0	9	4.0
1190	Мебендазол	202	3	20	5.0
1191	Мебікар	458	8	27	14.0
1192	Мегестрол	31	0	4	1.0
1193	Медазепам	33	0	4	1.0
1194	Медаль Менсона	0	0	0	0.0
1195	Медицина	3472	52	169	123.0
1196	Медицина подорожей та хвороб мандрівників	68	0	7	1.5
1197	Медична акустика	542	7	34	17.0
1198	Медична діагностика	1349	8	78	46.0
1199	Медичне сортування	1022	4	72	34.0
1200	Медичне страхування	1451	17	86	41.0
1201	Медичний факультет Київського імператорського університету Святого Володимира	307	1	38	7.0
1202	Медроксипрогестерон	35	0	11	1.0
1203	Медулярний рак щитоподібної залози	373	3	22	12.0
1204	Мексилетин	29	0	3	1.0
1205	Меланома	1672	29	78	56.0
1206	Мелатонін	2108	35	99	70.0
1207	Меліоїдоз	75	0	6	3.0
1208	Мелперон	28	0	6	1.0
1209	Мелфалан	25	0	7	1.0
1210	Мельдоній	616	9	34	19.0
1211	Менінгеальний синдром	427	2	29	13.0
1212	Менінгеальні симптоми	1116	7	69	40.0
1213	Менінгізм	244	1	20	7.0
1214	Менінгіт	5254	106	277	167.0
1215	Менінгокок	526	3	32	16.0
1216	Менінгококова інфекція	3497	36	189	123.0
1217	Меніск (анатомія)	1853	37	89	60.0
1218	Менопауза	1176	22	57	36.0
1219	Менструальні розлади	155	17	79	29.5
1220	Меркаптопурин	34	0	7	1.0
1221	Меропенем	70	0	6	2.0
1222	Месна	17	0	2	1.0
1223	Метаболізм лікарських засобів	424	2	31	12.0
1224	Метагонімоз	7	1	3	3.0
1225	Метаквалон	214	2	15	6.0
1226	Метапневмовірусна інфекція	41	0	4	1.5
1227	Метастаз	1182	11	108	35.0
1228	Метастронгільоз	64	0	6	3.0
1229	Метациклін	39	0	4	1.0
1230	Метилпреднізолон	185	1	14	5.0
1231	Метилфенідат	505	7	36	16.0
1232	Метицилін	49	0	5	2.0
1233	Метод Сельдінгера	247	1	24	6.0
1234	Метоклопрамід	458	6	25	15.0
1235	Метоксифлуран	44	0	5	1.0
1236	Метопролол	160	0	11	5.0
1237	Метотрексат	411	4	37	12.0
1238	Метформін	608	7	31	19.0
1239	Мефедрон	2223	45	98	71.0
1240	Мефлохін	24	0	4	1.0
1241	Механізм передачі інфекції	1946	18	101	63.0
1242	Механотерапія	349	1	35	9.0
1243	Мечников Ілля Ілліч	3551	65	242	101.0
1244	Мигдалики	2142	31	106	66.0
1245	Миготіння передсердь	788	7	52	25.0
1246	Миготіння шлуночків	318	1	24	9.0
1247	Міансерин	91	0	11	2.5
1248	Мігрень	3347	72	144	107.0
1249	Мідазолам	95	0	8	3.0
1250	Мідекаміцин	31	0	5	1.0
1251	Мідріаз	486	6	26	15.0
1252	Мієліт	257	0	27	8.0
1253	Мієлодиспластичні синдроми	90	1	9	3.0
1254	Мієломна хвороба	1424	18	76	49.0
1255	Міжнародна класифікація функціонування, обмеження життєдіяльності та здоров’я (МКФ)	800	2	109	22.0
1256	Міжнародне агентство з дослідження раку	40	0	5	1.0
1257	Міжнародне нормалізоване відношення	1381	13	79	42.0
1258	Міжнародний класифікатор хвороб	2264	27	127	73.0
1259	Міжнародні медико-санітарні правила 2005 року	195	1	19	5.0
1260	Міжхребцева кила	3031	61	124	99.0
1261	Міжхребцевий диск	805	10	63	24.0
1262	Мікафунгін	12	0	2	0.5
1263	Міконазол	94	0	9	2.0
1264	Мікоплазмоз урогенітальний	898	9	54	32.0
1265	Мікофенолова кислота	29	0	4	1.0
1266	Мікроцефалія	479	6	27	13.0
1267	Мікседема	857	9	61	27.0
1268	Мілнаципран	38	0	7	1.0
1269	Мінералокортикоїди	396	4	24	12.0
1270	Міноксидил	699	11	57	21.0
1271	Мінх Григорій Миколайович	60	0	8	2.0
1272	Мінцер Озар Петрович	65	0	6	2.0
1273	Міозит	1159	17	58	37.0
1274	Міома матки	2274	40	99	80.0
1275	Міопатія	1149	10	220	29.0
1276	Міофасціальний больовий синдром	356	4	23	10.0
1277	Міртазапін	183	2	12	5.0
1278	Мітоксантрон	10	0	3	0.0
1279	Мітоміцин	7	0	1	0.0
1280	МКХ-10: Клас I. Деякі інфекційні та паразитарні хвороби (A)	580	3	31	21.0
1281	МКХ-10: Клас I. Деякі інфекційні та паразитарні хвороби (B)	844	4	54	29.0
1282	МКХ-10: Клас V. Розлади психіки та поведінки	3402	56	168	117.0
1283	МКХ-10: Клас VI. Хвороби нервової системи	2564	27	136	90.0
1284	МКХ-10: Клас VII. Хвороби ока та його придаткового апарату	1350	8	87	49.0
1285	МКХ-10: Клас VIII. Хвороби вуха та соскоподібного відростка	672	4	58	22.0
1286	МКХ-10: Клас XVI. Окремі стани, що виникають в перинатальному періоді	624	2	49	19.0
1287	МКХ-10: Клас XVII. Вроджені вади розвитку, деформації та хромосомні аномалії	1657	8	92	64.0
1288	Множинна ендокринна неоплазія	91	0	8	2.0
1289	Множинна ендокринна неоплазія тип 1	40	0	8	1.0
1290	Множинна ендокринна неоплазія тип 2А	26	0	3	1.0
1291	Множинна ендокринна неоплазія тип 2Б	31	0	3	1.0
1292	Мобільний армійський хірургічний шпиталь	7	0	2	0.0
1293	Модафініл	140	3	30	23.0
1294	Моексиприл	5	0	3	0.0
1295	Мозкова речовина надниркової залози	283	2	26	8.0
1296	Мозковий кровообіг	913	8	76	26.0
1297	Мозолисте тіло	544	6	30	18.0
1298	Моксифлоксацин	110	0	9	3.0
1299	Монобактами	107	0	14	3.0
1300	Монойодтирозин	0	0	0	0.0
1301	Моноклональні антитіла	621	9	43	19.0
1302	Монтелукаст	124	1	9	4.0
1303	Морацизин	11	0	2	1.0
1304	Морська хвороба	228	2	17	8.0
1305	Мосаприд	17	0	2	0.5
1306	Мочутковський Йосип Йосипович	16	0	3	1.0
1307	Моямоя	119	0	12	3.0
1308	Муковісцидоз	4310	64	276	128.0
1309	Мукормікоз	85	1	8	3.0
1310	Мупіроцин	82	0	9	2.0
1311	Мутизм	324	1	31	10.0
1312	Набряк	1146	17	65	35.0
1313	Набряк Квінке	3628	61	200	120.0
1314	Набряк легень	1463	19	77	48.0
1315	Набуметон	53	0	5	2.0
1316	Набутий імунітет	725	4	55	23.0
1317	Надгортанник	331	1	23	10.0
1318	Надіфлоксацин	4	0	1	0.0
1319	Надлопаткова артерія	28	0	4	1.0
1320	Надлопаткова вена	4	0	1	0.0
1321	Надниркова залоза	4024	55	209	137.0
1322	Надолол	12	0	3	0.0
1323	Надп'яткова кістка	222	1	16	7.0
1324	Надп'ятково-гомілковий суглоб	731	12	44	22.0
1325	Надропарин	47	0	6	1.0
1326	Налбуфін	394	2	39	12.0
1327	Налідиксова кислота	38	0	5	1.0
1328	Налорфін	57	0	4	2.0
1329	Нанофієтоз	11	3	5	3.0
1330	Напроксен	256	2	18	7.0
1331	Наталізумаб	44	0	7	1.5
1332	Натаміцин	85	1	6	2.5
1333	Натан Едвін Брілл	6	0	2	0.0
1334	Натрію пікосульфат	54	1	6	2.0
1335	Натуральна віспа	2965	53	146	94.0
1336	Науково-практичний центр профілактичної та клінічної медицини Державного управління справами	172	0	21	5.0
1337	Нафтифін	41	0	6	1.0
1338	Національна асоціація екстрених медичних техніків	145	1	16	4.0
1339	Національний інститут раку (Україна)	453	5	43	12.0
1340	Національний музей медицини України	185	1	11	6.0
1341	Національний реєстр екстрених медичних техніків (США)	5	0	1	0.0
1342	Небіволол	149	1	15	4.0
1343	Невірапін	8	0	2	0.0
1344	Неврит	933	13	51	27.0
1345	Неврома	63	0	5	2.0
1346	Негоджкінська лімфома	879	11	47	27.0
1347	Негоспітальна пневмонія	509	6	29	16.0
1348	Нежить	1671	31	77	55.0
1349	Нейробластома	211	2	21	6.0
1350	Нейродерміт	830	11	42	26.0
1351	Нейроендокринна пухлина	214	0	19	6.0
1352	Нейроінфекції	837	11	58	24.0
1353	Нейропатія	702	8	41	21.0
1354	Нейрофіброматоз	523	1	36	16.0
1355	Нейрофіброматоз І типу	269	1	24	8.0
1356	Нейрофіброматоз II типу	64	0	7	2.0
1357	Некробацильоз	35	0	8	1.0
1358	Некроз	1913	32	88	63.0
1359	Некротичний фасциїт	2	0	1	0.0
1360	Нелфінавір	3	0	1	0.0
1361	Немоноксацин	6	0	2	0.0
1362	Ненуклеозидні інгібітори зворотньої транскриптази	24	0	4	1.0
1363	Неоміцин	126	1	9	3.0
1364	Непарна щитоподібна артерія	53	0	6	2.0
1365	Нервова анорексія	1005	15	89	29.0
1366	Нервова система	11977	105	1187	326.0
1367	Нервовий вузол	560	6	33	17.0
1368	Нереверсивна маска	61	0	10	2.0
1369	Неспецифічний виразковий коліт	1409	21	88	43.0
1370	Несправжній суглоб	184	0	16	5.5
1371	Нетилміцин	14	0	3	0.0
1372	Нефопам	26	0	5	1.0
1373	Нефротичний синдром	765	5	44	23.0
1374	Нецукровий діабет	976	12	59	30.0
1375	Нещадименко Марко Петрович	22	0	6	0.0
1376	Нижня щитоподібна артерія	61	0	6	2.0
1377	Нижня щитоподібна вена	10	0	1	1.0
1378	Низько-диференційований рак щитоподібної залози	70	0	10	2.0
1379	Нізатидин	9	0	1	1.0
1380	Нікардипін	26	0	5	1.0
1381	Ніклас Сальгрен	1	0	1	0.0
1382	Нікольський Петро Васильович	7	0	2	0.0
1383	Нікорандил	25	0	7	1.0
1384	Ніктурія	301	2	28	8.0
1385	Нілотиніб	5	0	2	0.0
1386	Нільс Алвалл	2	0	1	0.0
1387	Німесулід	500	6	24	17.0
1388	Німодипін	38	0	4	1.0
1389	Німоразол	19	0	3	1.0
1390	Німотузумаб	25	0	6	1.0
1391	Ністагм	913	12	44	29.0
1392	Нітразепам	149	0	17	4.0
1393	Нітрендипін	17	0	4	0.0
1394	Нітроксолін	485	4	34	14.0
1395	Нітрофурани	412	3	33	13.0
1396	Нітрофурантоїн	119	1	10	4.0
1397	Ніфедипін	270	2	27	8.0
1398	Ніфурател	63	0	8	2.0
1399	Ніфуроксазид	532	9	34	17.0
1400	Нобелівська премія з фізіології або медицини	355	5	26	11.0
1401	Новоутворення ендокринних залоз	68	0	5	2.0
1402	Нога людини	1162	19	84	36.0
1403	Ножиці атравматичні	16	0	2	0.0
1404	Нозологія	739	8	40	24.0
1405	Нокардіоз	74	0	6	2.0
1406	Нома	176	1	12	5.0
1407	Норовірусна інфекція	223	0	33	5.0
1408	Норфлоксацин	92	0	7	3.0
1409	Носова канюля	36	0	12	1.0
1410	Носова кровотеча	557	8	26	19.0
1411	Нудота	466	7	26	14.0
1412	Нуклеозидні інгібітори зворотньої транскриптази	54	0	8	1.0
1413	Нюховий горбок	28	0	4	1.0
1414	О'ньйонг'ньйонг	17	0	3	1.0
1415	Обідкова частка	31	0	4	1.0
1416	Обінутузумаб	5	0	2	0.0
1417	Обличчя великої панди (ознака)	9	0	3	0.5
1418	Образцов Василь Парменович	159	0	16	4.0
1419	Обрамлене застереження	29	0	3	1.0
1420	Огорожа (анатомія)	35	0	4	1.0
1421	Одеська обласна клінічна лікарня	32	0	3	1.0
1422	Ожиріння в Україні	64	0	10	2.0
1423	Окоруховий нерв	585	6	40	17.0
1424	Оксаліплатин	62	0	7	2.0
1425	Оксацилін	105	0	15	3.0
1426	Оксибутинін	38	0	7	1.0
1427	Оксиками	36	0	4	1.0
1428	Оксикодон	358	4	18	12.0
1429	Оксиконазол	10	0	3	0.0
1430	Окситоцин	2007	35	108	62.0
1431	Окскарбазепін	30	0	3	1.0
1432	Окспренолол	18	0	4	1.0
1433	Оланзапін	95	0	10	3.0
1434	Олеандоміцин	26	0	4	1.0
1435	Олігурія	581	5	39	19.0
1436	Олмесартан	39	0	5	1.0
1437	Олопатадин	23	0	3	1.0
1438	Омалізумаб	33	0	4	1.0
1439	Омепразол	767	18	42	23.0
1440	Омнопон	136	0	12	4.0
1441	Омоконазол	9	0	1	0.0
1442	Онейроїд	200	0	15	6.0
1443	Оніхофагія	81	1	8	2.0
1444	Онкологія	982	14	51	32.0
1445	Онкоцит	20	0	3	1.0
1446	Онхоцеркоз	114	1	9	3.0
1447	Операція Бенталла	0	0	0	0.0
1448	Операція Крайля	272	1	29	6.0
1449	Оперізуючий герпес	9097	200	380	293.0
1450	Опікова хвороба	661	5	44	20.0
1451	Опіковий шок	713	6	61	19.0
1452	Опісторхоз	1420	19	85	44.0
1453	Опортуністична інфекція	485	3	38	15.0
1454	Орієнтовний перелік основних лікарських засобів, розроблений ВООЗ	136	1	9	4.0
1455	Орнідазол	254	4	17	8.0
1456	Орнітоз	844	7	61	26.0
1457	Орхіт	417	5	22	14.0
1458	Орципреналін	47	0	7	1.0
1459	Остеопороз	2057	36	108	66.0
1460	Остеосинтез	252	1	23	9.0
1461	Острівцева кора	152	1	15	4.0
1462	Осьовий хребець	328	4	22	9.0
1463	Отопластика	106	0	8	3.0
1464	Отруєння	4137	45	228	139.0
1465	Отруєння грибами	736	7	44	21.0
1466	Отруєння етиловим спиртом	461	4	28	13.0
1467	Отто Обермаєр	2	0	1	0.0
1468	Офатумумаб	6	0	1	0.0
1469	Офлоксацин	185	1	12	6.0
1470	Офтальмологія	1054	16	51	29.0
1471	Офтальмоплегія	155	0	14	4.5
1472	Очеревина	804	9	42	25.0
1473	Очерки гнойной хирургии	26	0	8	1.0
1474	Очна артерія	76	0	7	3.0
1475	Очна ямка	355	3	35	10.0
1476	П'єр Фідель Бретонно	18	0	3	1.0
1477	П'єр-Шарль Александр Луї	12	0	2	0.0
1478	П'ята холерна пандемія	4	0	1	0.0
1479	П'яткова кістка	153	1	13	4.0
1480	Падалка Борис Якович	27	0	4	1.0
1481	Паклітаксел	104	1	11	3.0
1482	Паліперидон	44	0	14	1.0
1483	Панарицій	1041	14	57	34.0
1484	Пандемія	1251	15	66	41.0
1485	Пандемія грипу H1N1 (2009)	78	0	9	2.5
1486	Пандемія хвороби, яку спричинює вірус Зіка	30	0	5	1.0
1487	Панкреатична нейроендокринна пухлина	37	0	5	1.0
1488	Пантопразол	322	2	25	11.0
1489	Панцитопенія	330	2	20	11.0
1490	Папілома	1609	31	74	50.0
1491	Папілярний рак щитоподібної залози	633	7	40	18.0
1492	Парааміносаліцилова кислота	50	0	7	1.0
1493	Парагангліома	54	0	4	2.0
1494	Парагонімоз	152	0	13	5.0
1495	Парагрип	1071	12	73	31.0
1496	Паразитарна інвазія	679	5	47	21.0
1497	Параліч	826	9	47	28.0
1498	Парамедик	478	7	44	14.0
1499	Паранеопластичний синдром	327	2	28	10.0
1500	Парапроктит	2135	39	103	67.0
1501	Паратгормон	1746	25	94	58.0
1502	Паратиреоїдектомія	35	0	4	1.0
1503	Паратифи	568	1	30	20.0
1504	Паратонзилярний абсцес	1486	23	79	49.0
1505	Паращитоподібна залоза	1051	12	81	33.0
1506	Парвовірус В19	360	2	25	10.0
1507	Парекоксиб	24	0	5	1.0
1508	Парентеральне введення	1514	19	81	48.0
1509	Пароксетин	188	1	14	5.0
1510	Пароксизм	281	1	15	9.0
1511	Пароксизмальна тахікардія	1375	19	71	45.0
1512	Паромоміцин	14	0	2	1.0
1513	Паротит	523	6	43	14.0
1514	Парфанович Софія	30	0	3	1.0
1515	Патісіран	11	0	3	0.0
1516	Патогенез	802	12	53	25.0
1517	Патогенез бічного аміотрофічного склерозу	25	0	4	1.0
1518	Патогномонічний симптом	234	1	18	7.0
1519	Патологічна анатомія	676	9	36	22.0
1520	Патрік Менсон (паразитолог)	12	0	4	0.0
1521	Пауль Лангерганс	24	0	4	1.0
1522	Пахвинна зв'язка	301	2	19	9.0
1523	Пахвинний канал	907	6	64	29.0
1524	Пахвова артерія	113	1	9	4.0
1525	Пахвова вена	49	0	7	2.0
1526	Пахова гранульома	290	3	18	9.0
1527	Пегільований інтерферон альфа-2а	88	0	10	2.0
1528	Пегільований інтерферон альфа-2b	27	0	3	1.0
1529	Пегфілграстим	22	0	5	0.0
1530	Педикульоз	2368	32	113	78.0
1531	Пелещук Анатолій Петрович	8	0	2	0.0
1532	Пембролізумаб	94	0	10	2.0
1533	Пеметрексед	52	0	8	1.5
1534	Пенетрація (медицина)	455	3	28	14.0
1535	Пеніцилін	2855	54	159	93.0
1536	Пентазоцин	68	0	12	2.0
1537	Пентамідин	30	0	4	1.0
1538	Пентобарбітал	187	0	17	5.0
1539	Пентоксифілін	284	2	20	10.0
1540	Пенцикловір	35	0	5	1.0
1541	Пептична виразка	1494	21	94	45.0
1542	Первинний амебний менінгоенцефаліт	55	0	6	2.0
1543	Передменструальний синдром	2726	65	114	89.0
1544	Передня мозкова артерія	63	0	5	1.0
1545	Передня яремна вена	83	0	13	2.0
1546	Передсердний натрійуретичний фактор	331	1	17	11.0
1547	Передчасна еякуляція	1092	22	49	34.0
1548	Переливання крові	3946	48	226	138.0
1549	Перелік інфекційних хвороб людини	4739	49	250	171.0
1550	Перелік курсів екстреної медичної допомоги	20	0	2	1.0
1551	Перелік паразитарних хвороб людини	667	3	45	23.0
1552	Переломи кісток	4551	50	237	158.0
1553	Перикардит	880	12	51	28.0
1554	Перитоніт	2683	34	170	91.0
1555	Періодонтоз	825	5	47	25.0
1556	Перкусія	844	8	53	27.0
1557	Пероральний прийом лікарських засобів	1827	40	89	56.0
1558	Перстнещитоподібна артерія	3	0	1	0.0
1559	Пертузумаб	16	0	2	1.0
1560	Перша холерна пандемія	22	0	9	1.0
1561	Петер Крауснекер	6	0	2	0.0
1562	Петехія	455	3	33	14.0
1563	Пефлоксацин	20	0	2	1.0
1564	Печериста пазуха	153	1	10	5.0
1565	Печінка	7757	92	562	241.0
1566	Печінкова недостатність	1227	13	75	40.0
1567	Печія	960	18	60	30.0
1568	Пирогов Микола Іванович	2248	33	190	66.0
1569	Півкулі головного мозку	1740	24	114	54.0
1570	Під'язикова артерія	20	0	3	1.0
1571	Підвисоцький Володимир Валеріанович	105	0	24	3.0
1572	Підвішуюча зв'язка щитоподібної залози	2	0	2	0.0
1573	Підключична артерія	478	3	31	15.0
1574	Підключична вена	102	1	7	3.0
1575	Підотимод	21	0	4	1.0
1576	Підпід'язикова артерія	5	0	2	0.0
1577	Підшкірна ін'єкція	1353	20	101	40.0
1578	Підшкірний мансонельоз	39	0	4	1.0
1579	Підшкірні філяріїдози	21	0	3	1.0
1580	Пієлонефрит	3501	42	192	108.0
1581	Пімозид	16	0	2	1.0
1582	Піндолол	20	0	3	1.0
1583	Пінеалобластома	3	0	3	0.0
1584	Пінеалома	20	0	3	1.0
1585	Пінта (хвороба)	70	0	7	2.0
1586	Піодермія	1618	26	89	47.0
1587	Піпемідова кислота	22	0	2	1.0
1588	Піперазин	158	0	11	5.0
1589	Піперацилін	40	0	6	1.0
1590	Піразинамід	61	0	7	2.0
1591	Пірамідна система	729	8	45	22.0
1592	Пірантел	170	2	15	5.0
1593	Пірибедил	14	0	2	1.0
1594	Піріметамін	20	0	2	1.0
1595	Піріметамін/сульфадоксин	13	0	3	1.0
1596	Пірліндол	13	0	3	0.0
1597	Піроксикам	49	0	4	2.0
1598	Пітавастатин	19	0	5	1.0
1599	Пітуіцитома	12	0	2	1.0
1600	Плазмодій	3666	46	211	111.0
1601	Платифілін	286	4	13	9.0
1602	Плеврит	3572	50	230	120.0
1603	Плевромутилін	21	0	4	1.0
1604	Плечеголовна вена	87	0	8	2.0
1605	Плечоголовний стовбур	95	0	12	3.0
1606	Пліометрика	73	0	7	2.0
1607	Плоска бородавка	89	0	9	3.0
1608	Плоскоклітинна карцинома щитоподібної залози	55	0	7	1.0
1609	Пляма (висип)	224	1	15	7.0
1610	Плямиста гарячка Скелястих Гір	148	0	15	4.0
1611	Пневмоконіоз	642	5	41	19.0
1612	Пневмоторакс	2355	22	130	80.0
1613	Пневмоцистна пневмонія	360	4	23	11.0
1614	Побічна дія (медицина)	3704	83	151	119.0
1615	Поверхнева скронева артерія	127	0	8	4.0
1616	Повільні інфекції	126	0	12	3.0
1617	Повітряно-крапельний механізм передачі інфекції	842	8	56	26.0
1618	Поворотний тиф	359	2	22	12.0
1619	Подагра	6488	159	275	208.0
1620	Позаконазол	17	0	4	0.0
1621	ПоКіФоРо ІнРиКоЗ	31	0	5	1.0
1622	Поле Бродмана 4	52	0	6	2.0
1623	Поле Бродмана 5	15	0	4	1.0
1624	Поле Бродмана 6	19	0	4	0.0
1625	Поле Бродмана 7	11	0	2	1.0
1626	Поле Бродмана 8	8	0	1	1.0
1627	Поле Бродмана 9	10	0	3	0.0
1628	Поле Бродмана 10	16	0	2	0.5
1629	Поле Бродмана 11	2	0	1	0.0
1630	Поле Бродмана 12	3	0	1	0.0
1631	Поле Бродмана 13	7	0	2	0.0
1632	Поле Бродмана 14	8	0	2	0.5
1633	Поле Бродмана 15	3	0	1	0.0
1634	Поле Бродмана 16	3	0	1	0.0
1635	Поле Бродмана 20	4	0	2	0.0
1636	Поле Бродмана 21	0	0	0	0.0
1637	Поле Бродмана 22	7	0	2	0.0
1638	Поле Бродмана 23	5	0	1	0.0
1639	Поле Бродмана 24	5	0	1	0.0
1640	Поле Бродмана 25	24	0	5	1.0
1641	Поле Бродмана 26	6	0	3	0.0
1642	Поле Бродмана 27	5	0	3	0.0
1643	Поле Бродмана 28	9	0	6	0.0
1644	Поле Бродмана 29	17	0	5	0.5
1645	Поле Бродмана 30	2	0	1	0.0
1646	Поле Бродмана 31	3	0	1	0.0
1647	Поле Бродмана 32	3	0	1	0.0
1648	Поле Бродмана 33	2	0	1	0.0
1649	Поле Бродмана 34	11	0	3	0.0
1650	Поле Бродмана 35	6	0	1	0.0
1651	Поле Бродмана 36	5	0	1	0.0
1652	Поле Бродмана 37	10	0	2	0.5
1653	Поле Бродмана 38	17	0	4	1.0
1654	Поле Бродмана 39	10	0	2	1.0
1655	Поле Бродмана 40	16	0	3	1.0
1656	Поле Бродмана 43	10	0	2	1.0
1657	Поле Бродмана 44	8	0	3	0.0
1658	Поле Бродмана 45	22	0	6	1.0
1659	Поле Бродмана 46	11	0	4	0.0
1660	Поле Бродмана 47	3	0	1	0.0
1661	Поле Бродмана 48	3	0	2	0.0
1662	Поле Бродмана 49	5	0	3	0.0
1663	Поле Бродмана 52	5	0	1	0.0
1664	Поліартрит	691	13	35	22.0
1665	Полідипсія	337	3	22	10.0
1666	Полієнові антибіотики	105	0	8	3.0
1667	Полікістоз нирок	586	7	34	20.0
1668	Поліклініка № 1 Державного управління справами	152	0	17	4.0
1669	Поліневрит	389	4	20	13.0
1670	Поліноз	675	9	60	18.0
1671	Поліомієліт	6792	81	385	207.0
1672	Політравма	2114	15	136	69.0
1673	Поліфагія (симптом)	178	0	14	5.0
1674	Поля Бродмана	331	1	29	8.0
1675	Поля Бродмана 17, 18, 19. Зорова кора.	126	0	12	4.0
1676	Поля Бродмана 41 і 42	25	0	4	1.0
1677	Поперечна артерія шиї	44	0	7	1.5
1678	Постцентральна звивина	153	0	19	5.0
1679	Потилична артерія	36	0	4	1.0
1680	Потилична частка	691	9	48	21.0
1681	Потрійний-А синдром	87	0	9	3.0
1682	Поясна кора	79	0	6	3.0
1683	Правастатин	16	0	3	1.0
1684	Правець	6347	73	367	211.0
1685	Правило Лібермейстера	48	0	5	1.5
1686	Правцева діагностична тріада	41	0	5	1.0
1687	Празиквантел	131	0	11	5.0
1688	Празозин	256	1	30	6.0
1689	Праміпексол	37	0	5	1.5
1690	Прамірацетам	37	0	5	1.0
1691	Прасугрель	34	0	3	1.0
1692	Прегабалін	834	15	114	22.0
1693	Преднізолон	819	10	48	27.0
1694	Примак Федір Якович	7	0	3	0.0
1695	Пріонові хвороби	3127	20	221	103.0
1696	Проба Шелестюка	156	0	12	5.0
1697	Прогестерон	2503	38	121	80.0
1698	Прогормон	16	0	2	1.0
1699	Прогресивний параліч	64	0	8	2.0
1700	Продромальний період	195	2	19	6.0
1701	Прозектор	28	0	4	1.0
1702	Проказа	3298	77	200	98.0
1703	Прокаїн	387	6	25	12.0
1704	Прокаїнамід	50	0	9	1.0
1705	Проктит	828	11	54	25.0
1706	Пролактин	1534	30	89	47.0
1707	Пролактинома	260	1	33	7.0
1708	Променева терапія	956	14	54	30.0
1709	Променева хвороба	2964	34	182	96.0
1710	Променево-зап'ястковий суглоб	354	2	25	10.0
1711	Прометазин	113	0	9	3.0
1712	Пропафенон	50	0	6	1.0
1713	Пропілтіоурацил	22	0	3	1.0
1714	Пропранолол	410	1	35	12.0
1715	Пророксан	46	0	6	1.0
1716	Простагландини	963	11	69	32.0
1717	Простатит	4101	100	159	133.0
1718	Протиглисні засоби	118	1	10	3.0
1719	Протипаркінсонічні препарати	168	0	13	5.0
1720	Протіонамід	8	0	2	0.0
1721	Протрузія міжхребцевого диска	668	10	41	19.0
1722	Професійні хвороби	801	7	58	22.0
1723	Прохлорперазин	34	0	5	1.0
1724	Псевдобульбарний синдром	747	9	43	23.0
1725	Псевдоефедрин	333	5	20	10.0
1726	Псевдотуберкульоз	830	4	54	26.0
1727	Психіатр	324	4	22	11.0
1728	Псоріаз	4039	88	175	131.0
1729	Пташиний грип	214	2	16	6.0
1730	Пульпіт	1021	6	59	34.0
1731	Пульпозне ядро	37	0	4	2.0
1732	Пульс	5256	73	289	153.0
1733	Пульсометрія	117	0	16	3.0
1734	Пухир	237	2	17	7.0
1735	Пухлина головного мозку	1938	38	92	58.0
1736	Пухлинний маркер	506	4	33	15.0
1737	Рабдоміоліз	264	2	16	9.0
1738	Рабепразол	65	0	5	2.0
1739	Разагілін	15	0	2	1.0
1740	Рак легені	4806	62	315	154.0
1741	Рак молочної залози	2032	20	135	66.0
1742	Рак паращитоподібної залози	54	0	5	1.5
1743	Рак підшлункової залози	827	12	41	27.0
1744	Рак стравоходу	792	3	52	26.0
1745	Рак шийки матки	1218	20	63	41.0
1746	Рак шкіри	2395	47	115	79.0
1747	Рак щитоподібної залози	900	13	49	28.0
1748	Раково-ембріональний антиген	115	0	12	4.0
1749	Ралтегравір	10	0	2	1.0
1750	Рана	1905	7	158	54.0
1751	Рандомізоване контрольоване дослідження	301	3	26	8.0
1752	Ранолазин	87	0	7	3.0
1753	Рауль Бенсауд	4	0	1	0.0
1754	Рафаель Бланшар	5	0	1	0.5
1755	Рахіт	3618	48	186	122.0
1756	Реактивний артрит	898	15	57	28.0
1757	Реакція Асколі	265	1	48	6.0
1758	Реакція пасивної гемаглютинації	152	0	19	4.0
1759	Реанімація (медицина)	2718	35	136	93.0
1760	Ребаміпід	71	0	6	2.0
1761	Реберношийний стовбур	25	0	3	1.0
1762	Ревматизм	5560	89	248	188.0
1763	Ревматологія	727	10	35	22.0
1764	Рейкі	295	3	18	9.0
1765	Рене Лаенек	80	0	20	2.0
1766	Ренін	770	8	93	20.0
1767	Реноваскулярна гіпертензія	254	1	20	7.0
1768	Реовіруси	129	0	19	3.0
1769	Реовірусна інфекція	60	0	6	2.0
1770	Респіраторно-синцитіальна інфекція	360	2	19	12.0
1771	Рестриктивна кардіоміопатія	21	0	3	1.0
1772	Ретапамулін	1	0	1	0.0
1773	Реформа швидкої (екстреної) медичної допомоги в Україні з 2016 року	207	1	15	7.0
1774	Рецидив (медицина)	719	12	41	21.0
1775	Рибавірин	102	0	11	2.0
1776	Ривароксабан	150	1	11	4.0
1777	Ригідність потиличних м'язів	456	5	28	14.0
1778	Рикетсіози	472	6	32	13.0
1779	Римантадин	219	4	11	6.0
1780	Риновірусна інфекція	363	1	24	10.0
1781	Рисперидон	169	1	14	5.0
1782	Ритонавір	31	0	7	1.0
1783	Ритуксимаб	116	1	11	3.0
1784	Рифабутин	12	0	3	0.0
1785	Рифаксимін	74	0	9	2.0
1786	Рифаміцин	26	0	5	1.0
1787	Рифапентин	5	0	1	0.0
1788	Рідкісна хвороба	288	3	16	9.0
1789	Рілпівірин	4	0	1	0.0
1790	Роберт Кох	496	5	41	13.0
1791	Роботизована хірургія	134	0	13	3.0
1792	Рогівка	1113	12	86	37.0
1793	Родимка	583	10	33	18.0
1794	Розлад особистості	546	8	31	18.0
1795	Розширена підтримка життя	140	0	14	4.0
1796	Роксатидин	14	0	2	0.0
1797	Рокситроміцин	43	0	6	1.0
1798	Рольфінг	22	0	3	1.0
1799	Романовський Дмитро Леонідович	18	0	3	1.0
1800	Ропінірол	17	0	4	0.5
1801	Ротавірусна інфекція	2380	43	120	79.0
1802	Ротиготин	8	0	2	0.0
1803	Рофекоксиб	40	0	6	1.0
1804	Рубець (медицина)	542	9	37	17.0
1805	Ручківський Сергій Никифорович	10	0	3	1.0
1806	С-клітина	45	0	4	2.0
1807	Савченко Іван Григорович	56	0	6	1.0
1808	Саймон Флекснер	61	0	10	2.5
1809	Саквінавір	10	0	2	0.0
1810	Сальбутамол	442	7	31	13.0
1811	Сальгренська Університетська Лікарня	8	0	2	0.0
1812	Сальметерол	79	0	7	2.0
1813	Сальмонельоз	7482	70	405	253.0
1814	Санація (медицина)	568	7	32	17.0
1815	Сап	320	2	25	11.0
1816	Сапроноз	446	3	29	14.0
1817	Саркоїдоз	1123	19	57	36.0
1818	Саркома	1611	33	85	51.0
1819	Саркома Капоші	905	14	63	27.0
1820	Саркома Юїнга	555	5	37	17.0
1821	Саркоцистоз	24	0	3	1.0
1822	Свен Івар Сельдінгер	16	0	4	0.0
1823	Світлобоязнь	123	0	8	4.0
1824	Себастьяно Рівольта	8	0	3	0.0
1825	Севофлуран	130	0	13	4.0
1826	Сезонний афективний розлад	197	1	16	6.0
1827	Секнідазол	121	0	13	4.0
1828	Секретин	188	1	12	6.0
1829	Селегілін	36	0	4	1.0
1830	Сепсис	4067	72	214	126.0
1831	Септичний шок	788	7	49	26.0
1832	Середньомозкове ядро трійчастого нерва	19	0	3	1.0
1833	Середня мозкова артерія	156	1	12	5.0
1834	Середня щитоподібна вена	4	0	1	0.0
1835	Серозні мансонельози	15	0	3	1.0
1836	Серозні філяріїдози	17	0	2	1.0
1837	Серотонін	3079	64	133	99.0
1838	Сертаконазол	40	0	5	1.0
1839	Сертиндол	25	0	4	1.0
1840	Сертралін	250	2	20	7.0
1841	Серце людини	7852	89	497	244.0
1842	Серцева недостатність	4669	76	227	159.0
1843	Серцево-судинні захворювання	4453	43	322	132.0
1844	Сехіфенадин	6	0	2	0.0
1845	Сечокам'яна хвороба	2229	33	118	76.0
1846	Сибірка	3797	39	294	117.0
1847	Силікоз	696	9	41	21.0
1848	Силодозин	46	0	6	2.0
1849	Симпатикотонія	93	1	8	2.5
1850	Симптом	1034	18	58	32.0
1851	Симптом Аарона	22	0	5	1.0
1852	Симптом Абаді	3	0	2	0.0
1853	Симптом Бабінскі	432	4	24	14.0
1854	Симптом блідого носогубного трикутника	133	1	11	4.0
1855	Симптом випорожнень по типу «рисового відвару»	49	0	5	2.0
1856	Симптом Вінтерботтома	11	0	2	1.0
1857	Симптом Гієна	48	0	4	2.0
1858	Симптом Годельє	331	3	24	8.0
1859	Симптом двобічного збільшення потиличних лімфатичних вузлів	88	0	8	3.0
1860	Симптом Добровольської-Ніколадоні	4	0	1	0.0
1861	Симптом каптура	30	0	4	1.0
1862	Симптом каптура (психіатрія)	50	0	4	2.0
1863	Симптом Керніга	550	3	34	18.0
1864	Симптом Кіарі	41	0	4	2.0
1865	Симптом Копліка	532	8	30	17.0
1866	Симптом Курвуазьє	431	1	32	11.0
1867	Симптом Левіна	11	0	1	1.0
1868	Симптом Лессажа	78	0	11	2.0
1869	Симптом малинового желе	275	1	26	8.0
1870	Симптом малинового язика	417	2	30	12.0
1871	Симптом Мюссе	217	2	20	6.0
1872	Симптом Нікольського	718	7	52	23.0
1873	Симптом Падалки	114	0	16	3.0
1874	Симптом Пастернацького	516	2	38	15.0
1875	Симптом Пастіа	114	0	10	3.0
1876	Симптом Піка	9	0	2	1.0
1877	Симптом Романьї	7	0	1	1.0
1878	Симптом рукавичок і шкарпеток	133	1	12	4.0
1879	Симптом Стімсона	25	0	3	1.0
1880	Симптом Стокса	61	0	10	1.0
1881	Симптом триніжка	90	0	9	2.5
1882	Симптом Фаже	10	0	3	0.5
1883	Симптом Феррарі	12	0	3	1.0
1884	Симптом Флатау	39	0	4	1.0
1885	Симптом Форчгеймера	26	0	3	1.0
1886	Симптом Щоткіна-Блюмберга	659	7	40	20.0
1887	Симптоми Брудзинського	305	2	22	9.0
1888	Симптоми Тауссіга	4	0	1	1.0
1889	Синдактилія	382	4	24	12.0
1890	Синдром	991	11	52	30.0
1891	Синдром Аазе — Сміта	36	0	4	1.0
1892	Синдром Аарскога	75	0	11	2.0
1893	Синдром Абдалла — Девіса — Фарража	30	0	4	1.0
1894	Синдром Авелліса	25	0	5	1.0
1895	Синдром Адамса — Олівера	9	3	6	4.5
1896	Синдром Аді	142	1	16	4.0
1897	Синдром Аді — Крітчлі	4	0	4	2.0
1898	Синдром Аєрзи	68	1	5	2.0
1899	Синдром Акерманів	23	0	4	1.0
1900	Синдром Алажілля	73	0	5	3.0
1901	Синдром Аллана — Герндона — Дадлі	6	2	4	3.0
1902	Синдром Аллена — Гайнса	2	2	2	2.0
1903	Синдром Аллена — Мастерса	4	4	4	4.0
1904	Синдром Алстрема	57	0	5	2.0
1905	Синдром Альвареса	20	0	2	1.0
1906	Синдром Альпорта	112	0	9	4.0
1907	Синдром Андерманна	35	0	4	1.0
1908	Синдром Андерсен	33	0	4	1.0
1909	Синдром Антлі — Бікслера	3	1	2	1.5
1910	Синдром Аперта	73	0	12	2.0
1911	Синдром Аракава I	7	0	2	1.0
1912	Синдром Аракава II	6	0	1	0.0
1913	Синдром Аспергера	3065	53	166	90.0
1914	Синдром Ачора — Сміта	1	1	1	1.0
1915	Синдром Ашара	47	0	5	2.0
1916	Синдром Ашара — Тьєра	25	0	4	1.0
1917	Синдром Ашера	55	0	8	2.0
1918	Синдром Ашермана	199	1	21	6.0
1919	Синдром Бадда — Кіарі	412	3	30	13.0
1920	Синдром Бехчета	307	2	22	10.0
1921	Синдром Бруннера	80	0	9	2.0
1922	Синдром Вегенера	310	5	24	8.0
1923	Синдром відміни	1460	23	73	47.0
1924	Синдром Вільямса	1016	3	177	17.0
1925	Синдром Вольфа — Паркінсона — Вайта	14	7	7	7.0
1926	Синдром Герстмана — Штройслера — Шейнкера	83	0	6	3.0
1927	Синдром Гієна — Барре	2324	20	495	36.0
1928	Синдром гіпоплазії лівих відділів серця	110	0	11	3.0
1929	Синдром Горнера	824	11	44	25.0
1930	Синдром Гудпасчера	143	1	19	4.0
1931	Синдром Дабіна — Джонсона	174	0	17	5.5
1932	Синдром де Тоні — Дебре — Фанконі	161	0	11	4.5
1933	Синдром Денді — Вокера	9	2	7	4.5
1934	Синдром Джанотті — Крості	5	2	3	2.5
1935	Синдром Доріана Грея	78	0	8	2.0
1936	Синдром Дресслера	294	1	24	8.0
1937	Синдром Едвардса	1429	17	202	37.0
1938	Синдром Ейкарді	57	0	6	2.0
1939	Синдром Елліса — ван Кревельда	124	0	22	3.0
1940	Синдром Жильбера	1505	20	77	49.0
1941	Синдром зап'ястного каналу	1204	20	70	38.0
1942	Синдром Золлінгера — Еллісона	371	3	24	11.0
1943	Синдром Кавасакі	419	4	39	11.0
1944	Синдром Кейтеля	10	0	3	0.0
1945	Синдром китайського ресторану	51	0	5	1.5
1946	Синдром Корсакова	421	2	27	12.0
1947	Синдром космічної адаптації	37	0	4	1.0
1948	Синдром Котара	274	2	16	8.0
1949	Синдром котячого крику	982	13	65	32.0
1950	Синдром Криглера — Найяра	224	1	16	7.0
1951	Синдром Лаєлла	1304	17	74	41.0
1952	Синдром Лауна — Ґанонґа — Левайна	191	1	17	6.0
1953	Синдром Лея	41	0	5	1.0
1954	Синдром Маккюна — Олбрайта	5	1	4	2.5
1955	Синдром Марфана	1770	27	96	60.0
1956	Синдром Морганьї — Адамса — Стокса	528	5	32	16.0
1957	Синдром Морріса	335	2	27	9.0
1958	Синдром Неємія Ашерсона	41	0	5	1.0
1959	Синдром Неймеген	96	0	13	3.0
1960	Синдром Патау	1590	19	110	51.0
1961	Синдром Пейтца — Єгерса	112	0	31	3.0
1962	Синдром передчасного збудження шлуночків	66	0	6	3.0
1963	Синдром подразненого кишечника	1346	29	62	43.0
1964	Синдром порушення активності та уваги	1257	25	65	39.0
1965	Синдром раптової дитячої смерті	186	2	16	5.0
1966	Синдром Ретта	328	3	25	10.0
1967	Синдром Рея	427	4	25	11.0
1968	Синдром Ротора	128	0	13	4.0
1969	Синдром Сваєра	58	0	5	2.5
1970	Синдром системної запальної відповіді	238	1	22	6.0
1971	Синдром слабкості синусового вузла	376	2	24	12.0
1972	Синдром Стендаля	789	0	229	12.0
1973	Синдром Стівенса — Джонсона	1081	19	59	32.0
1974	Синдром струшеної дитини	449	4	24	15.0
1975	Синдром Такаясу	343	3	25	11.0
1976	Синдром Тернера	1505	20	87	44.0
1977	Синдром тривалої гарячки невідомого походження	202	1	14	6.0
1978	Синдром Ундіни	80	0	7	2.0
1979	Синдром хронічної втоми	1145	14	57	36.0
1980	Синдром Шегрена	695	11	47	21.0
1981	Синостоз	254	0	22	8.0
1982	Синхондроз	223	0	15	8.0
1983	Сироваткова хвороба	428	3	32	12.0
1984	Сиролімус	241	0	72	2.0
1985	Система винагород	205	2	20	6.0
1986	Система груп крові AB0	524	9	34	17.0
1987	Системна склеродермія	1295	15	88	40.0
1988	Системний бартонельоз	57	0	5	1.5
1989	Системний червоний вовчак	2691	60	133	85.0
1990	Сифіліс	11584	186	619	370.0
1991	Сім'яний канатик	317	1	22	9.0
1992	Сім'яні залози	1014	20	50	33.0
1993	Сінгамоз	36	0	3	1.0
1994	Сіра речовина	1378	19	85	41.0
1995	Сіріл Гарнем	4	0	2	0.0
1996	Сітківка	1541	9	131	38.0
1997	Сказ	4092	71	184	128.0
1998	Скальпована рана	85	0	15	2.0
1999	Скарлатина	7626	141	397	235.0
2000	Сколіоз	2443	29	141	86.0
2001	Скронева кістка	800	12	45	25.0
2002	Скронева частка	610	6	29	20.0
2003	Скроневий м'яз	230	1	32	6.0
2004	Слоновість	261	3	14	8.0
2005	Смугасте тіло	337	0	25	11.0
2006	СНІД	14871	161	1167	399.0
2007	Содоку	81	0	8	2.0
2008	Сокол Олександра Семенівна	25	0	5	1.0
2009	Соліфенацин	27	0	6	1.0
2010	Соматосенсорна система	209	0	37	5.0
2011	Соматостатин	463	4	29	14.0
2012	Соматостатинома	7	0	2	0.0
2013	Соматотропний гормон	1559	26	82	48.0
2014	Сонна хвороба	2751	21	191	94.0
2015	Сорафеніб	37	0	6	1.0
2016	Соталол	31	0	4	1.0
2017	Софосбувір	448	2	35	13.0
2018	Сочевицеподібне ядро	101	0	11	2.0
2019	Спадкові захворювання	2150	15	138	68.0
2020	Спалах інфекційної хвороби	104	0	10	3.0
2021	Спарганоз	114	0	46	2.0
2022	Спарфлоксацин	10	0	2	0.0
2023	Спектиноміцин	20	0	5	1.0
2024	Спинномозкова рідина	1975	12	117	64.0
2025	Спинномозкове ядро трійчастого нерва	31	0	4	1.0
2026	Список лауреатів Нобелівської премії з фізіології або медицини	663	8	41	21.0
2027	Список спадкових хвороб	980	3	90	28.0
2028	Спінальна анестезія	844	11	50	28.0
2029	Спіраміцин	79	0	9	2.0
2030	Спіраприл	4	0	1	0.0
2031	Спленомегалія	220	0	18	7.0
2032	Справжня поліцитемія	1028	15	62	29.0
2033	Стабілізатор мастоцитів	35	0	4	1.0
2034	Ставудин	4	0	1	0.0
2035	Станіслав фон Провасек	7	0	2	0.0
2036	Статини	810	9	44	25.0
2037	Стафілокок	6152	112	309	205.0
2038	Стафілокок золотистий	1858	23	91	64.0
2039	Стафілококова інфекція	3260	50	161	112.0
2040	Стеноз	585	8	28	19.0
2041	Стеноз мітрального клапана	580	3	55	16.0
2042	Стефанський В'ячеслав Карлович	12	0	2	1.0
2043	Стравохід	3095	21	167	100.0
2044	Стрептобацильоз	31	0	3	2.0
2045	Стрептококовий фарингіт	1551	36	68	51.0
2046	Стригучий лишай	343	3	32	10.0
2047	Стрічка Брозлоу для екстреної педіатричної допомоги	15	0	4	0.0
2048	Стронгілоїдоз	532	4	31	17.0
2049	Строфантин	208	2	19	6.0
2050	Стьожак	1555	8	109	50.0
2051	Субарахноїдальний крововилив	831	13	52	26.0
2052	Субдуральна гематома	722	13	36	23.0
2053	Субталамічне ядро	47	0	6	1.0
2054	Суглоб	3727	50	247	116.0
2055	Сулодексид	84	0	9	2.0
2056	Сульбактам	147	1	13	4.0
2057	Сульпірид	234	1	16	7.0
2058	Сульфадиметоксин	113	1	11	3.0
2059	Сульфадимідин	9	0	2	0.0
2060	Сульфадіазин	23	0	4	1.0
2061	Сульфадоксин	31	0	4	1.0
2062	Сульфаметоксазол	54	0	7	2.0
2063	Сульфаметоксазол/триметоприм	266	2	15	8.0
2064	Сульфаметрол	6	0	2	0.0
2065	Сульфаніламід	387	3	29	12.0
2066	Сульфацетамід	46	0	4	2.0
2067	Сунітиніб	39	0	5	1.0
2068	Суперечка щодо насичених жирів	20	0	3	1.0
2069	СХ614	2	0	1	0.0
2070	Східний енцефаломієліт коней	50	0	5	2.0
2071	Сьома холерна пандемія	75	0	7	2.0
2072	Т-клітинна терапія лейкозу	14	0	2	1.0
2073	Таблетки, що розпадаються в ротовій порожнині	50	0	4	2.0
2074	Таксани	20	0	3	1.0
2075	Таласемія	629	9	34	20.0
2076	Талінолол	22	0	4	1.0
2077	Тамоксифен	178	0	13	5.0
2078	Тамсулозин	134	1	12	4.0
2079	Тегасерод	28	0	5	1.0
2080	Тегафур	12	0	2	1.0
2081	Тедизолід	24	0	3	1.0
2082	Теїксобактин	9	0	2	0.0
2083	Тейкопланін	31	0	3	1.0
2084	Телапревір	8	0	1	1.0
2085	Телбівудин	4	0	2	0.0
2086	Телемедицина	481	5	30	15.0
2087	Телітроміцин	11	0	2	0.0
2088	Телмісартан	76	0	6	2.0
2089	Темозоломід	24	0	4	1.0
2090	Тендовагініт	578	7	28	20.0
2091	Теніази	64	0	6	2.0
2092	Теніаринхоз	538	2	40	17.0
2093	Теніоз	671	6	37	22.0
2094	Теноксикам	29	0	3	1.0
2095	Тенонітрозол	11	0	3	0.0
2096	Тенофовір	118	0	10	3.0
2097	Тенофовір/Емтрицитабін	40	0	4	1.0
2098	Теобальд Сміт	14	0	2	1.0
2099	Тепловий удар	1170	5	82	41.0
2100	Теразозин	34	0	7	1.0
2101	Тератома	797	8	52	24.0
2102	Тербінафін	104	0	8	3.5
2103	Тербуталін	24	0	3	1.0
2104	Теризидон	13	0	3	1.0
2105	Термінальний нерв	42	0	6	1.0
2106	Терфенадин	45	0	6	1.0
2107	Тестостерон	1912	35	92	62.0
2108	Тетраплегія	221	0	18	7.0
2109	Тизанідин	65	0	8	2.0
2110	Тикагрелор	112	0	8	3.0
2111	Тикарцилін	20	0	3	1.0
2112	Тиклопідин	48	0	5	1.5
2113	Тимолол	45	0	5	1.0
2114	Тинзапарин	12	0	3	0.0
2115	Тинідазол	106	0	9	3.0
2116	Типранавір	4	0	1	0.0
2117	Тиреоглобулін	632	8	38	21.0
2118	Тиреоїдектомія	398	4	35	11.0
2119	Тиреоїдит Хашимото	1553	28	73	49.0
2120	Тиреопероксидаза	191	1	12	6.0
2121	Тиреотропний гормон	2193	29	134	77.0
2122	Тироксин	1636	21	86	53.0
2123	Тиротрицин	307	4	19	10.0
2124	Тиф	2010	26	339	54.0
2125	Тіамазол	82	0	8	3.0
2126	Тіамфенікол	19	0	2	1.0
2127	Тіанептин	77	1	7	2.0
2128	Тіаприд	10	0	3	0.0
2129	Тігециклін	72	0	24	1.0
2130	Тім'яна частка	694	5	46	21.0
2131	Тіогуанін	11	0	2	1.0
2132	Тіопентал натрію	246	0	17	9.0
2133	Тіоридазин	67	1	5	2.0
2134	Тіотриазолін	410	5	28	12.0
2135	Тіотропію бромід	69	1	7	2.0
2136	Тітов Михайло Борисович	5	0	2	0.0
2137	Тобраміцин	85	0	8	3.0
2138	Токсичний багатовузловий зоб	228	2	15	7.0
2139	Токсокароз	1289	12	65	45.0
2140	Токсоплазмоз	2900	55	142	89.0
2141	Толперизон	42	0	4	1.0
2142	Толтеродин	17	0	3	0.0
2143	Томас Сиденгам	46	0	8	1.0
2144	Тонкоголкова аспіраційна пункційна біопсія	245	0	21	7.0
2145	Топотекан	22	0	4	1.0
2146	Тореміфен	36	0	4	1.0
2147	Тоцилізумаб	26	0	3	1.0
2148	Трандолаприл	6	0	1	0.0
2149	Трансмісивний механізм передачі інфекції	743	7	41	25.0
2150	Трансплантат	153	1	11	4.5
2151	Трансплантація	1647	21	101	53.0
2152	Трансплантація печінки	204	1	24	6.0
2153	Трансплантологія	235	1	19	6.0
2154	Трапецієподібний м'яз	738	12	39	23.0
2155	Трастузумаб	132	0	13	4.0
2156	Трахеїт	1476	19	83	47.0
2157	Трахома	236	2	14	7.0
2158	Трематодози	102	0	9	3.0
2159	Третиноїн	61	0	7	1.5
2160	Третій шлуночок	203	1	18	6.0
2161	Третя пандемія чуми	121	1	7	4.0
2162	Третя холерна пандемія	7	0	2	0.0
2163	Триамцинолон	114	0	9	4.0
2164	Тригексифенідил	121	1	8	4.0
2165	Трийодтиронін	402	6	24	13.0
2166	Трикутник Пирогова	429	2	47	11.0
2167	Тримебутин	77	1	8	2.0
2168	Тримеперидин	145	0	13	4.5
2169	Триметазидин	150	1	15	3.0
2170	Триметоприм	93	0	12	3.0
2171	Трипаносомози	245	1	19	7.0
2172	Трипторелін	21	0	5	1.0
2173	Трифлузал	19	0	4	0.0
2174	Трифлуоперазин	50	0	7	1.0
2175	Трихінельоз	1293	11	77	41.0
2176	Трихомоноз	3645	62	193	120.0
2177	Трихоцефальоз	724	10	51	21.0
2178	Трициклічні антидепресанти	476	2	27	15.0
2179	Тріада Гатчінсона	180	1	16	5.0
2180	Трійчастий вузол	49	0	5	1.0
2181	Трійчастий нерв	2447	38	152	75.0
2182	Тровафлоксацин	22	0	2	1.0
2183	Тромбоемболія легеневої артерії	2385	42	119	76.0
2184	Тромбоз	1515	18	161	44.0
2185	Тромбоз глибоких вен	658	10	42	19.0
2186	Тромбофлебіт	1117	17	63	33.0
2187	Тромбоцитопенія	980	15	47	31.0
2188	Тропічна медицина	27	0	3	1.0
2189	Тропічні хвороби	134	0	15	4.0
2190	Троподифен	20	0	4	1.0
2191	Тропонін	488	4	28	16.0
2192	Туберкульоз	16039	221	769	528.0
2193	Туберозний склероз	218	0	35	5.0
2194	Туляремія	1549	16	101	44.0
2195	Тулярин	27	0	4	1.0
2196	Тяжкий гострий респіраторний синдром	326	3	23	10.0
2197	Увеїт	665	10	40	20.0
2198	Ударний об'єм	149	0	11	4.0
2199	Українська військово-медична академія	244	0	14	8.0
2200	Українська спілка психотерапевтів	135	0	11	4.0
2201	Український лепрозорій	144	1	12	5.0
2202	Ундециленова кислота	28	0	5	1.0
2203	Урапідил	49	1	5	1.0
2204	Уремія	668	10	47	22.0
2205	Уропепсин	4	0	1	0.0
2206	Устекінумаб	16	0	5	1.0
2207	Фабомотизол	44	1	9	3.0
2208	Фавіпіравір	8	0	3	0.0
2209	Фамотидин	82	0	8	3.0
2210	Фамцикловір	36	0	5	1.0
2211	Фарбування гематоксиліном-еозином	191	2	20	5.0
2212	Фарбування за ван Гізоном	46	0	4	1.0
2213	Фарбування за Романовським—Гімзою	216	1	20	6.0
2214	Фарбування за Цілем — Нільсеном	299	1	29	8.0
2215	Фарингіт	3812	75	170	128.0
2216	Фармацевтика	208	1	12	7.0
2217	Фармація	372	4	24	11.0
2218	Фасціолопсидоз	80	0	8	3.0
2219	Фасціольоз	851	10	51	27.0
2220	Фасція (анатомія)	830	11	45	25.0
2221	Фатальне сімейне безсоння	402	3	26	13.0
2222	Фекально-оральний механізм	881	12	59	26.0
2223	Фексофенадин	53	0	4	2.0
2224	Фелодипін	33	0	3	1.0
2225	Фенетилін	62	0	8	2.0
2226	Фенілбутазон	47	0	5	2.0
2227	Фенілкетонурія	2573	35	136	84.0
2228	Феніндіон	20	0	3	1.0
2229	Фенітоїн	116	0	9	3.0
2230	Феноксиметилпеніцилін	63	0	7	2.0
2231	Фенотерол	111	0	11	3.0
2232	Фенспірид	52	0	4	2.0
2233	Фентиконазол	36	0	3	1.0
2234	Фентоламін	266	2	25	8.0
2235	Феохромоцитома	812	8	48	27.0
2236	Фердинанд фон Гебра	1	0	1	0.0
2237	Фердинанд Штехер	2	0	1	0.0
2238	Фібриляція	580	4	40	19.0
2239	Фіброгастродуоденоскопія	283	2	19	9.0
2240	Фіброзне кільце	94	1	8	3.0
2241	Філатов Володимир Петрович	850	11	50	27.0
2242	Філграстим	27	0	3	1.0
2243	Філіппо Пачіні	9	0	3	0.0
2244	Філяріїдози	188	2	15	6.0
2245	Фінастерид	115	1	9	4.0
2246	Фінголімод	20	0	3	1.0
2247	Флегмона	1093	14	84	31.0
2248	Флекаїнід	51	0	6	1.5
2249	Флувастатин	17	0	4	0.5
2250	Флувоксамін	44	0	4	2.0
2251	Флударабін	27	0	3	1.0
2252	Флуконазол	426	3	28	14.0
2253	Флуоксетин	629	10	29	20.0
2254	Флупіртин	13	0	6	0.5
2255	Флурбіпрофен	92	0	7	3.0
2256	Флутамід	90	1	7	2.0
2257	Флуфеназин	43	0	5	1.0
2258	Флуцитозин	17	0	2	1.0
2259	Флюоресцентна гібридизація in situ	162	0	21	3.0
2260	Флюпентиксол	45	0	8	1.0
2261	Фозиноприл	17	0	4	0.5
2262	Фолікулярна клітина	102	0	8	3.0
2263	Фолікулярний рак щитоподібної залози	169	0	14	5.0
2264	Фондапаринукс	23	0	5	1.0
2265	Формотерол	39	0	4	1.0
2266	Фосампренавір	1	0	1	0.0
2267	Фоскарнет	45	0	5	2.0
2268	Фосфазид	1	0	1	0.0
2269	Фосфоміцин	188	1	15	5.0
2270	Фотемустин	2	0	1	0.0
2271	Фрамбезія	138	1	10	4.0
2272	Фраміцетин	55	0	5	2.0
2273	Франц Бабель де Фронсберґ	3	0	1	0.0
2274	Франц де Пауля Нойгаузер	3	0	2	0.0
2275	Фрідріх Гаас	39	0	12	1.0
2276	Фрідріх Фюллеборн	7	0	2	0.0
2277	Фріц Шаудін	9	0	1	1.0
2278	Фталилсульфатіазол	50	0	6	1.0
2279	Фтивазид	36	0	5	1.0
2280	Фторлак	17	0	3	1.0
2281	Фторхінолони	719	6	67	20.0
2282	Фузафунгін	31	0	5	1.0
2283	Фузидова кислота	60	0	4	2.0
2284	Фульвестрант	12	0	2	1.0
2285	Фуразидин	64	0	5	2.0
2286	Фуразолідон	115	0	9	4.0
2287	Фурункульоз	3412	78	157	109.0
2288	Хантавірусний легеневий синдром	43	0	5	2.0
2289	Харчові отруєння	6874	55	437	219.0
2290	Хасімото Хакару	8	0	2	0.5
2291	Хвороба «рука-нога-рот»	725	8	42	24.0
2292	Хвороба Альцгеймера	13426	121	5281	208.0
2293	Хвороба Андерсен	52	0	6	2.0
2294	Хвороба Боуена	394	3	20	13.0
2295	Хвороба Верльгофа	1396	12	99	49.0
2296	Хвороба Вільсона	891	13	46	29.0
2297	Хвороба Вільяма Александера	82	0	9	3.0
2298	Хвороба Гантінгтона	1194	15	182	33.0
2299	Хвороба Гюнтера	115	0	8	3.5
2300	Хвороба Іценка — Кушинга	1040	8	77	34.0
2301	Хвороба К'ясанурського лісу	17	0	3	1.0
2302	Хвороба котячих подряпин	971	13	47	30.0
2303	Хвороба Кройцфельда — Якоба	712	9	48	22.0
2304	Хвороба Лайма	3764	58	248	125.0
2305	Хвороба Менкеса	44	0	4	1.0
2306	Хвороба Паркінсона	5236	91	252	164.0
2307	Хвороба Пейроні	163	2	15	5.0
2308	Хвороба Пертеса	592	5	39	18.0
2309	Хвороба Пламмера	3	0	1	0.0
2310	Хвороба Рандю — Ослера	225	1	17	7.0
2311	Хвороба Рейно	2052	27	153	61.0
2312	Хвороба Росаі — Дорфман	18	0	2	1.0
2313	Хвороба Тея — Сакса	721	6	49	22.0
2314	Хвороба Фарбера	38	0	5	1.0
2315	Хвороба Шагаса	413	4	25	12.0
2316	Хвороба Шамберга	92	0	8	3.0
2317	Хвороба, яку спричинює вірус Ебола	1085	21	66	33.0
2318	Хвороба, яку спричинює вірус Зіка	219	1	14	7.0
2319	Хвороба, яку спричинює вірус Марбург	263	1	26	7.0
2320	Хвороба, яку спричинює вірус Ніпах	24	0	5	1.0
2321	Хвороба, яку спричинює вірус Хендра	14	0	2	1.0
2322	Хвороби, що передаються статевим шляхом	6684	51	438	213.0
2323	Хвостате ядро	122	0	16	4.0
2324	Хидей Ногучі	16	0	3	1.0
2325	Хілоторакс	213	0	18	5.0
2326	Хілурія	60	0	11	2.0
2327	Хінідин	73	0	8	2.0
2328	Хінолони	114	0	10	4.0
2329	Хірургічна операція	1548	22	89	49.0
2330	Хірургія	789	10	48	25.0
2331	Хіфенадин	19	0	2	1.0
2332	Хламідійна лімфогранульома	410	6	21	13.0
2333	Хламідіоз	4331	74	227	141.0
2334	Хлорамбуцил	23	0	4	1.0
2335	Хлорамфенікол	411	6	24	12.0
2336	Хлордіазепоксид	45	0	8	1.5
2337	Хлоропірамін	94	0	8	3.0
2338	Хлорохін	48	0	5	1.0
2339	Хлорфенамін	167	2	9	5.0
2340	Хлорхінальдол	15	0	2	0.0
2341	Холангіт	334	2	28	9.0
2342	Холера	6575	89	351	208.0
2343	Холерний вібріон	1375	7	111	42.0
2344	Холестатичний синдром	883	11	47	31.0
2345	Холецистектомія	367	4	21	12.0
2346	Хоменко Григорій Гнатович	4	0	1	0.0
2347	Хондрит (хвороба)	32	0	5	1.0
2348	Хоріонічний гонадотропін	1455	17	71	49.0
2349	Хоріосклероз	59	0	7	2.0
2350	Хржонщевський Никанор Адамович	82	0	9	2.0
2351	Хромафінні клітини	36	0	6	1.0
2352	Хромомікоз	100	1	7	3.0
2353	Хронічна ниркова недостатність	952	8	54	31.0
2354	Хронічний гастрит	829	11	44	25.0
2355	Хронічний гепатит	568	5	38	18.0
2356	Хронічний лімфолейкоз	379	2	21	13.0
2357	Хронічний мієлоцитарний лейкоз	171	0	13	6.0
2358	Хронічний панкреатит	950	15	45	30.0
2359	Цві Ларон	12	0	4	0.0
2360	Целекоксиб	200	2	13	6.0
2361	Целіакія	750	13	41	23.0
2362	Центральний госпіталь Міністерства внутрішніх справ України	430	4	29	12.0
2363	Центральний госпіталь Служби безпеки України	321	1	23	11.0
2364	Центральний клінічний госпіталь Державної прикордонної служби України	333	1	20	10.0
2365	Ценуроз	81	0	9	2.0
2366	Церивастатин	15	0	4	0.5
2367	Цетиризин	196	1	13	6.0
2368	Цетуксимаб	33	0	8	1.0
2369	Цефадроксил	41	0	5	1.0
2370	Цефазолін	152	0	14	5.0
2371	Цефаклор	36	0	7	1.0
2372	Цефалексин	86	0	9	2.0
2373	Цефалоспорини	946	14	61	29.0
2374	Цефалотин	14	0	2	1.0
2375	Цефамандол	16	0	3	0.0
2376	Цефепім	93	0	7	3.0
2377	Цефіксим	285	3	20	8.0
2378	Цефоперазон	50	0	6	1.5
2379	Цефотаксим	163	2	10	5.0
2380	Цефпірамід	7	0	1	0.0
2381	Цефпіром	26	0	4	1.0
2382	Цефподоксим	219	1	16	6.0
2383	Цефпрозил	34	0	5	1.5
2384	Цефрадин	16	0	6	0.0
2385	Цефтазидим	56	0	5	2.0
2386	Цефтаролін	34	0	3	1.0
2387	Цефтібутен	12	0	3	1.0
2388	Цефтізоксим	8	0	1	0.0
2389	Цефтобіпрол	36	0	5	1.5
2390	Цефтріаксон	946	17	47	31.0
2391	Цефуроксим	242	1	14	8.0
2392	Цеце	1334	19	92	45.0
2393	Цидофовір	23	0	4	0.5
2394	Цизаприд	84	0	10	3.0
2395	Циклосерин	48	0	5	1.0
2396	Циклоспорин	127	1	11	3.0
2397	Циклоспороз	57	0	5	2.0
2398	Циклофосфамід	85	0	8	2.0
2399	Цилазаприл	12	0	3	0.5
2400	Цилостазол	62	0	5	2.0
2401	Циметидин	63	0	7	2.0
2402	Цинаризин	234	1	17	7.0
2403	Ципрогептадин	59	0	6	2.0
2404	Ципротерон	74	0	12	2.0
2405	Ципрофлоксацин	560	6	35	16.0
2406	Цироз печінки	2766	46	138	93.0
2407	Цисплатин	93	1	8	3.0
2408	Цистит	2371	53	101	76.0
2409	Цистицеркоз	615	10	41	19.0
2410	Циталопрам	131	1	12	4.0
2411	Цитарабін	21	0	3	1.0
2412	Цитиколін	169	2	10	6.0
2413	Цитомегаловірус	1907	28	113	63.0
2414	Цитомегаловірусна інфекція	1459	23	77	47.0
2415	Ціп'як бичачий	5421	50	334	165.0
2416	Ціп'як свинячий	4779	23	367	128.0
2417	Ціп'як собачий	110	0	11	3.0
2418	Цукровий діабет	13278	212	631	418.0
2419	Цукровий діабет тип 1	912	15	58	30.0
2420	Цукровий діабет тип 2	3649	60	175	123.0
2421	Цуцугамуші	122	0	12	3.0
2422	Чарльз Донован	88	0	9	3.0
2423	Червоне ядро	210	1	20	6.0
2424	Черевний тиф	4015	54	215	138.0
2425	Черепні нерви	4234	57	291	128.0
2426	Черепно-мозкова травма	2442	38	152	78.0
2427	Чернов Василь Єгорович	35	0	7	1.0
2428	Четверта холерна пандемія	2	0	1	0.0
2429	Четвертий шлуночок	277	3	17	9.0
2430	Чікунгунья	104	0	11	3.0
2431	Чоловіча статева система	6711	169	284	207.0
2432	Чорна речовина	319	3	21	10.0
2433	Чорна смерть	2940	53	179	87.0
2434	Чорна Тамара Трохимівна	4	0	1	0.0
2435	Чума	8631	147	442	268.0
2436	Чума Юстиніана	387	2	27	12.0
2437	Чумна паличка	1139	5	99	31.0
2438	Шагома	6	0	1	1.0
2439	Шарлотта Кліверлі-Бісман	26	0	3	1.0
2440	Шарль Манту	25	0	4	1.0
2441	Шевчук Віктор Григорович	37	0	4	1.0
2442	Шигела Бойда	13	0	4	1.0
2443	Шигельоз	3001	24	177	101.0
2444	Шизофренія	11299	211	959	339.0
2445	Шийний відділ хребта	1329	25	66	42.0
2446	Шина (медицина)	474	5	31	15.0
2447	Шистосомози	307	2	21	9.0
2448	Шия	1027	12	66	27.0
2449	Шкала Франкеля	189	0	28	4.0
2450	Шкурба Андрій Вікторович	46	0	10	1.0
2451	Шлунково-кишкова кровотеча	1845	21	93	59.0
2452	Шлунок	8141	89	552	252.0
2453	Шок (медицина)	2807	21	152	96.0
2454	Шоста холерна пандемія	10	0	1	1.0
2455	Шпательний тест	17	0	2	1.0
2456	Шпиталь	241	1	17	8.0
2457	Щербак Юрій Миколайович	602	5	151	14.0
2458	Щитоподібна залоза	7258	110	347	242.0
2459	Щитоподібний хрящ	217	1	14	7.0
2460	Щитошийний стовбур	64	0	9	2.0
2461	Щока	155	1	12	4.0
2462	Юкстагломерулярний апарат	213	2	17	6.0
2463	Юстинус Кернер	9	0	4	0.0
2464	Яворовський Олександр Петрович	16	0	5	1.0
2465	Ядро Едінгера-Вестфаля	104	0	15	2.0
2466	Ядро лицевого нерва	55	0	7	1.0
2467	Ядро одинокого шляху	53	0	5	2.0
2468	Ядро окорухового нерва	64	0	7	2.0
2469	Язикова артерія	84	0	10	3.0
2470	Язикова вена	14	0	2	1.0
2471	Яйцеклітина	4020	65	204	134.0
2472	Ящур	859	10	53	28.0
2473	Aedes albopictus	27	0	4	1.0
2474	Anoplura	115	1	9	4.0
2475	ATC код A	43	0	7	1.0
2476	ATC код B	50	0	10	1.0
2477	ATC код C	15	0	2	1.0
2478	ATC код G	12	0	3	0.0
2479	ATC код H	18	0	3	1.0
2480	ATC код J	22	0	3	1.0
2481	ATC код L	15	0	3	0.5
2482	ATC код N	25	0	3	1.0
2483	ATC код P	9	0	2	0.0
2484	ATC код S	2	0	1	0.0
2485	BMJ	36	0	5	1.0
2486	BRCA1	90	0	8	3.0
2487	Chlamydophila psittaci	59	0	5	2.0
2488	Clostridium botulinum	778	7	49	24.0
2489	D-димер	737	6	45	24.0
2490	Déviation conjuguée	17	0	2	1.0
2491	Francisella tularensis	100	0	11	2.5
2492	G-клітина	19	0	2	1.0
2493	H5N1	37	0	3	1.5
2494	Helicobacter pylori	2418	44	118	77.0
2495	HeRAMS	16	0	2	1.0
2496	International Trauma Life Support	23	0	3	1.0
2497	Medscape	32	0	5	1.0
2498	Mycobacterium ulcerans	19	0	3	1.0
2499	OMIM	88	0	9	3.0
2500	Plasmodium falciparum	132	1	12	4.0
2501	Plasmodium knowlesi	25	0	3	1.0
2502	Plasmodium malariae	603	7	39	20.0
2503	Plasmodium ovale	61	0	6	2.0
2504	Plasmodium vivax	153	0	16	4.0
2505	PubMed	340	5	24	10.0
2506	SAMPLE	119	0	10	3.0
2507	Tc-99m-MIBI	38	0	10	1.0
2508	Terminologia Anatomica	29	0	3	1.0
2509	The Lancet	65	0	6	2.0
2510	Torch-інфекції	3418	58	178	119.0
2511	UniProt	67	0	7	2.0
2512	Whonamedit?	3	0	2	0.0
2513	Yersinia enterocolitica	207	2	51	5.0
2514	Yersinia pseudotuberculosis	63	0	7	2.0
2515	ZMapp	13	0	3	0.0
