1	Аврора біла	57	0	6	2.0
2	Аґапантіїні	3	0	1	0.0
3	Аґапантія	4	0	2	0.0
4	Акантоліда жовтоголова	9	0	4	0.5
5	Акантоліда сланцева	10	0	4	0.5
6	Акарапідоз	20	0	3	1.0
7	Акариформні кліщі	18	0	2	1.0
8	Акарициди	127	1	10	4.0
9	Акарологія	38	0	5	1.0
10	Американський білий метелик	353	3	32	8.5
11	Анадримадуза Ретовського	31	0	4	1.0
12	Анатомія комах	311	3	45	8.0
13	Андрена велика	14	0	2	1.0
14	Андрена золотонога	15	0	5	1.0
15	Андрена ошатна	9	0	1	0.5
16	Андрена степова	8	0	2	1.0
17	Андрена червоноплямиста	8	0	2	0.0
18	Андреніди	23	0	3	1.0
19	Аністиди	5	0	2	0.0
20	Аноплій самарський	57	1	6	2.0
21	Антени (біологія)	46	0	13	1.0
22	Антофора коренаста	18	0	4	1.0
23	Антофора чорновійчаста	5	0	1	0.0
24	Апростема Карпентера	6	0	4	0.0
25	Апростема Пелетьє	6	0	3	0.0
26	Аранеоморфні	22	0	3	1.0
27	Арахнологія	40	0	6	1.0
28	Аргасові кліщі	80	0	8	3.0
29	Арге Беккера	14	0	4	1.0
30	Арге Фрівальдського	7	0	3	0.0
31	Аргіопа тигрова	4011	22	353	74.0
32	Артроплевра	41	0	6	1.0
33	Архіметаболія	3	0	1	0.0
34	Архостемати	2	0	1	0.0
35	Аскалаф строкатий	19	0	3	1.0
36	Аскалафові	5	0	2	0.0
37	Афелінус	9	0	2	0.5
38	Африканізована бджола	61	0	11	1.0
39	Бабка перев'язана	47	0	6	1.5
40	Бабки	772	12	41	24.0
41	Багатозв'яз гірський український	12	0	2	0.0
42	Барвниця грушева	44	0	3	2.0
43	Бджола (геральдика)	15	0	2	1.0
44	Бджола (рід)	138	1	8	4.0
45	Бджола велика	23	0	3	1.0
46	Бджола східна	11	0	4	0.5
47	Бджола-муляр Лефебвра	20	0	7	1.0
48	Бджоли	1274	25	72	37.0
49	Бджолині	61	0	6	1.0
50	Бджоловидка	22	0	5	1.0
51	Бджоловидка звичайна	61	0	7	2.0
52	Бджоловидка лісова	8	0	1	0.0
53	Безвусикові	11	0	3	0.5
54	Бей-Бієнко Григорій Якович	27	0	6	1.0
55	Білан брукв'яний	43	0	5	1.0
56	Білан гірський	29	0	4	1.0
57	Білан жилкуватий	45	0	4	1.0
58	Білан капустяний	173	1	11	5.0
59	Білан ріпаковий	43	0	4	2.0
60	Біланові	19	0	2	1.0
61	Білокрилки	48	0	6	1.0
62	Білюх степовий	15	0	2	1.0
63	Білюшок гірчичник	28	0	20	1.0
64	Білюшок Дюпоншеля	20	0	2	1.0
65	Білюшок Морзе	20	0	4	1.0
66	Бірміт	9	0	2	0.0
67	Бірроїдні	2	0	2	0.0
68	Блискітники	5	0	1	0.0
69	Блідий луговий метелик	13	0	2	1.0
70	Блідонога садова мурашка	37	0	5	1.0
71	Блішка бурякова звичайна	45	0	5	1.0
72	Блішка бурякова південна	25	0	3	1.0
73	Блішка льонова синя	34	0	4	1.0
74	Блішка смугаста хлібна	35	0	4	1.0
75	Блішки лляні	3	0	2	0.0
76	Блохи	1624	25	159	46.0
77	Богомол звичайний	1392	7	146	35.5
78	Богомоли	1082	12	139	23.5
79	Богомольчик Гельдрейха	10	0	2	1.0
80	Богомольчик кримський	53	0	7	2.0
81	Боліварія короткокрила	63	0	22	1.0
82	Больбелязм однорогий	6	0	2	0.0
83	Борошнистий червець	24	0	3	1.0
84	Борошнисті червеці	27	0	3	1.0
85	Борошняний кліщ	54	0	7	1.0
86	Бражник дубовий	71	0	7	2.0
87	Бражник карликовий	8	0	2	0.0
88	Бражник Комарова	1	0	1	0.0
89	Бражник Маака	1	0	1	0.0
90	Бражник мертва голова	203	1	13	5.5
91	Бражник олеандровий	60	0	7	2.0
92	Бражник очкастий	170	1	56	3.0
93	Бражник південний молочайний	25	0	3	1.0
94	Бражник підмаренниковий	47	0	8	2.0
95	Бражник прозерпіна	76	0	16	1.0
96	Бражник скабіозовий	21	0	3	1.0
97	Бражник тополевий	72	0	6	2.0
98	Бражник тютюновий	23	0	5	0.0
99	Бражник хорватський	25	0	2	1.0
100	Бражникові	514	4	39	15.0
101	Браконіди	10	0	2	0.0
102	Брахіцерус зморшкуватий	3	0	2	0.0
103	Бренівкові	11	0	2	0.0
104	Бронзівка волохата	92	0	7	3.0
105	Бронзівка гладка	83	0	9	2.0
106	Бронзівка мармурова	44	0	6	1.0
107	Бронзівка особлива	59	0	11	2.0
108	Бронзівки	98	0	18	2.0
109	Бронтоскорпіо	7	0	2	0.0
110	Букарка	51	0	6	1.0
111	Бупрестоїдні	3	0	2	0.0
112	Буравниця борщевична	17	0	3	1.0
113	Буряковий довгоносик-стеблоїд	42	0	4	2.0
114	Ванесса чорно-руда	33	0	5	1.0
115	Ведмедиці	92	0	35	1.0
116	Ведмедиця велика	50	0	7	1.0
117	Ведмедиця Геба	18	0	3	1.0
118	Ведмедиця Гера	25	0	4	1.0
119	Ведмедиця кайя	40	0	6	1.0
120	Ведмедиця-господиня	38	0	6	1.0
121	Велетенський мурашиний лев західний	16	0	2	1.0
122	Великий в'язовий заболонник	47	0	8	1.0
123	Великокрильці	4	0	1	0.0
124	Веслокрилі	18	0	3	1.0
125	Веснянка велика	75	0	20	2.0
126	Веснянки (комахи)	47	0	9	1.0
127	Віллі Хенніг	2	0	1	0.0
128	Вільгельм Фердинанд Еріхсон	1	0	1	0.0
129	Віялокрилі	19	0	3	1.0
130	Вовчок звичайний	605	5	39	19.0
131	Вогнівка акацієва	9	0	2	1.0
132	Вогнівка інжирна	46	0	6	1.0
133	Вогнівка яблунева	20	0	7	1.0
134	Вогнівки	30	0	4	1.0
135	Вогнівки-трав'янки	9	0	2	0.0
136	Водомірки	196	2	16	5.5
137	Водяні скорпіони	64	0	5	2.0
138	Волохокрилець звичайний	10	0	2	1.0
139	Волохокрильці	57	0	5	2.0
140	Воші	2005	42	101	61.0
141	Всеїдні жуки	15	0	5	0.0
142	Вузьконадкрил	2	0	1	0.0
143	Вузьконадкрил рудий	1	0	1	0.0
144	Вусач дубовий	12	0	2	0.0
145	Вусач дубовий великий західний	103	0	10	3.0
146	Вусач дубовий малий	63	0	6	2.0
147	Вусач земляний Мокржецького	6	0	2	0.0
148	Вусач ліщиновий	60	0	8	1.0
149	Вусач пахучий	11	0	2	1.0
150	Вусач пахучий мускусний	124	0	11	3.0
151	Вусач сірий кленовий	42	0	5	1.0
152	Вусач-великозуб оленерогий	2	0	1	0.0
153	Вусач-коренеїд	11	0	1	1.0
154	Вусач-коренеїд елегантний	33	0	3	2.0
155	Вусач-коренеїд кримський	1	0	1	0.0
156	Вусач-коренеїд хрестоносець	38	0	5	1.0
157	Вусач-пурпуронадкрил Келера	5	0	1	0.0
158	Вусач-стенокор дубовий	5	0	2	0.0
159	Вусач-титан	5	0	1	0.5
160	Вусач-титан велетенський	49	0	5	1.5
161	Вусач-товстун	1	0	1	0.0
162	Вусач-товстун вербовий	24	0	4	1.0
163	Вусачик-акмеопс	0	0	0	0.0
164	Вусачик-акмеопс семикрапковий	31	0	5	1.0
165	Вусачі	476	5	31	14.5
166	Вусачі Українських Карпат	39	0	5	1.0
167	Вуховертка звичайна	389	6	24	11.5
168	Вуховертки	95	0	8	3.0
169	Гал (біологія)	88	0	25	2.0
170	Галеруцини	6	0	1	0.0
171	Галиці	14	0	2	0.0
172	Галиця виноградна	26	0	4	1.0
173	Галиця вічкова	23	0	3	1.0
174	Галиця пагонова смородинова	19	0	3	1.0
175	Галиця плодова грушева	15	0	3	1.0
176	Гармонія азійська	163	0	16	5.0
177	Гарячка паппатачі	39	0	4	1.0
178	Гемолімфа	83	0	8	2.0
179	Гемоціанін	42	0	5	2.0
180	Гігантський азійський шершень	182	1	12	6.0
181	Гілл-топпінг	8	0	1	1.0
182	Гіляров Меркурій Сергійович	14	0	2	0.0
183	Гіперметаморфоз	6	0	2	0.5
184	Гірняк Евриала	15	0	2	1.0
185	Гірняк полонинець	22	0	3	1.0
186	Гірняк Проноя	15	0	3	1.0
187	Гірняк темнорудий	23	0	3	1.0
188	Гниди	636	9	30	19.5
189	Гнойовик звичайний	114	0	13	3.0
190	Гнус	365	4	18	12.0
191	Голова комах	47	0	10	1.0
192	Головогруди	23	0	3	1.0
193	Головотрубка	6	0	1	0.0
194	Головчак Актеон	17	0	2	1.0
195	Головчак Андромеда	11	0	2	1.0
196	Головчак великий рожаний	16	0	3	1.0
197	Головчак гратчастий	9	0	1	1.0
198	Головчак жилкуватий	13	0	2	1.0
199	Головчак карчоховий	9	0	2	0.0
200	Головчак кома	8	0	1	1.0
201	Головчак крокісовий	7	0	1	0.0
202	Головчак кружало	7	0	1	0.5
203	Головчак лісовий	23	0	5	1.0
204	Головчак мальвовий	35	0	4	1.0
205	Головчак мозаїчний	7	0	1	1.0
206	Головчак Морфей	12	0	2	1.0
207	Головчак Палемон	8	0	1	0.0
208	Головчак поцяткований	10	0	2	1.0
209	Головчак Прото	10	0	1	1.0
210	Головчак серпійний	5	0	1	0.0
211	Головчак сида	12	0	4	1.0
212	Головчак строкатий	6	0	1	0.0
213	Головчак східний	8	0	2	0.0
214	Головчак Таґес	5	0	1	0.0
215	Головчак тире	14	0	3	1.0
216	Головчак французький	5	0	1	0.0
217	Головчак чистецевий	5	0	1	0.0
218	Головчак-лісовик	12	0	3	1.0
219	Головчаки	13	0	4	0.0
220	Голометабола	18	0	3	0.0
221	Горохова попелиця	20	0	4	1.0
222	Гохгут Йоганн Хайнріх	6	0	1	0.0
223	Гребенников Віктор Степанович	19	0	5	1.0
224	Грибоподібні тіла	4	0	1	0.0
225	Грилоблатиди	3	0	1	0.0
226	Груди комах	45	0	9	1.0
227	Губоногі	75	0	6	3.0
228	Гусениця	288	2	19	9.0
229	Густав Майр	2	0	1	0.0
230	Ґедзі	1542	25	108	42.5
231	Ґедзь бичачий	191	1	12	6.0
232	Давньокрилі	16	0	3	1.0
233	Данаєць Хрисипп	16	0	2	1.0
234	Данилевський Олександр Сергійович	35	0	5	1.0
235	Двокрилі	257	1	19	7.0
236	Двопарноногі багатоніжки	31	0	3	1.0
237	Двопорі	2	0	1	0.0
238	Дендрометріни	4	0	2	0.0
239	Деревинник дубовий	34	0	4	2.0
240	Деревний богомол закавказький	48	0	7	2.0
241	Джміль	843	13	41	27.0
242	Джміль альпійський	11	0	3	0.0
243	Джміль золотисто-підперезаний	5	0	1	0.0
244	Джміль мінливий	9	0	2	0.0
245	Джміль полярний	9	0	2	0.5
246	Джон Обадія Вествуд	1	0	1	0.0
247	Джордж Генрі Горн	0	0	0	0.0
248	Дзвінцеві	46	0	4	1.5
249	Дзюрчалки	119	0	9	3.0
250	Дибка степова	75	0	6	2.0
251	Династес	4	0	2	0.0
252	Династес Мая	2	0	1	0.0
253	Династес титис	1	0	1	0.0
254	Дихальце	18	0	7	0.0
255	Діапауза	19	0	2	1.0
256	Діаприїди	7	0	1	0.0
257	Довговус	3	0	1	0.0
258	Довговусі	24	0	4	1.0
259	Довговусі прямокрилі	15	0	2	1.0
260	Довговуска білоплямиста	8	0	1	1.0
261	Довгоніжка шкідлива	39	0	8	1.0
262	Довгоносик бульбочковий сірий щетинистий	57	1	4	2.0
263	Довгоносик бульбочковий смугастий	57	1	7	1.0
264	Довгоносик буряковий звичайний	76	0	8	2.0
265	Довгоносик візерунковий	28	0	3	1.0
266	Довгоносик грушевий листковий	33	0	4	1.0
267	Довгоносик двокільовий	29	0	5	1.0
268	Довгоносик землистий	29	0	5	1.0
269	Довгоносик комірний	357	1	31	11.5
270	Довгоносик ліщиновий	46	0	4	1.0
271	Довгоносик малиново-суничний	49	0	4	2.0
272	Довгоносик рисовий	49	0	6	2.0
273	Довгоносик сірий бруньковий	30	0	3	1.0
274	Довгоносик сірий буряковий	29	0	3	1.0
275	Довгоносик стебловий	21	0	3	1.0
276	Довгоносики	213	1	17	7.0
277	Довгоносикоподібні	34	0	5	1.0
278	Дозорець-імператор	112	0	11	3.0
279	Домашній чорний павук	277	3	16	8.5
280	Дріофториди	6	0	1	0.0
281	Дрозофіла чорночерева	82	0	6	2.5
282	Дрозофіли	275	1	16	9.0
283	Дукачик блакитнуватий	10	0	2	1.0
284	Дукачик бурий	13	0	2	1.0
285	Дукачик ватрак	14	0	3	1.0
286	Дукачик непарний	44	0	22	1.5
287	Дукачик обочень	15	0	3	1.0
288	Дукачик Терсамон	9	0	1	0.5
289	Дукачик фіялковий	16	0	3	1.0
290	Дядечко Микола Платонович	18	0	3	1.0
291	Евцера вірменська	3	0	2	0.0
292	Евцера далматська	19	0	5	1.0
293	Ейлія іржава	10	0	2	1.0
294	Екдізон	2	0	1	0.0
295	Екологія комах	154	0	37	2.0
296	Елія гостроголова	33	0	5	1.0
297	Ембії	7	0	2	0.0
298	Емпуза	10	0	2	0.0
299	Емпуза піщана	40	0	4	1.0
300	Емпуза смугаста	42	0	7	1.0
301	Емпузові	4	0	1	0.0
302	Ентомологічна зброя	26	0	3	1.0
303	Ентомологічний сачок	9	0	2	0.0
304	Ентомологія	247	2	15	7.0
305	Ентомохорія	1	0	1	0.0
306	Ентоцид (Метаризин)	120	0	9	3.0
307	Еребіди	12	0	8	0.0
308	Ернст Людвиг Ташенберг	1	0	1	0.0
309	Євген Йоганн Крістоф Еспер	3	0	2	0.0
310	Жалібниця	54	0	5	2.0
311	Жало (тварин)	138	0	10	4.0
312	Жан Анрі Фабр	17	0	4	0.0
313	Жан Гійом Авдінет-Сервіль	1	0	1	0.0
314	Жирове тіло	30	0	5	1.0
315	Життєвий цикл комах	508	3	140	10.5
316	Жовтюх	3	0	1	0.0
317	Жовтюх альфакарець	17	0	3	1.0
318	Жовтюх помаранчик	19	0	3	1.0
319	Жовтюх торфовищний	11	0	2	0.0
320	Жовтюх шапранець	14	0	2	1.0
321	Жужелиця дама	3	0	1	0.0
322	Жужелиця Шеврола	10	0	4	1.0
323	Жук малиновий	73	0	5	2.5
324	Жук музейний	28	0	4	1.0
325	Жук хлібний	95	0	8	3.0
326	Жук-Геркулес	78	0	9	2.0
327	Жук-носоріг європейський	634	7	39	15.5
328	Жук-олень	1091	11	85	30.5
329	Жук-самітник	25	0	5	1.0
330	Жуки-бомбардири	38	0	5	1.0
331	Жуки-гнойовики	162	1	16	4.0
332	Жуки-точильники	214	1	13	6.0
333	Жуки-хижаки	43	0	9	1.0
334	Заболонник	4	0	1	0.0
335	Заболонник грабовий	33	0	5	1.0
336	Західна бурякова муха	21	0	4	1.0
337	Західний квітковий трипс	34	0	6	1.0
338	Зегрис Евфема	14	0	2	1.0
339	Зелена цитрусова попелиця	2	0	1	0.0
340	Зеленоочка	22	0	4	1.0
341	Земледухи	551	8	29	16.5
342	Зернова міль	80	0	7	2.0
343	Зерноїд гороховий	32	0	4	1.0
344	Златка блискуча	15	0	2	1.0
345	Златка бронзова дубова	34	0	4	1.0
346	Златка смородинова вузькотіла	34	0	4	1.0
347	Златка чорна	57	0	14	1.0
348	Златки	49	0	5	1.0
349	Знойко Дмитро Васильович	5	0	1	0.0
350	Золотогуз	17	0	3	1.0
351	Золотоочки	152	0	17	4.0
352	Зораптери	11	0	3	0.0
353	Зоряниця Аврора	13	0	2	0.0
354	Зубарик стегнуватий	3	0	2	0.0
355	Зубарик чорнолапий	2	0	1	0.0
356	Іксодові кліщі	396	2	52	10.5
357	Імаго	290	3	17	8.0
358	Інсектициди	597	5	56	17.5
359	Ірис плямистий	52	0	6	1.0
360	Історія диптерології	3	0	2	0.0
361	Їздці	125	1	13	4.0
362	Їздці-іхневмоніди	41	0	4	1.0
363	Йоганн Зігфрід Хуфнагель	0	0	0	0.0
364	Йоганн Ігнац Шіффермюллер	1	0	1	0.0
365	Йоганн Карл Вільгельм Іллігер	1	0	1	0.0
366	Йоганн Каспар Фюсслі	3	0	3	0.0
367	Йоганн Фрідріх Вільгельм Гербст	1	0	1	0.0
368	Казарка (комаха)	61	0	7	2.0
369	Каліфориди	119	0	10	4.0
370	Каптурники	10	0	3	0.0
371	Карадрина	28	0	4	1.0
372	Каракурт	2780	40	150	83.0
373	Карл Пенеке	6	0	1	0.0
374	Касти комах	20	0	5	1.0
375	Катаптерикс кримський	14	0	2	1.0
376	Квіткоїд грушевий	36	0	4	1.0
377	Квіткоїд ріпаковий	39	0	7	1.0
378	Квіткоїд яблуневий	37	0	5	1.0
379	Кененії	15	0	3	1.0
380	Кератофаги	7	0	5	0.0
381	Кержнер Ізяслав Мойсейович	15	0	5	0.0
382	Кириченко Олександр Миколайович	15	0	4	1.0
383	Ківсяки	48	0	5	1.0
384	Кістянки	90	0	10	2.0
385	Клітра	10	0	2	0.0
386	Клітрини	1	0	1	0.0
387	Кліщ собачий	153	1	15	4.0
388	Кліщі	951	17	52	28.0
389	Клоп грушевий	15	0	2	1.0
390	Клоп маврський	24	0	4	1.0
391	Клоп шкідлива черепашка	156	1	16	4.0
392	Клоп щавлевий	55	0	10	2.0
393	Клоп-арлекін	16	0	3	1.0
394	Клопи	974	17	64	29.5
395	Книжковий скорпіон	34	0	4	1.0
396	Кобилка (Прямокрилі)	54	0	11	1.0
397	Кобилка хрестова	30	0	8	1.0
398	Ковалик смугастий	58	0	6	2.0
399	Ковалики	143	0	11	4.0
400	Коконопряди	7	0	1	0.5
401	Коконопрядоподібні	1	0	1	0.0
402	Колемболи	46	0	6	1.0
403	Колорадський жук	770	14	38	22.0
404	Кольпа Клюге	8	0	3	1.0
405	Комар блискучий	1	0	1	0.0
406	Комар звичайний	550	9	30	17.5
407	Комарик черенковий	16	0	2	1.0
408	Комарі	2842	52	182	79.5
409	Комахи	2171	33	275	54.0
410	Комахи в культурі	75	0	9	2.0
411	Комахозапилення	109	0	13	3.0
412	Коник блакитнокрилий	30	0	3	1.0
413	Коник зелений	979	8	102	26.5
414	Кордулегастер кільчастий	24	0	4	1.0
415	Коренегриз звичайний	38	0	4	1.0
416	Коретра	8	0	2	0.0
417	Корнєєв Валерій Олексійович	47	0	4	1.5
418	Короїд	199	1	16	5.5
419	Короїд зморшкуватий	59	0	16	2.0
420	Короїд непарний багатоїдний	31	0	5	1.0
421	Короїд непарний західний	43	0	5	1.0
422	Короїди	108	1	10	3.0
423	Коромисла	44	0	7	1.0
424	Коромисло (рід)	34	0	5	1.0
425	Коротковусі двокрилі	14	0	3	0.0
426	Коротковусі прямокрилі	24	0	5	1.0
427	Кортодера волохата	2	0	1	0.0
428	Коршунов Юрій Петрович	3	0	1	0.0
429	Косарики (ентомологія)	177	1	14	5.0
430	Косатцеві	42	0	6	1.0
431	Косатці	6	0	1	0.0
432	Косатцюваті	7	0	4	0.0
433	Костянтин Гормузакі	10	0	2	1.0
434	Краброніди	8	0	3	0.0
435	Кравчик-головач	83	0	9	2.0
436	Красновуска Маккара	2	0	1	0.0
437	Красотіл пахучий	45	0	4	2.0
438	Красуня блискуча кримська	22	0	4	1.0
439	Красуня діва	78	0	14	2.0
440	Кривовусі крихітки-молі	29	0	21	2.0
441	Крила комах	129	0	22	3.5
442	Крилаті комахи	39	0	4	1.0
443	Круглошовні мухи	3	0	1	0.0
444	Круліковський Леонід Костянтинович	3	0	1	0.0
445	Крупноголови	3	0	1	0.0
446	Ксєнжопольський Антон Владиславович	6	0	2	0.0
447	Ксилокопа	76	0	7	2.0
448	Ксилокопа звичайна	282	1	20	8.5
449	Ксилокопа райдужна	35	0	3	1.0
450	Ксилокопа фіолетова	199	1	16	6.0
451	Ктир велетенський	69	0	15	1.0
452	Ктир шершенеподібний	57	0	12	1.0
453	Кубіталія чорна	9	0	2	1.0
454	Кукуїформні	3	0	1	0.0
455	Кукуйоїдні	1	0	1	0.0
456	Кутикула безхребетних	48	0	4	2.0
457	Левкоринія білолоба	21	0	3	1.0
458	Легіт березовий	20	0	3	1.0
459	Легіт дубовий	13	0	3	0.0
460	Лептура	10	0	2	0.0
461	Лептура етіопка	1	0	1	0.0
462	Лептура золотиста	29	0	4	1.0
463	Лептура кривонога	3	0	1	0.0
464	Лептура червоноспинкова	5	0	2	0.0
465	Лептура чотирисмуга	42	0	8	1.0
466	Лептурини	14	0	2	1.0
467	Листоблішка грушева	17	0	3	1.0
468	Листоблішка зонтична	22	0	3	1.0
469	Листоблішка яблунева	19	0	3	1.0
470	Листоблішки	8	0	2	0.0
471	Листоїд в'язовий	32	0	5	1.0
472	Листоїд рудий	0	0	0	0.0
473	Листоїд фіолетовий вільховий	120	0	17	3.0
474	Листоїди	104	0	18	2.0
475	Листокрутка брунькова	14	0	2	1.0
476	Листокрутка вербова кривовуса	16	0	2	1.0
477	Листокрутка виноградна	22	0	3	1.0
478	Листокрутка вишнева	16	0	2	1.0
479	Листокрутка кривовуса ліщинова	12	0	3	1.0
480	Листокрутка кривовуса смородинова	5	0	1	0.0
481	Листокрутка полохлива	10	0	1	1.0
482	Листокрутка різноколірна плодова	12	0	2	0.0
483	Листокрутка розанова	29	0	4	1.0
484	Листокрутка свинцевосмугаста	8	0	2	0.0
485	Листокрутка сітчаста	13	0	2	0.5
486	Листокрутка строкато-золотиста	9	0	2	0.0
487	Листокрутка сунична	9	0	4	0.0
488	Лівшиц Іссахар Зельманович	8	0	2	0.0
489	Ліксус катрановий	6	0	1	0.0
490	Лук'янович Федір Костянтинович	6	0	1	0.0
491	Лунка срібляста	18	0	3	1.0
492	Луски	76	0	13	2.0
493	Лускокрилі	737	11	66	20.0
494	Лусочниця звичайна	163	1	22	5.0
495	Людвіг Гангльбауер	0	0	0	0.0
496	Людовико ді Капоріакко	1	0	1	0.0
497	Лялечка	138	0	10	4.0
498	Ляміїні	0	0	0	0.0
499	М'якотілки	134	0	18	3.0
500	Макрофія тевтонська	0	0	0	0.0
501	Максили	15	0	2	1.0
502	Мальпігієві судини	33	0	4	1.0
503	Малярійні комарі	145	1	9	4.0
504	Мандибули	49	0	4	2.0
505	Мантиспові	7	0	5	0.0
506	Мариковський Павло Іустинович	32	0	4	1.0
507	Маріо Бецці	1	0	1	0.0
508	Матка (бджільництво)	298	3	15	9.0
509	Махаон (комаха)	497	5	28	16.5
510	Мацумура Шенен	0	0	0	0.0
511	Мегалара гаруда	3	0	1	0.0
512	Мегахілиди	7	0	2	0.5
513	Мей Беренбаум	5	0	2	0.0
514	Мереживниця Галатея	32	0	7	1.0
515	Мереживниця російська	25	0	18	1.0
516	Мертвоїди	63	0	10	1.0
517	Метелівкові	42	0	8	1.0
518	Міксофаги	5	0	2	0.0
519	Міль бурякова мінуюча	14	0	3	1.0
520	Міль довговуса зелена	7	0	2	0.0
521	Міль зонтична	17	0	3	1.0
522	Міль капустяна	43	0	5	1.0
523	Міль листкова	14	0	5	0.5
524	Міль плодова	38	0	3	1.0
525	Міль серпокрила персикова	12	0	3	1.0
526	Міль цибулева	6	0	2	0.0
527	Міль яблунева	52	0	6	2.0
528	Мінери	23	0	3	1.0
529	Мінливець великий	58	0	7	2.0
530	Мінливець малий	34	0	14	1.0
531	Мінливець Метис	20	0	4	1.0
532	Мокреці	37	0	3	1.0
533	Мокржецький Сигізмунд Олександрович	9	0	2	0.0
534	Молі довговусі	1	0	1	0.0
535	Молі-строкатки	8	0	2	0.0
536	Мольорх малий	0	0	0	0.0
537	Монарх (метелик)	162	1	11	5.0
538	Морімус	3	0	1	0.0
539	Морімус блакитний	27	0	4	1.0
540	Морімус справжній	26	0	4	1.0
541	Морфо	38	0	5	1.0
542	Москіт	80	0	9	3.0
543	Москіти	131	1	12	4.0
544	Мотиль	185	1	12	5.0
545	Мурахи	1656	28	151	48.0
546	Мурашиний лев звичайний	82	0	15	2.0
547	Мурашині леви	57	0	8	2.0
548	Муха вишнева	39	0	6	1.0
549	Муха гессенська	40	0	5	1.0
550	Муха капустяна весняна	31	0	4	1.0
551	Муха кімнатна	1018	17	64	30.0
552	Муха морквяна	45	0	9	1.0
553	Мухи	578	10	34	16.5
554	Мухи-стрічкокрилки	18	0	4	1.0
555	Мухоловка звичайна	934	18	45	29.0
556	Надкрила	88	0	36	1.0
557	Наличник (біологія)	8	0	2	0.0
558	Настінні павуки-краби	8	0	1	0.5
559	Непарний шовкопряд	39	0	5	1.0
560	Неуротома фауста	0	0	0	0.0
561	Нівелія кров'янистонадкрила	22	0	3	1.0
562	Німфа (біологія)	125	0	29	3.0
563	Новокрилі	28	0	3	1.0
564	Ноги комах	206	1	39	5.0
565	Ноліди	10	0	6	0.0
566	Носатки	23	0	19	0.0
567	Носачка-листовидка	12	0	2	0.0
568	Носачки	6	0	4	0.0
569	Нотум	5	0	2	0.0
570	Образцов Микола Сергійович	9	0	3	0.0
571	Оводи	761	7	61	21.0
572	Оглоблін Дмитро Олексійович	5	0	1	0.0
573	Оглоблін Олександр Олексійович	9	0	3	0.0
574	Одноденки	109	0	10	3.0
575	Однопорі	4	0	3	0.0
576	Оксамитниця аретуса	10	0	3	0.5
577	Оксамитниця Тарпея	10	0	4	0.0
578	Оксамитниця Ютта	7	0	2	0.0
579	Оліготоміди	1	0	1	0.0
580	Онтофаг	4	0	1	0.0
581	Опариш	445	4	26	14.0
582	Опістосома	5	0	1	0.0
583	Опостегіди	2	0	1	0.0
584	Орусус паразитичний	10	0	2	0.0
585	Орхідейний богомол	17	0	2	1.0
586	Оса	962	12	52	30.0
587	Осадець білозір	17	0	3	1.0
588	Осадець великий	12	0	2	1.0
589	Осадець Егерія	17	0	3	0.5
590	Осадець Мегера	11	0	2	0.0
591	Осмія руда	56	0	5	2.0
592	Очняк жовтогарячий	12	0	3	0.5
593	Очняк квітковий	53	0	6	1.0
594	Очняк Лікаон	9	0	2	1.0
595	Очняк ферульний	15	0	3	1.0
596	П'явиця синя	36	0	4	1.0
597	П'ядун аґрусовий	32	0	3	1.0
598	П'ядун березовий	41	0	4	1.0
599	П'ядун зимовий	26	0	5	1.0
600	П'ядун обведений	7	0	2	0.0
601	П'ядун щавлевий	3	0	1	0.0
602	П'ядуни	38	0	8	1.0
603	Павук жовтий	1051	7	98	23.0
604	Павук-краб	11	0	2	1.0
605	Павук-сріблянка	747	12	36	23.5
606	Павук-хрестовик	1620	22	83	48.5
607	Павуки	1996	30	125	58.5
608	Павуки роду Argiope	9	0	2	1.0
609	Павуки-краби	97	0	10	2.5
610	Павуки-тенетники	41	0	5	1.0
611	Павукоподібні	544	3	41	16.0
612	Павутинні кліщі	86	0	11	2.0
613	Панцирні кліщі	11	0	3	0.0
614	Паперові оси	99	0	12	3.0
615	Паразитоформні кліщі	30	0	6	1.0
616	Пасманець струмковий	11	0	1	1.0
617	Пауроподи	20	0	4	1.0
618	Пахіта	5	0	2	0.0
619	Пахіта смугаста	3	0	3	0.0
620	Пахіта чотириплямиста	9	0	2	0.5
621	Пацюкова блоха	56	0	4	2.0
622	Педикульоз	1663	25	87	51.0
623	Пелекоцера широколоба	1	0	1	0.0
624	Первиннобезкрилі комахи	32	0	4	1.0
625	Передньоспинка	3	0	1	0.0
626	Перетинчастокрилі	266	4	21	7.5
627	Періодичні цикади	126	0	10	3.5
628	Перлівець Геката	8	0	2	0.0
629	Перлівець Дафна	8	0	1	1.0
630	Перлівець Евномія	7	0	1	0.5
631	Перлівець Єфросина	7	0	3	0.0
632	Перлівець Іно	10	0	2	1.0
633	Перлівець малий	8	0	2	0.0
634	Перлівець північний	5	0	2	0.0
635	Перлівець Селена	9	0	1	1.0
636	Перлівець Титанія	5	0	1	0.0
637	Петрункевич Олександр Іванович	5	0	2	0.0
638	Печерний коник кавказький	4	0	2	0.0
639	Пилкоротиця південна	1	0	1	0.0
640	Пилкохвіст	7	0	2	0.0
641	Пилкохвіст Болдирева	4	0	2	0.0
642	Пилкохвіст український	38	0	6	2.0
643	Пилові кліщі	272	2	26	8.0
644	Пильщик березовий	19	0	4	1.0
645	Пильщики	51	0	5	1.0
646	Північна бурякова муха	11	0	3	1.0
647	Піґулочники	3	0	2	0.0
648	Підсрібник Адиппа	16	0	8	1.0
649	Підсрібник великий	24	0	12	1.0
650	Підсрібник габовий	16	0	4	1.0
651	Підсрібник Лаодіка	12	0	2	1.0
652	Підсрібник Латонія	18	0	2	1.0
653	Підсрібник Ніобея	15	0	5	1.0
654	Підсрібник Пандора	14	0	2	1.0
655	Плавунець облямований	65	0	6	2.0
656	Плавунець широкий	15	0	2	1.0
657	Плавунцеві	125	0	10	3.0
658	Плавунці	17	0	3	1.0
659	Пластинчастовусі	56	0	8	2.0
660	Платтяна воша	258	1	19	7.5
661	Плішивий шершень	54	0	5	2.0
662	Плодожерка яблунева	130	1	11	4.0
663	Плоский червоний кліщ	19	0	3	1.0
664	Плоскотілка червона	5	0	1	0.0
665	Плоскотілки	18	0	3	1.0
666	Політ комах	45	0	9	1.0
667	Пономаренко Олександр Георгійович	2	0	1	0.0
668	Попелиці	461	5	29	13.0
669	Попелиця баштанна	56	0	5	2.0
670	Порчинський Йосип Алоїзович	5	0	2	0.0
671	Постільний клоп	1389	27	106	39.5
672	Примарові	59	0	6	2.0
673	Прихованохоботник стебловий капустяний	30	0	5	1.0
674	Прихованощелепні	8	0	2	0.0
675	Прочанок Арканія	13	0	3	0.0
676	Прочанок Глікеріон	14	0	3	1.0
677	Прочанок Едип	10	0	2	1.0
678	Прочанок Леандр	13	0	2	1.0
679	Прочанок памфіл	19	0	3	1.0
680	Прус італійський	117	1	18	3.0
681	Прусак	153	1	11	5.0
682	Прусак рудий	399	4	25	12.0
683	Прямокрилі	200	1	23	4.5
684	Псарус черевастий	11	0	2	1.0
685	Псевдоскорпіони	65	0	20	2.0
686	Псевдофаенопс Якобсона	1	0	1	0.0
687	Псевдощитівки	6	0	2	0.0
688	Птахокрилка королеви Олександри	6	0	1	0.0
689	Птеростих	15	0	2	1.0
690	Пухоїди	59	0	7	2.0
691	Ранатра звичайна	56	0	10	1.0
692	Рафідофориди	6	1	2	1.5
693	Рицинулеї	1	0	1	0.0
694	Рівнокрилі	89	0	12	2.0
695	Рівнокрилі бабки	77	0	10	2.0
696	Різнокрилі	53	0	6	1.0
697	Рогач малий	154	0	14	4.0
698	Рогачі	65	0	8	2.0
699	Рогохвіст-авгур	2	0	1	0.0
700	Рогохвости	29	0	4	1.0
701	Родендорф Борис Борисович	0	0	0	0.0
702	Ротовий апарат комах	183	1	26	4.0
703	Руднєв Дмитро Федорович	4	0	2	0.0
704	Рябець Аврелія	12	0	3	1.0
705	Рябець Авринія	6	0	1	0.0
706	Рябець арденнський	8	0	4	1.0
707	Рябець Аталія	14	0	2	1.0
708	Рябець Бритомартида	8	0	1	1.0
709	Рябець великий	17	0	3	1.0
710	Рябець діаміна	8	0	2	0.0
711	Рябець звичайний	16	0	2	1.0
712	Рябець рудий	15	0	2	1.0
713	Рябець червоний	40	0	23	1.0
714	Сарана	1201	12	118	32.5
715	Сарана марокська	16	0	4	1.0
716	Сарана перелітна	356	2	28	10.5
717	Саранові	66	0	10	2.0
718	Сатир боровий	21	1	20	10.5
719	Сатир боровий південний	13	0	3	1.0
720	Сатир Брісеїда	11	0	2	1.0
721	Сатир буковий	7	0	2	0.0
722	Сатир Герміона	12	0	2	1.0
723	Сатир Дріада	0	0	0	0.0
724	Сатир Персефона	8	0	2	0.0
725	Сатир Цирцея	13	0	2	1.0
726	Сатурнієві	6	0	1	0.0
727	Сатурнія (метелик)	4	0	2	0.0
728	Сатурнія велика	234	0	19	6.0
729	Світлякові	323	2	23	9.0
730	Сидячечеревні	20	0	3	1.0
731	Сизириди	2	0	1	0.0
732	Симфіли	16	0	2	1.0
733	Синдром руйнування колоній	31	0	2	1.0
734	Синявець Алькон	13	0	2	0.0
735	Синявець Альцет	10	0	2	1.0
736	Синявець Антерос	2	0	1	0.0
737	Синявець Аргирогномон	17	0	3	1.0
738	Синявець Аргіад	6	0	2	0.0
739	Синявець Аргус	10	0	3	0.0
740	Синявець Аріон	13	0	2	1.0
741	Синявець вицвілий	0	0	0	0.0
742	Синявець Вікрама	5	0	1	0.0
743	Синявець голуб'як	5	0	1	0.0
744	Синявець гороховий	8	0	2	0.0
745	Синявець Дамон	7	0	3	0.0
746	Синявець Дамоне	4	0	1	0.0
747	Синявець евмедон	7	0	3	0.0
748	Синявець Ідас	10	0	1	1.0
749	Синявець Ікар	43	0	5	2.0
750	Синявець карликовий	10	0	1	1.0
751	Синявець конюшиновий	10	0	2	0.0
752	Синявець Коридон	16	0	8	0.0
753	Синявець кримський	8	0	2	0.0
754	Синявець крушиновий	13	0	2	1.0
755	Синявець Мелеагр	10	0	1	0.0
756	Синявець Озиріс	14	0	2	1.0
757	Синявець Оріон	7	0	2	0.0
758	Синявець Піритой	5	0	1	0.0
759	Синявець приязний	7	0	1	0.0
760	Синявець Рипарта	2	0	1	0.0
761	Синявець Телей	1	0	1	0.0
762	Синявець Терсит	9	0	4	0.0
763	Синявець торфовищний	9	0	2	0.0
764	Синявець туркусовий	6	0	3	0.0
765	Синявець хазарський	2	0	1	0.0
766	Синявець чорнуватий	15	0	5	0.0
767	Синявцеві	49	0	6	1.0
768	Система Комстока-Нідема	7	0	3	0.0
769	Систематичний перелік родин жуків світу	17	0	3	1.0
770	Сінниця Геро	3	0	1	0.0
771	Сіноїди	38	0	5	1.0
772	Сітчастокрилі	71	0	11	2.0
773	Скарабей	29	0	5	1.0
774	Скарабей священний	410	4	21	12.5
775	Сколія-гігант	311	1	29	8.0
776	Сколопендра	1172	15	66	39.0
777	Сколопендра гігантська	80	0	7	2.0
778	Сколопендра кільчаста	41	0	4	1.0
779	Сколопендра товста	15	0	3	1.0
780	Скорпіон кримський	46	0	5	1.0
781	Скорпіони	568	8	47	15.5
782	Скорпіонові мухи	65	0	5	2.0
783	Слимакоїд кримський	49	0	8	1.0
784	Сліпняк буряковий	14	0	2	1.0
785	Сліпняк люцерновий	27	0	4	1.0
786	Слоник люцерновий	28	0	4	1.0
787	Совинський Вадим Васильович	4	0	2	0.0
788	Совка Агриппіна	6	0	2	0.0
789	Совка капустяна	33	0	4	1.0
790	Совка озима	66	0	7	1.0
791	Совка пірамідальна	10	0	2	0.0
792	Совка соснова	22	0	4	1.0
793	Совка-гамма	46	0	6	1.0
794	Совки	164	1	15	5.0
795	Совки-п'ядуни	3	0	1	0.0
796	Сольпуга звичайна	98	0	9	3.0
797	Сольпуги	239	2	21	6.0
798	Соміти	9	0	2	0.5
799	Сонечка	996	21	47	30.0
800	Сонечко двокрапкове	136	0	16	3.0
801	Сонечко семикрапкове	323	3	21	9.5
802	Сонцевик адмірал	120	0	8	3.5
803	Сонцевик будяковий	266	0	20	7.5
804	Сонцевик кропив'яний	93	0	8	3.0
805	Сонцевик павиче око	277	1	71	7.0
806	Сонцевик фау-біле	9	0	3	0.5
807	Сонцевики	107	0	7	3.0
808	Сонцевичок змінний	21	0	3	1.0
809	Список аністид України	1	0	1	0.0
810	Список бабок Польщі	5	0	1	0.0
811	Список бабок Росії	0	0	0	0.0
812	Список бабок України	229	0	43	5.0
813	Список богомолів Алжиру	9	0	3	0.0
814	Список богомолів В'єтнаму	0	0	0	0.0
815	Список богомолів Європи	9	0	3	0.0
816	Список богомолів Непалу	3	0	1	0.0
817	Список богомолів України	293	1	26	8.0
818	Список богомолів Шрі-Ланки	0	0	0	0.0
819	Список видів бджіл Ізраїлю	4	0	2	0.0
820	Список видів бджіл Швеції	5	0	1	0.0
821	Список видів джмелів України	156	0	14	4.5
822	Список видів мурах Грузії	12	0	4	0.0
823	Список видів мурах Данії	2	0	1	0.0
824	Список видів мурах Польщі	2	0	1	0.0
825	Список видів мурах роду Camponotus	3	0	2	0.0
826	Список видів мурах роду Crematogaster	0	0	0	0.0
827	Список видів мурах Росії	3	0	2	0.0
828	Список видів мурах України	284	2	19	8.0
829	Список видів мурах Швеції	1	0	1	0.0
830	Список видів мурах Шрі-Ланки	0	0	0	0.0
831	Список видів роду джміль	11	0	2	0.0
832	Список видів роду Aedes	6	0	3	0.0
833	Список видів роду Cicindela	0	0	0	0.0
834	Список двокрилих Польщі	31	0	4	1.0
835	Список денних метеликів Азербайджану	0	0	0	0.0
836	Список денних метеликів Алжиру	1	0	1	0.0
837	Список денних метеликів Вірменії	1	0	1	0.0
838	Список денних метеликів Ірану	1	0	1	0.0
839	Список денних метеликів Намібії	0	0	0	0.0
840	Список денних метеликів Російської Федерації	2	0	1	0.0
841	Список денних метеликів Санкт-Петербурга і Ленінградської області	0	0	0	0.0
842	Список денних метеликів Туреччини	1	0	1	0.0
843	Список денних метеликів України	787	9	62	23.0
844	Список денних метеликів Швеції	2	0	1	0.0
845	Список комах, занесених до Червоної книги України	160	1	11	5.0
846	Список лускокрилих Австрії	0	0	0	0.0
847	Список лускокрилих Албанії	4	0	1	0.0
848	Список лускокрилих Андорри	0	0	0	0.0
849	Список лускокрилих Бельгії	0	0	0	0.0
850	Список лускокрилих Білорусі	1	0	1	0.0
851	Список лускокрилих Болгарії	0	0	0	0.0
852	Список лускокрилих Боснії і Герцеговини	0	0	0	0.0
853	Список лускокрилих Греції	0	0	0	0.0
854	Список лускокрилих Данії	0	0	0	0.0
855	Список лускокрилих Естонії	3	0	2	0.0
856	Список лускокрилих Ірану	5	0	2	0.0
857	Список лускокрилих Кіпру	0	0	0	0.0
858	Список лускокрилих Латвії	0	0	0	0.0
859	Список лускокрилих Литви	1	0	1	0.0
860	Список лускокрилих Ліхтенштейну	0	0	0	0.0
861	Список лускокрилих Люксембургу	0	0	0	0.0
862	Список лускокрилих Молдови	0	0	0	0.0
863	Список лускокрилих Намібії	2	0	1	0.0
864	Список лускокрилих Норвегії	0	0	0	0.0
865	Список лускокрилих Острова Пасхи	0	0	0	0.0
866	Список лускокрилих Островів Святої Єлени, Вознесіння і Тристан-да-Кунья	0	0	0	0.0
867	Список лускокрилих Північної Македонії	0	0	0	0.0
868	Список лускокрилих Польщі	0	0	0	0.0
869	Список лускокрилих Російської Федерації	15	0	4	1.0
870	Список лускокрилих Румунії	0	0	0	0.0
871	Список лускокрилих Сербії, Чорногорії та Косова	0	0	0	0.0
872	Список лускокрилих Словаччини	0	0	0	0.0
873	Список лускокрилих Танзанії	4	0	2	0.0
874	Список лускокрилих Угорщини	0	0	0	0.0
875	Список лускокрилих України	128	0	34	3.0
876	Список лускокрилих Фінляндії	0	0	0	0.0
877	Список лускокрилих Хорватії	4	0	2	0.0
878	Список лускокрилих Чехії	1	0	1	0.0
879	Список лускокрилих Швеції	1	0	1	0.0
880	Список лускокрилих Шрі-Ланки	8	0	4	0.0
881	Список метеликів родини Coleophoridae Туреччини	0	0	0	0.0
882	Список молей Туреччини	2	0	1	0.0
883	Список павуків Польщі	60	0	6	2.0
884	Список павуків Шрі-Ланки	0	0	0	0.0
885	Список прямокрилих України	70	1	34	8.0
886	Список скорпіонів Шрі-Ланки	0	0	0	0.0
887	Список совок Туреччини	2	0	1	0.0
888	Список тарганів Польщі	3	0	1	0.0
889	Список турунів Білорусі	1	0	1	0.0
890	Список турунів Естонії	1	0	1	0.0
891	Список турунів Молдови	1	0	1	0.0
892	Справжні ківсяки	5	0	1	0.0
893	Справжні клопи	137	0	9	4.0
894	Справжні коники	924	10	49	28.5
895	Справжні оси	48	0	6	1.0
896	Справжні попелиці	75	0	9	2.0
897	Справжні цвіркуни	142	1	10	4.0
898	Стафілін волохатий	7	0	2	0.0
899	Стафілін пахучий	50	0	6	1.5
900	Стебельчасточеревні	30	0	6	1.0
901	Стенурелла	2	0	1	0.0
902	Стерніт	10	0	2	0.0
903	Странгалія	7	0	2	0.0
904	Странґаліна вузькотіла	26	0	3	1.0
905	Стрибуни	55	0	21	1.0
906	Стрілка (бабка)	24	0	3	1.0
907	Стрілка Ліндена	14	0	2	1.0
908	Стрілка Меркурія	14	0	3	1.0
909	Стрілки (родина)	67	0	8	2.0
910	Стрільчатка псі	6	0	2	0.0
911	Стрільчатка тризубець	8	0	2	0.0
912	Стрільчатка щавлева	11	0	2	0.5
913	Стрічкарка диз'юнктивна	2	0	1	0.0
914	Стрічкарка орденська малинова	12	0	2	1.0
915	Стрічкарка тополева	18	0	3	1.0
916	Стрічкарка червоно-жовта	1	0	1	0.0
917	Стрічкарки	6	0	1	0.0
918	Строкатки (метелики)	62	0	6	2.0
919	Строкатокрилки	16	0	3	1.0
920	Тагма	7	0	2	0.0
921	Тарантул	892	15	40	26.5
922	Тарантул південноруський	1217	17	88	37.0
923	Тарган чорний	223	1	16	6.0
924	Таргани	986	15	83	28.0
925	Тарганові перегони	9	0	2	0.0
926	Тарганоподібні	28	0	4	1.0
927	Твердокрилі	604	4	67	17.5
928	Теленга Микола Абрамович	9	0	2	0.0
929	Тельсон	10	0	2	0.0
930	Тенебріоноїдні	2	0	1	0.0
931	Теодор Генрі Фрісон	0	0	0	0.0
932	Тер-Мінасян Маргарита Єрвандівна	3	0	1	0.0
933	Тергіт	13	0	3	0.0
934	Терміти	236	2	15	7.0
935	Тетригіди	2	0	2	1.0
936	Томарес Каллімах	2	0	1	0.0
937	Томас Волластон	0	0	0	0.0
938	Тонкі ківсяки	2	0	1	0.0
939	Тонкопряди	4	0	1	0.0
940	Тонкочеревець Фонсколомба	23	0	4	1.0
941	Торакс (зоологія)	41	0	9	1.0
942	Трахеї	38	0	7	1.0
943	Трахейнодишні	19	0	4	1.0
944	Триктенотоміди	2	0	1	0.0
945	Трипси	299	1	152	4.0
946	Тріскачка ширококрила	11	0	3	1.0
947	Тромбідіформні кліщі	26	0	7	1.0
948	Трубкокрут дубовий	30	0	4	1.0
949	Трубкокрути	6	0	2	0.0
950	Трубконосики	6	0	4	0.0
951	Трутень	598	8	29	18.0
952	Турун	162	0	17	4.5
953	Турун бесарабський	4	0	1	0.0
954	Турун Менетріє	11	0	2	0.0
955	Турун печерний Дублянського	2	0	2	0.0
956	Турун угорський	11	0	3	0.0
957	Турун Фабра	2	0	2	0.0
958	Турун Фабра український	22	0	3	1.0
959	Турун хлібний	81	1	10	3.0
960	Турун Щеглова	2	0	1	0.0
961	Туруни	308	2	21	8.5
962	Туруноїдні	11	0	2	0.0
963	Уваров Борис Петрович	19	0	16	0.0
964	Фасеткове око	69	0	8	2.0
965	Філоксера виноградна	104	1	8	3.0
966	Фредерік Мур	2	0	1	0.0
967	Френсіс Песко	0	0	0	0.0
968	Хвостюшки	2	0	1	0.0
969	Хвостюшок акацієвий	4	0	1	0.5
970	Хвостюшок в'язовий	10	0	1	1.0
971	Хвостюшок падубник	5	0	1	0.0
972	Хвостюшок підзелень	5	0	1	0.0
973	Хвостюшок сливовий	7	0	2	0.0
974	Хвостюшок терновий	4	0	1	0.0
975	Хижі жуки	29	0	4	1.0
976	Хітин	355	2	25	10.0
977	Хоботкові метелики	18	0	3	1.0
978	Хребтоплав звичайний	115	0	12	3.0
979	Хризоліна	0	0	0	0.0
980	Хризомеліни	3	0	2	0.0
981	Хрущ	273	1	22	8.0
982	Хрущ волохатий	77	0	9	3.0
983	Хрущ мармуровий	300	1	33	7.0
984	Хрущ травневий	548	9	48	16.0
985	Хрущак борошняний	199	1	26	5.0
986	Хрущі	128	0	12	3.0
987	Царічкова Діана Борисівна	3	0	3	0.0
988	Цвіркун польовий	302	2	22	9.0
989	Цвіркуни	287	4	18	9.0
990	Целонітес абревіатус кримський	7	0	2	0.0
991	Церамбікоїдні	5	0	2	0.0
992	Цератофій багаторогий	32	0	5	1.0
993	Цеце	480	7	24	16.0
994	Цикади	1139	23	50	36.0
995	Цикадки	57	0	7	1.0
996	Чарльз Ротшильд	5	0	2	0.0
997	Чекініола пластисцелідина	6	0	3	0.0
998	Червеці	25	0	5	1.0
999	Червець	164	0	11	5.5
1000	Червиця пахуча	33	0	5	1.0
1001	Червневий хрущ	106	0	11	2.0
1002	Червоноклоп червоний	1209	18	62	36.0
1003	Червонолоб	3	0	2	0.0
1004	Червчик Комстока	16	0	3	1.0
1005	Черевце	27	0	3	1.0
1006	Черевце комах	56	0	13	2.0
1007	Чорнотілки	199	1	12	5.5
1008	Чубатка пишновуса	5	0	2	0.0
1009	Шапіро Дора Самійлівна	1	0	1	0.0
1010	Шведські мухи	18	0	2	1.0
1011	Шелюжко Лев Андрійович	19	0	3	1.0
1012	Шершень	1309	23	63	40.5
1013	Шершень звичайний	437	6	26	13.5
1014	Шершень східний	30	0	5	1.0
1015	Шизоміди	12	0	2	1.0
1016	Шкіроїди	70	0	6	2.0
1017	Шовкопряд шовковичний	154	0	13	5.0
1018	Шовкопряди	6	0	2	0.0
1019	Шовкопряди похідні	21	0	5	1.0
1020	Щербатка c-біле	31	0	4	1.0
1021	Щетинкохвості	16	0	2	0.0
1022	Щитівки	48	0	5	2.0
1023	Щитники	47	0	7	1.0
1024	Щупальця	35	0	5	1.0
1025	Явище флюоресценції у скорпіонів	9	0	8	0.0
1026	Яйцеклад	63	0	15	1.0
1027	Aaaba	2	0	1	0.0
1028	Aaata finchi	1	0	1	0.0
1029	Abax	30	0	6	1.0
1030	Abiromorphus anceyi	1	0	1	0.0
1031	Acalyptratae	4	0	3	0.0
1032	Acanthaeschna victoria	0	0	0	0.0
1033	Acanthopsychops triaina	0	0	0	0.0
1034	Acanthopteroctetidae	2	0	1	0.0
1035	Aconurella	0	0	0	0.0
1036	Acorius	1	0	1	0.0
1037	Acostemminae	2	0	1	0.0
1038	Acraea horta	4	0	2	0.0
1039	Acromyrmex	29	0	28	0.0
1040	Acronicta	4	0	1	0.0
1041	Actenicerus	3	0	1	0.0
1042	Adela cuprella	3	0	1	0.0
1043	Adelowalkeria	3	0	2	0.0
1044	Adelpholeon lithophorus	0	0	0	0.0
1045	Adosomus	21	0	4	1.0
1046	Adrapsa	0	0	0	0.0
1047	Adrapsoides	0	0	0	0.0
1048	Aedes	33	0	7	1.0
1049	Aedes aegypti	25	0	4	1.0
1050	Aedes albopictus	84	0	13	2.0
1051	Aedes dorsalis	2	0	1	0.0
1052	Aedes nigromaculis	1	0	1	0.0
1053	Aenictus	4	0	2	0.0
1054	Aethiocarenus burmanicus	12	0	8	0.0
1055	Afghanocleonus	1	0	1	0.0
1056	Afrolarinus	3	0	1	0.0
1057	Agabinae	0	0	0	0.0
1058	Agapanthia amicula	1	0	1	0.0
1059	Agapanthia angelicae	0	0	0	0.0
1060	Agapanthia annularis	0	0	0	0.0
1061	Agapanthia asphodeli	0	0	0	0.0
1062	Agapanthia detrita	0	0	0	0.0
1063	Agapanthia pesarinii	0	0	0	0.0
1064	Agelenidae	48	0	14	1.0
1065	Agelenoidea	2	0	1	0.0
1066	Ageleradix	3	0	3	0.0
1067	Ageleradix cymbiforma	1	0	1	0.0
1068	Ageleradix otiforma	0	0	0	0.0
1069	Agonum	1	0	1	0.0
1070	Agonum dolens	0	0	0	0.0
1071	Agonum ericeti	1	0	1	0.0
1072	Agonum gracilipes	0	0	0	0.0
1073	Agonum lugens	1	0	1	0.0
1074	Agonum sexpunctatum	0	0	0	0.0
1075	Agonum versutum	0	0	0	0.0
1076	Agraulis vanillae	2	0	2	0.0
1077	Aguriahana	2	0	1	0.0
1078	Albicostella	0	0	0	0.0
1079	Alebra	1	0	1	0.0
1080	Aleocharinae	2	0	1	0.0
1081	Allantinae	2	0	1	0.0
1082	Allolarinus	2	0	1	0.0
1083	Alobaldia	0	0	0	0.0
1084	Alucita bulgaria	3	0	1	0.0
1085	Alucita karadagica	2	0	1	0.0
1086	Alucita pliginskii	2	0	1	0.0
1087	Alysiinae	0	0	0	0.0
1088	Amarixys	2	0	1	0.0
1089	Amarixys gracilis	0	0	0	0.0
1090	Ameles	6	0	1	0.0
1091	Ameles decolor	2	0	1	0.0
1092	Ameles fasciipennis	8	0	2	0.0
1093	Ameles spallanzania	2	0	1	0.0
1094	Amelini	1	0	1	0.0
1095	Amimenus	0	0	0	0.0
1096	Ammocleonus	1	0	1	0.0
1097	Anareolatae	0	0	0	0.0
1098	Aneuretus simoni	3	0	2	0.0
1099	Anomala binotata	0	0	0	0.0
1100	Anomaloninae	13	0	3	0.5
1101	Anopheles	69	0	6	2.0
1102	Anopheles (підрід)	8	0	2	0.0
1103	Anopheles freeborni	3	0	2	0.0
1104	Anopheles minor	3	0	2	0.0
1105	Anoplognathini	1	0	1	0.0
1106	Anoplura	92	0	7	3.0
1107	Anthrenus	7	0	2	0.0
1108	Apamea	0	0	0	0.0
1109	Apamea barbara	0	0	0	0.0
1110	Apamea glenura	0	0	0	0.0
1111	Apameini	0	0	0	0.0
1112	Aparotopus	3	0	1	0.0
1113	Aphelinidae	7	0	2	0.0
1114	Aphidiinae	2	0	1	0.0
1115	Aphidoletes	1	0	1	0.0
1116	Aphis	6	0	3	0.0
1117	Aphis baccharicola	3	0	1	0.0
1118	Aphthartopsychops scutatus	0	0	0	0.0
1119	Aphthona herbigrada	0	0	0	0.0
1120	Aphthona melancholica	0	0	0	0.0
1121	Aplesilus	1	0	1	0.0
1122	Apleurus	3	0	2	0.0
1123	Apoditrysia	1	0	1	0.0
1124	Apoidea	20	0	4	1.0
1125	Aprosthema	0	0	0	0.0
1126	Aptenoperissus	0	0	0	0.0
1127	Aptenoperissus etius	0	0	0	0.0
1128	Aptenoperissus magnifemoris	0	0	0	0.0
1129	Aptenoperissus pusillus	0	0	0	0.0
1130	Apteromantis aptera	1	0	1	0.0
1131	Araneoidea	7	0	2	0.0
1132	Arbelana	0	0	0	0.0
1133	Arboridia	1	0	1	0.0
1134	Archaeocercus schuvachinae	0	0	0	0.0
1135	Archaeolepis mane	2	0	1	0.0
1136	Archiearinae	0	0	0	0.0
1137	Archiinocellia oligoneura	0	0	0	0.0
1138	Architendipedidae	1	0	1	0.0
1139	Archizelmiridae	0	0	0	0.0
1140	Archocyrtus	5	5	5	5.0
1141	Arctiinae	50	0	32	0.0
1142	Arctoperlaria	0	0	0	0.0
1143	Arge pallidinervis	0	0	0	0.0
1144	Argema	0	0	0	0.0
1145	Argema mittrei	6	0	1	0.0
1146	Argiope	156	0	18	4.0
1147	Argiope aemula	3	0	1	0.0
1148	Argiope aetheroides	0	0	0	0.0
1149	Argiope amoena	13	0	4	0.0
1150	Argiope anasuja	3	0	1	0.0
1151	Argiope argentata	8	0	2	0.0
1152	Argiope aurantia	89	0	20	1.5
1153	Argiope boesenbergi	3	0	1	0.0
1154	Argiope catenulata	3	0	2	0.0
1155	Argiope chloreis	7	0	2	0.0
1156	Argiope dang	1	0	1	0.0
1157	Argiope doleschalli	7	0	2	1.0
1158	Argiope hoiseni	1	0	1	0.0
1159	Argiope lobata	570	7	32	17.0
1160	Argiope mangal	0	0	0	0.0
1161	Argiope minuta	8	0	2	0.0
1162	Argiope modesta	1	0	1	0.0
1163	Argiope ocula	3	0	1	0.0
1164	Argiope perforata	1	0	1	0.0
1165	Argiope picta	10	0	2	0.0
1166	Argiope pulchella	3	0	1	0.0
1167	Argiope reinwardti	4	0	1	0.0
1168	Argiope trifasciata	10	0	2	0.5
1169	Argynnini	6	0	3	0.0
1170	Argyresthia albistria	3	0	1	0.0
1171	Argyresthia bergiella	2	0	1	0.0
1172	Argyresthia conjugella	13	0	12	0.0
1173	Argyresthia illuminatella	2	0	1	0.0
1174	Argyresthia ivella	15	0	12	1.0
1175	Argyresthia laevigatella	3	0	1	0.0
1176	Argyresthia praecocella	0	0	0	0.0
1177	Argyresthia pruniella	4	0	1	0.0
1178	Argyresthia pygmaeella	5	0	2	0.0
1179	Argyresthia retinella	18	0	15	0.0
1180	Argyresthia semifusca	13	0	7	0.0
1181	Argyrotaenia brimuncus	0	0	0	0.0
1182	Aricia artaxerxes	2	0	1	0.0
1183	Arractocetus	1	0	1	0.0
1184	Aruena apicimaculata	1	0	1	0.0
1185	Asiarge	0	0	0	0.0
1186	Asiarge centralis	0	0	0	0.0
1187	Asiarge regeli	0	0	0	0.0
1188	Asinocleonus	3	0	2	0.0
1189	Asiochaoboridae	1	0	1	0.0
1190	Aspidiotinae	2	0	1	0.0
1191	Asproparthenis	18	0	3	1.0
1192	Atactogaster	1	0	1	0.0
1193	Atherigoninae	13	0	4	0.0
1194	Athysanella	0	0	0	0.0
1195	Athysanopsis	0	0	0	0.0
1196	Athysanus	0	0	0	0.0
1197	Atolmis rubricollis	1	0	1	0.0
1198	Atrax sutherlandi	0	0	0	0.0
1199	Atta cephalotes	0	0	0	0.0
1200	Atta colombica	0	0	0	0.0
1201	Atta texana	2	0	1	0.0
1202	Atta vollenweideri	0	0	0	0.0
1203	Attacus atlas	29	0	3	1.0
1204	Attercopus fimbriunguis	6	0	3	0.0
1205	Austroasca	0	0	0	0.0
1206	Aztecarpalus	0	0	0	0.0
1207	Balclutha	2	0	2	0.0
1208	Balinskycercella	2	0	1	0.0
1209	Bambusana	1	0	1	0.0
1210	Bangasternus	3	0	1	0.0
1211	Barbitistes constrictus	33	0	4	1.0
1212	Barbitistini	7	0	2	0.0
1213	Bathyphlebia	1	0	1	0.0
1214	Batrachedra praeangusta	16	0	13	0.0
1215	Batrachedridae	7	0	4	0.0
1216	Batrisini	2	0	2	0.0
1217	Bellinympha	0	0	0	0.0
1218	Besuchetiella	0	0	0	0.0
1219	Blaberidae	10	0	1	0.0
1220	Blastobasis phycidella	20	0	13	0.0
1221	Blastobasis ponticella	23	0	18	0.0
1222	Blattellidae	9	0	2	0.0
1223	Blattuloidea	1	0	1	0.0
1224	Blepharodinae	2	0	1	0.0
1225	Blepharopsis mendica	5	0	3	0.0
1226	Bobacella	0	0	0	0.0
1227	Bodemeyeria	1	0	1	0.0
1228	Boganiidae	0	0	0	0.0
1229	Boletobiinae	17	0	14	0.0
1230	Bolivaria	1	0	1	0.0
1231	Bombus transversalis	0	0	0	0.0
1232	Bombus tricornis	1	0	1	0.0
1233	Bothriurus olaen	0	0	0	0.0
1234	Bothrogonia	0	0	0	0.0
1235	Bothynoderes	15	0	3	1.0
1236	Brachyceridae	6	0	2	0.0
1237	Brachycerinae	1	0	1	0.0
1238	Brachycerini	2	0	1	0.0
1239	Brachycerus	13	0	3	0.0
1240	Brachycleonus	2	0	2	0.0
1241	Brachysternus	1	0	1	0.0
1242	Brachysternus angustus	0	0	0	0.0
1243	Brachysternus germaini	1	0	1	0.0
1244	Brachysternus marginatus	3	0	2	0.0
1245	Brachysternus patagoniensis	0	0	0	0.0
1246	Brachysternus prasinus	0	0	0	0.0
1247	Brachysternus solier	2	0	1	0.0
1248	Brachysternus spectabilis	0	0	0	0.0
1249	Bracon hebetor	6	0	1	0.0
1250	Broconius	13	0	3	1.0
1251	Bryodemella	2	0	1	0.0
1252	Bubas bubalus	1	0	1	0.0
1253	Bubopsis agrionoides	0	0	0	0.0
1254	Bucculatrix albedinella	22	0	15	1.0
1255	Bucculatrix artemisiella	14	1	13	7.0
1256	Bulbitermes	0	0	0	0.0
1257	Buprestinae	0	0	0	0.0
1258	Buprestis	2	0	1	0.0
1259	Burmocorynus jarzembowski	0	0	0	0.0
1260	Burmogramma liui	0	0	0	0.0
1261	Burmomacer kirejtshuki	0	0	0	0.0
1262	Burmopsychops	0	0	0	0.0
1263	Cacopsylla	4	0	3	0.0
1264	Cacopsylla costalis	0	0	0	0.0
1265	Cacopsylla crataegi	0	0	0	0.0
1266	Cacopsylla cretica	0	0	0	0.0
1267	Cacopsylla curta	0	0	0	0.0
1268	Cacopsylla difficilis	0	0	0	0.0
1269	Cacopsylla dilonchi	0	0	0	0.0
1270	Cacopsylla elegantula	0	0	0	0.0
1271	Cacopsylla exima	0	0	0	0.0
1272	Caligula	5	0	3	0.0
1273	Callistolixus	11	0	2	1.0
1274	Calodemas	1	0	1	0.0
1275	Calopterygoidea	4	0	1	0.0
1276	Calyptratae	6	0	2	0.0
1277	Camponotus	28	0	3	1.0
1278	Camptopterohelea odora	0	0	0	0.0
1279	Carabinae	3	0	1	0.0
1280	Carparachne aureoflava	14	0	3	1.0
1281	Catocalini	2	0	1	0.0
1282	Cecidomyiinae	1	0	1	0.0
1283	Centrocleonus	1	0	1	0.0
1284	Cerambyx welensii	1	0	1	0.0
1285	Ceratocampinae	5	0	3	0.0
1286	Chalcophora mariana	22	0	3	1.0
1287	Charaxes candiope	3	0	1	0.0
1288	Chauliognathus pensylvanicus	2	0	2	0.0
1289	Cheiracanthium inclusum	10	0	3	0.0
1290	Chilocorus bipustulatus	1	0	1	0.0
1291	Chilognatha	5	0	2	0.0
1292	Chimerarachne yingi	5	0	2	0.0
1293	Chironomoidea	0	0	0	0.0
1294	Chorthippus dorsatus	6	0	1	0.0
1295	Chromonotus	15	0	2	1.0
1296	Chromosomus	5	0	2	0.0
1297	Chrysididae	30	0	3	1.0
1298	Chrysidoidea	1	0	1	0.0
1299	Chrysis comparata	4	0	3	0.0
1300	Chrysis fulgida	9	0	2	0.0
1301	Chrysis pulchella	1	0	1	0.0
1302	Chrysis zetterstedti	1	0	1	0.0
1303	Chrysolina (підрід)	0	0	0	0.0
1304	Chrysops	28	0	4	1.0
1305	Chthonioidea	1	0	1	0.0
1306	Cicadula	2	0	1	0.0
1307	Cicindela	12	0	2	0.0
1308	Cicindela hybrida	41	0	4	1.0
1309	Cicindelina	2	0	1	0.0
1310	Cicindelinae	9	0	4	0.0
1311	Cicindelini	4	0	2	0.0
1312	Cimicoidea	0	0	0	0.0
1313	Cimicomorpha	1	0	1	0.0
1314	Citheronia	1	0	1	0.0
1315	Citioica	0	0	0	0.0
1316	Cladofer huangi	2	0	2	0.0
1317	Cleonini	7	0	2	0.0
1318	Cleonis	15	0	3	1.0
1319	Cleonolithus	1	0	1	0.0
1320	Cleridae	4	0	1	0.0
1321	Clistopyga crassicaudata	2	0	2	0.0
1322	Clitumninae	1	0	1	0.0
1323	Clytra appendicina	1	0	1	0.0
1324	Clytra atraphaxidis	0	0	0	0.0
1325	Cnemodontus	1	0	1	0.0
1326	Coccidulinae	10	0	2	1.0
1327	Coccinellinae	21	0	2	1.0
1328	Coccophagus	0	0	0	0.0
1329	Coccophagus lycimnia	0	0	0	0.0
1330	Coccophagus maculipennis	4	0	3	0.0
1331	Coccophagus malthusi	2	0	2	0.0
1332	Coccophagus margaritatus	1	0	1	0.0
1333	Coelidiinae	9	0	2	0.0
1334	Coenagrionoidea	5	0	2	0.0
1335	Colladonus	0	0	0	0.0
1336	Compsolixus	11	0	2	1.0
1337	Coniocleonus	12	0	2	0.0
1338	Conorhynchus	11	0	2	1.0
1339	Coptera anka	3	0	2	0.0
1340	Coreana raphaelis	1	0	1	0.0
1341	Coreoidea	0	0	0	0.0
1342	Cornupalpatum burmanicum	3	0	1	0.0
1343	Cosmogaster	1	0	1	0.0
1344	Cosmophasis bitaeniata	1	0	1	0.0
1345	Cotesia glomerata	5	0	2	0.0
1346	Coulinus	0	0	0	0.0
1347	Creatonotos gangis	569	0	164	6.0
1348	Crematogaster	8	0	1	0.0
1349	Crematogaster schmidti	14	0	2	1.0
1350	Creobroter	4	0	2	0.0
1351	Creoleon lugdunensis	0	0	0	0.0
1352	Cretanallachius magnificus	0	0	0	0.0
1353	Cretogramma engeli	0	0	0	0.0
1354	Cretoparacucujus cycadophilus	0	0	0	0.0
1355	Cryphopus	1	0	1	0.0
1356	Ctenurella	2	0	2	0.0
1357	Cuculliinae	4	0	3	0.0
1358	Culicomorpha	7	0	3	0.0
1359	Cupiennius	3	0	2	0.0
1360	Cupiennius salei	6	0	1	0.0
1361	Curculioididae	1	0	1	0.0
1362	Curculioninae	8	0	3	0.0
1363	Curculionites	3	0	1	0.0
1364	Cybister lateralimarginalis	9	0	4	0.0
1365	Cylindera	5	0	2	0.0
1366	Cylindera germanica	7	0	3	0.0
1367	Cylindera glabra	0	0	0	0.0
1368	Cymothoe sangaris	1	0	1	0.0
1369	Cynthia	18	0	2	1.0
1370	Cyphocleonus	14	0	2	1.0
1371	Danainae	7	0	2	0.0
1372	Daphnusa	0	0	0	0.0
1373	Daphnusa ailanti	0	0	0	0.0
1374	Daphnusa sinocontinentalis	0	0	0	0.0
1375	Darwinylus marcosi	0	0	0	0.0
1376	Dasineura	8	0	4	0.0
1377	Deinocroton draculi	0	0	0	0.0
1378	Deltocephalus	0	0	0	0.0
1379	Demodex cyonis	0	0	0	0.0
1380	Desis bobmarleyi	0	0	0	0.0
1381	Diaea	1	0	1	0.0
1382	Diaea dorsata	3	0	1	0.0
1383	Diaea ergandros	0	0	0	0.0
1384	Diaea evanida	1	0	1	0.0
1385	Diaea giltayi	0	0	0	0.0
1386	Diaeini	3	0	2	0.0
1387	Dikraneura	0	0	0	0.0
1388	Dilixellus	14	0	2	1.0
1389	Diodontognathus papillatus	0	0	0	0.0
1390	Dipteromantispidae	35	0	27	1.0
1391	Dolichopoda	7	0	2	0.0
1392	Dolichopoda geniculata	1	0	1	0.0
1393	Dolichopoda graeca	1	0	1	0.0
1394	Dolichopoda hussoni	1	0	1	0.0
1395	Dolichopoda makrykapa	0	0	0	0.0
1396	Dolomedes	10	0	2	0.0
1397	Donacia semicuprea	3	0	1	0.0
1398	Doratura	0	0	0	0.0
1399	Dorcadion cinerarium	2	0	1	0.0
1400	Dorcadion fuliginator	1	0	1	0.0
1401	Dorcadion mokrzeckii	17	0	3	1.0
1402	Dorcadion pedestre	3	0	1	0.0
1403	Dorcadion sareptanum	2	0	1	0.0
1404	Dryocampa	0	0	0	0.0
1405	Dryops	0	0	0	0.0
1406	Dysaphis	1	0	1	0.0
1407	Eacles	3	0	3	0.0
1408	Eacles barnesi	0	0	0	0.0
1409	Eacles oslari	0	0	0	0.0
1410	Eciton	3	0	1	0.0
1411	Ecitophya	0	0	0	0.0
1412	Ectinogonia buqueti	0	0	0	0.0
1413	Ederranus	1	0	1	0.0
1414	Edessena	0	0	0	0.0
1415	Eduardoxenus unicus	0	0	0	0.0
1416	Edwardsiana	0	0	0	0.0
1417	Elaea	1	0	1	0.0
1418	Elaterinae	0	0	0	0.0
1419	Electrocaptivus xui	0	0	0	0.0
1420	Elymana	0	0	0	0.0
1421	Emblemasoma erro	1	0	1	0.0
1422	Empoa	0	0	0	0.0
1423	Empoasca	0	0	0	0.0
1424	Empusa guttula	3	0	1	0.0
1425	Empusa hedenborgii	1	0	1	0.0
1426	Empusa longicollis	2	0	1	0.0
1427	Empusa pennata	6	0	2	0.0
1428	Empusa uvarovi	1	0	1	0.0
1429	Endoxyla cinereus	1	0	1	0.0
1430	Entiminae	7	0	2	0.0
1431	Entymetopus	1	0	1	0.0
1432	Eocleonus	3	0	1	0.0
1433	Eophyllium messelensis	0	0	0	0.0
1434	Epexochus	1	0	1	0.0
1435	Ephimeronotus	1	0	1	0.0
1436	Epiacanthus	7	0	2	0.0
1437	Epimeces	11	0	2	1.0
1438	Epiocheirata	0	0	0	0.0
1439	Episyrphus balteatus	36	0	5	1.0
1440	Eremiaphila	1	0	1	0.0
1441	Eremiaphilidae	7	0	2	0.0
1442	Eremoplana	0	0	0	0.0
1443	Eriovixia gryffindori	2	0	1	0.0
1444	Eristalis bardus	3	0	2	0.0
1445	Erythracarinae	11	0	8	0.0
1446	Erythromma	8	0	2	0.0
1447	Euacanthellinae	2	0	1	0.0
1448	Eugeniodecus	1	0	1	0.0
1449	Euhypnorna grata	0	0	0	0.0
1450	Eukoenenia	1	0	1	0.0
1451	Eukoenenia christiani	0	0	0	0.0
1452	Eukoenenia strinatii	1	0	1	0.0
1453	Eukoeneniidae	0	0	0	0.0
1454	Eulixus	15	0	3	1.0
1455	Eumecops	12	0	3	1.0
1456	Eumesocampa	7	0	6	0.0
1457	Euophrys omnisuperstes	0	0	0	0.0
1458	Eupelix	0	0	0	0.0
1459	Eupithecia basurmanca	1	0	1	0.0
1460	Eupteryx	0	0	0	0.0
1461	Eurhadina	0	0	0	0.0
1462	Eurycleonus	2	0	1	0.0
1463	Eurythyrea	2	0	1	0.0
1464	Euscelis	0	0	0	0.0
1465	Euscorpius beroni	8	0	4	0.0
1466	Eusparassus dufouri	0	0	0	0.0
1467	Eustenopus	3	0	1	0.0
1468	Eutulomatus	1	0	1	0.0
1469	Evacanthus	1	0	1	0.0
1470	Extatosoma tiaratum	5	0	2	0.0
1471	Fagina silvatica	0	0	0	0.0
1472	Fallomyrma anodonta	1	0	1	0.0
1473	Fallomyrma marginata	0	0	0	0.0
1474	Fallomyrma robusta	0	0	0	0.0
1475	Fideliinae	1	0	1	0.0
1476	Filistata maguirei	0	0	0	0.0
1477	Forcipata	0	0	0	0.0
1478	Formiciinae	5	0	2	0.0
1479	Formicini	1	0	1	0.0
1480	Furcantenna yangi	0	0	0	0.0
1481	Gasteroclisus	5	0	1	0.0
1482	Gastrophysa	7	0	2	0.0
1483	Geomantis	0	0	0	0.0
1484	Geomantis larvoides	0	0	0	0.0
1485	Georginus	2	0	1	0.0
1486	Girtesma	1	0	1	0.0
1487	Glebius	1	0	1	0.0
1488	Gluphisia	3	0	1	0.0
1489	Gluphisia crenata	2	0	1	0.0
1490	Gluphisia lintneri	0	0	0	0.0
1491	Gluphisia oxiana	0	0	0	0.0
1492	Goliathus regius	2	0	1	0.0
1493	Gondwanascorpio emzantsiensis	9	0	1	0.0
1494	Gonioctena	1	0	1	0.0
1495	Gonocleonus	2	0	1	0.0
1496	Gonometa postica	2	0	1	0.0
1497	Grant viridifluvius	2	0	2	0.0
1498	Gromphadorhina portentosa	53	0	10	1.0
1499	Gyranusoidea iranica	0	0	0	0.0
1500	Habralictus	2	0	1	0.0
1501	Hadeninae	1	0	1	0.0
1502	Halter halteratus	0	0	0	0.0
1503	Halteriomantispa grimaldii	37	0	24	1.0
1504	Haplocampa wagnelli	4	0	2	0.0
1505	Haplopelma schmidti	2	0	1	0.0
1506	Harmonia (комаха)	25	0	5	1.0
1507	Harpalinae	8	0	2	0.0
1508	Hedychrum nobile	6	0	2	0.0
1509	Helaeomyia petrolei	2	0	1	0.0
1510	Helichus ussuriensis	0	0	0	0.0
1511	Heliconiinae	5	0	1	0.0
1512	Heliconius erato	1	0	1	0.0
1513	Helicoverpa zea	12	0	3	0.0
1514	Heliozona	1	0	1	0.0
1515	Helminthomorpha	1	0	1	0.0
1516	Hermetia illucens	84	0	6	2.0
1517	Heterocleonus	2	0	1	0.0
1518	Heteropterinae	0	0	0	0.0
1519	Hexarthrius	1	0	1	0.0
1520	Hierodula	10	0	3	0.0
1521	Holaptilon	1	0	1	0.0
1522	Holaptilon pusillulum	2	0	1	0.0
1523	Hololixus	2	0	1	0.0
1524	Hovalarinus	1	0	1	0.0
1525	Hybomitra	23	0	6	0.5
1526	Hybomitra altaica	2	0	2	0.0
1527	Hybomitra alticola	2	0	1	0.0
1528	Hydrillodes	0	0	0	0.0
1529	Hyles	0	0	0	0.0
1530	Hylobius abietis	27	0	3	1.0
1531	Hymenopodidae	8	0	1	0.0
1532	Hypatopa binotella	20	0	14	0.0
1533	Hypatopa inunctella	16	0	7	0.0
1534	Hypogastruroidea	2	0	1	0.0
1535	Hypolixus	3	0	2	0.0
1536	Hypsicorypha gracilis	2	0	1	0.0
1537	Idolomantis diabolica	12	0	3	0.0
1538	Ileomus	3	0	1	0.0
1539	Ilybius	0	0	0	0.0
1540	Integripalpia	4	0	2	0.0
1541	Iolana iolas	1	0	1	0.0
1542	Iris	6	0	2	0.0
1543	Iris oratoria	6	0	2	0.0
1544	Isomerops	1	0	1	0.0
1545	Isotogastrura	0	0	0	0.0
1546	Isotomidae	0	0	0	0.0
1547	Ixodida	127	1	12	4.0
1548	Junonia coenia	2	0	1	0.0
1549	Junonia lemonias	4	0	2	0.0
1550	Kalligramma	0	0	0	0.0
1551	Kalligramma paradoxum	0	0	0	0.0
1552	Kalligrammatidae	1	0	1	0.0
1553	Kallima inachus	9	0	2	0.0
1554	Katha	1	0	1	0.0
1555	Katha depressa	0	0	0	0.0
1556	Katha laevis	0	0	0	0.0
1557	Katha magnata	0	0	0	0.0
1558	Katha moorei	0	0	0	0.0
1559	Katha nankunshanica	0	0	0	0.0
1560	Katha nigropoda	0	0	0	0.0
1561	Katha prabana	1	0	1	0.0
1562	Katha suffusa	0	0	0	0.0
1563	Kekveus jason	0	0	0	0.0
1564	Klassius	1	0	1	0.0
1565	Koenigius	1	0	1	0.0
1566	Labidura riparia	10	0	6	0.0
1567	Lachnaeus	13	0	2	1.0
1568	Lagonomegopidae	17	0	13	0.0
1569	Lambula	0	0	0	0.0
1570	Lambula aethalocis	0	0	0	0.0
1571	Lambula agraphia	2	0	1	0.0
1572	Lambula aroa	0	0	0	0.0
1573	Lambula bilineata	0	0	0	0.0
1574	Lambula bivittata	0	0	0	0.0
1575	Lambula buergersi	0	0	0	0.0
1576	Larentiinae	2	0	1	0.0
1577	Larinodontes	3	0	2	0.0
1578	Larinomesius	10	0	2	0.0
1579	Larinus	11	0	2	0.0
1580	Larinus (підрід)	10	0	3	1.0
1581	Larinus turbinatus	17	0	3	1.0
1582	Larinus vulpes	8	0	2	0.0
1583	Lasiocampinae	1	0	1	0.0
1584	Lasiommata	3	0	2	0.0
1585	Latrodectinae	8	0	3	0.0
1586	Lepismachilis eocaenica	1	0	1	0.0
1587	Leptopodomorpha	0	0	0	0.0
1588	Lestremiinae	0	0	0	0.0
1589	Lestremiini	0	0	0	0.0
1590	Lethocerus indicus	294	0	95	1.0
1591	Leucochromus	2	0	1	0.0
1592	Leucomigus	13	0	3	0.0
1593	Leucophyes	10	0	2	0.0
1594	Libelloides italicus	0	0	0	0.0
1595	Libelluloidea	6	0	2	0.0
1596	Limnichidae	0	0	0	0.0
1597	Liocleonus	1	0	1	0.0
1598	Lithosiinа	10	0	7	0.0
1599	Lithosiinae	8	0	7	0.0
1600	Lithosiini	13	0	13	0.0
1601	Lixinae	92	2	8	2.5
1602	Lixini	8	0	2	0.0
1603	Lixocleonus	1	0	1	0.0
1604	Lixoglyptus	3	0	2	0.0
1605	Lixomorphus	2	0	1	0.0
1606	Lixopachys	2	0	1	0.0
1607	Lixus	17	0	2	1.0
1608	Lixus (підрід)	12	0	2	1.0
1609	Lophocorona	1	0	1	0.0
1610	Lucaninae	1	0	1	0.0
1611	Lucanus	17	0	4	0.5
1612	Lucanus placidus	3	0	2	0.0
1613	Luciliinae	2	0	1	0.0
1614	Lycosa aragogi	25	0	3	1.0
1615	Lysibia nana	0	0	0	0.0
1616	Machaerotypus sibiricus	0	0	0	0.0
1617	Macleodiella electrina	0	0	0	0.0
1618	Macroglossinae	1	0	1	0.0
1619	Macrolepidoptera	1	0	1	0.0
1620	Macrosiphini	1	0	1	0.0
1621	Macrotermes	4	0	1	0.5
1622	Macrotermes gilvus	1	0	1	0.0
1623	Macroxiphus	2	0	1	0.0
1624	Macroxiphus nasicornis	4	0	3	0.0
1625	Macroxiphus sumatranus	1	0	1	0.0
1626	Manica	3	0	1	0.0
1627	Mantidae	20	0	4	0.0
1628	Mantis	25	0	8	0.0
1629	Maratus personatus	0	0	0	0.0
1630	Marumba spectabilis	0	0	0	0.0
1631	Marumba tigrina	0	0	0	0.0
1632	Maximus	10	0	1	0.5
1633	Mecaspis	1	0	1	0.0
1634	Medaurini	0	0	0	0.0
1635	Medauroidea	0	0	0	0.0
1636	Megachilinae	3	0	1	0.0
1637	Megaphragma	0	0	0	0.0
1638	Megatominae	2	0	1	0.0
1639	Melitaea acentria	0	0	0	0.0
1640	Melitaea ornata	2	0	1	0.0
1641	Menecleonus	1	0	1	0.0
1642	Menthastriella	1	0	1	0.0
1643	Mesocleonus	1	0	1	0.0
1644	Mesostigmata	10	0	2	0.0
1645	Mesothelae	7	0	1	0.0
1646	Metacucujus	0	0	0	0.0
1647	Metallyticus	1	0	1	0.0
1648	Metopininae	0	0	0	0.0
1649	Metriocampa	12	0	12	0.0
1650	Microcleonus	2	0	1	0.0
1651	Microlarinus	1	0	1	0.0
1652	Microlixus	1	0	1	0.0
1653	Microplitis croceipes	0	0	0	0.0
1654	Micropterix calthella	1	0	1	0.0
1655	Microthespis	0	0	0	0.0
1656	Mionycha	1	0	1	0.0
1657	Misumena vatia	663	7	37	20.5
1658	Misumenoides formosipes	0	0	0	0.0
1659	Molytinae	8	0	3	0.0
1660	Mongolocleonus	2	0	1	0.0
1661	Monolophus	2	0	1	0.0
1662	Morphini	1	0	1	0.0
1663	Morpho rhetenor	3	0	1	0.0
1664	Muschampia	0	0	0	0.0
1665	Muscoidea	7	0	4	0.0
1666	Mycotrichus	3	0	1	0.0
1667	Myrmarachne	3	0	1	0.0
1668	Myrmarachne assimilis	2	0	1	0.0
1669	Myrmarachne caliraya	2	0	2	0.0
1670	Myrmarachne plataleoides	0	0	0	0.0
1671	Myrmekiaphila neilyoungi	1	0	1	0.0
1672	Myrmeleon fasciatus	0	0	0	0.0
1673	Myrmeleon quinquemaculatus	1	0	1	0.0
1674	Myrmeleontiformia	7	0	2	0.0
1675	Myrmica angulata	1	0	1	0.0
1676	Myrmicini	4	0	1	0.0
1677	Myrmozercon cyrusi	1	0	1	0.0
1678	Mystrium camillae	0	0	0	0.0
1679	Myzocallis	1	0	1	0.0
1680	Nastus (жуки)	0	0	0	0.0
1681	Nauphoeta cinerea	6	0	1	0.5
1682	Naxa seriaria	7	0	2	0.0
1683	Nefis	1	0	1	0.0
1684	Negastriinae	0	0	0	0.0
1685	Neivamyrmex	1	0	1	0.0
1686	Nemaspela ladae	0	0	0	0.0
1687	Nemophora degeerella	2	0	1	0.0
1688	Nemophora dumerilella	1	0	1	0.0
1689	Nemopteridae	6	0	3	0.0
1690	Nemopteroidea	3	0	1	0.0
1691	Neocleonus	1	0	1	0.0
1692	Neodermaptera	2	0	1	0.0
1693	Nepa cinerea	60	1	5	2.0
1694	Nicrophorinae	2	0	1	0.0
1695	Nicrophorus	34	0	5	1.0
1696	Nicrophorus interruptus	2	0	1	0.0
1697	Nicrophorus investigator	2	0	1	0.0
1698	Nicrophorus japonicus	0	0	0	0.0
1699	Nomimonyx	1	0	1	0.0
1700	Notiothauma reedi	0	0	0	0.0
1701	Nudobius lentus	11	0	2	1.0
1702	Nuttalliella namaqua	3	0	2	0.0
1703	Nymphavus progenitor	0	0	0	0.0
1704	Nymphidae	4	0	2	0.0
1705	Obtectomera	0	0	0	0.0
1706	Ochyrocera aragogue	1	0	1	0.0
1707	Oecophylla	11	0	2	0.0
1708	Oecophylla taurica	0	0	0	0.0
1709	Oestroidea	3	0	1	0.0
1710	Oligochlora semirugosa	0	0	0	0.0
1711	Oligopsychopsis	0	0	0	0.0
1712	Oligotrophini	0	0	0	0.0
1713	Oniticellini	2	0	1	0.0
1714	Onthophagini	5	0	2	0.0
1715	Onthophagus vacca	2	0	1	0.0
1716	Opostega	0	0	0	0.0
1717	Opostegoides	0	0	0	0.0
1718	Oramiella wisei	1	0	1	0.0
1719	Orsunius electronefelus	1	0	1	0.0
1720	Orthodera novaezealandiae	5	0	1	0.0
1721	Ortholixus	10	0	2	0.0
1722	Oryctes	3	0	1	0.0
1723	Oryctes agamemnon	2	0	1	0.0
1724	Oryctes rhinoceros	2	0	2	0.0
1725	Osmia cornuta	7	0	2	0.0
1726	Osmylops	0	0	0	0.0
1727	Othorene	0	0	0	0.0
1728	Pachycerus	13	0	2	1.0
1729	Pachyiulus humicola	0	0	0	0.0
1730	Pachymerium tabacarui	0	0	0	0.0
1731	Paederinae	2	0	1	0.0
1732	Pajnisoodes	3	0	2	0.0
1733	Palaeortona quercyensis	0	0	0	0.0
1734	Palaeotendipes alexii	0	0	0	0.0
1735	Palomena prasina	83	0	9	2.0
1736	Paracucujus rostratus	0	0	0	0.0
1737	Paradoxosisyra groehni	1	0	1	0.0
1738	Paraponera	26	0	17	0.0
1739	Parastrachiidae	1	0	1	0.0
1740	Paratarsotomus	0	0	0	0.0
1741	Paratarsotomus sabulosus	1	0	1	0.0
1742	Parileomus	1	0	1	0.0
1743	Parnopes grandior	4	0	1	0.0
1744	Pedanoptera arachnophila	4	0	3	0.0
1745	Peltosyne triassica	0	0	0	0.0
1746	Pemphigidae	2	0	1	0.0
1747	Pentatominae	8	0	2	0.0
1748	Pentatomoidea	8	0	2	0.0
1749	Pentatomomorpha	4	0	2	0.0
1750	Pentatropis	1	0	1	0.0
1751	Perlamantis allibertii	1	0	1	0.0
1752	Permarachne novokshonovi	0	0	0	0.0
1753	Phaneropterinae	26	0	3	1.0
1754	Phasmatidae	7	0	2	0.0
1755	Phaulosomus	1	0	1	0.0
1756	Philidris nagasau	0	0	0	0.0
1757	Phillixus	10	0	2	1.0
1758	Phlebotomus papatasi	6	0	3	0.0
1759	Phlebotomus papuensis	1	0	1	0.0
1760	Phlebotomus pedifer	2	0	1	0.0
1761	Phlebotomus perfiliewi	1	0	1	0.0
1762	Phlebotomus perniciosus	4	0	2	0.0
1763	Phlebotomus pexopharynx	1	0	1	0.0
1764	Phlebotomus sergenti	0	0	0	0.0
1765	Phobaeticus chani	2	0	1	0.0
1766	Phobaeticus kirbyi	3	0	2	0.0
1767	Phyllochrysa huangi	0	0	0	0.0
1768	Phyllodromica	5	0	2	0.0
1769	Phyllodromica merrakescha	0	0	0	0.0
1770	Phyllonomeus	13	0	2	0.5
1771	Phytotelmatrichis osopaddington	0	0	0	0.0
1772	Pisaura mirabilis	500	4	29	15.5
1773	Pison	2	0	1	0.0
1774	Planodiscus	7	0	2	0.0
1775	Planodiscus foreli	2	0	1	0.0
1776	Planodiscus furcatus	2	0	1	0.0
1777	Platyscelidini	2	0	1	0.0
1778	Pleurocleonus	11	0	2	0.0
1779	Pliocleonus	2	0	1	0.0
1780	Poduromorpha	2	0	1	0.0
1781	Poecilimon ampliatus	0	0	0	0.0
1782	Poecilimon elegans	1	0	1	0.0
1783	Poecilimon gracilis	2	0	1	0.0
1784	Poliochera	0	0	0	0.0
1785	Poliochera cretacea	0	0	0	0.0
1786	Poliochera gibbsi	0	0	0	0.0
1787	Poliochera glabra	0	0	0	0.0
1788	Poliochera punctulata	0	0	0	0.0
1789	Poliochera pustulatus	0	0	0	0.0
1790	Poliocheridae	1	0	1	0.0
1791	Polyneoptera	1	0	1	0.0
1792	Polyommatus eros	1	0	1	0.0
1793	Polyommatus pljushtchi	5	0	1	0.0
1794	Ponomarenkia belmonthensis	1	0	1	0.0
1795	Porocleonus	2	0	2	0.0
1796	Prionolixus	3	0	1	0.0
1797	Prionorhinus	1	0	1	0.0
1798	Pristomyrmex elmesi	0	0	0	0.0
1799	Pritha garfieldi	0	0	0	0.0
1800	Prodryas persephone	2	0	2	0.0
1801	Prohamitermes	0	0	0	0.0
1802	Prokoenenia	0	0	0	0.0
1803	Prokoeneniidae	0	0	0	0.0
1804	Proleptothorax primitivus	0	0	0	0.0
1805	Prostigmata	8	0	2	0.0
1806	Psectra diptera	21	0	19	0.5
1807	Psephenidae	1	0	1	0.0
1808	Pseudeumecops	4	0	1	0.0
1809	Pseudisomerus	2	0	1	0.0
1810	Pseudocleonus	11	0	2	1.0
1811	Pseudopostega	0	0	0	0.0
1812	Pseudopulex	3	0	1	0.0
1813	Pseudoyersinia	8	0	7	0.0
1814	Pseudoyersinia betancuriae	23	3	20	11.5
1815	Pseudoyersinia brevipennis	6	0	3	0.0
1816	Pseudoyersinia canariensis	4	0	2	0.0
1817	Pseudoyersinia lagrecai	0	0	0	0.0
1818	Pseudoyersinia paui	0	0	0	0.0
1819	Pseudoyersinia pilipes	4	2	2	2.0
1820	Pseudoyersinia subaptera	14	2	12	7.0
1821	Pseudoyersinia teydeana	9	1	8	4.5
1822	Psychodomorpha	2	0	1	0.0
1823	Psychopsidae	3	0	2	0.0
1824	Psyllobora	4	0	2	0.0
1825	Pterocroce capillaris	1	0	1	0.0
1826	Pteromalidae	5	0	1	0.0
1827	Pterostichinae	4	0	1	0.0
1828	Pterostichus alexeji	0	0	0	0.0
1829	Pterostichus burkhan	1	0	1	0.0
1830	Pterostichus rodionovi	1	0	1	0.0
1831	Ptilodon	1	0	1	0.0
1832	Ptilodoninae	2	0	1	0.0
1833	Ptilophora	2	0	2	0.0
1834	Ptiloscola	0	0	0	0.0
1835	Puer maculatus	0	0	0	0.0
1836	Pycnodactylopsis	2	0	1	0.0
1837	Pygaerinae	3	0	1	0.0
1838	Rachesa	0	0	0	0.0
1839	Reclinervellus nielseni	1	0	1	0.0
1840	Rhabdorrhynchus	11	0	2	0.5
1841	Rhinocyllus	12	0	3	1.0
1842	Rhinocyllus conicus	18	0	3	1.0
1843	Rhizoglyphus robini	0	0	0	0.0
1844	Rhopalocera	35	0	4	1.0
1845	Rhopalosomatidae	4	0	1	0.0
1846	Rhynchophorus	4	0	2	0.0
1847	Rhynchophorus ferrugineus	20	0	4	1.0
1848	Ricinoides	0	0	0	0.0
1849	Ricinoides feae	0	0	0	0.0
1850	Ricinoides hanseni	0	0	0	0.0
1851	Ricinoides karschii	0	0	0	0.0
1852	Ricinoides leonensis	0	0	0	0.0
1853	Ricinoides megahanseni	0	0	0	0.0
1854	Ricinoides olounoua	0	0	0	0.0
1855	Ricinoides sjostedtii	0	0	0	0.0
1856	Ricinoididae	2	0	1	0.0
1857	Rivetina	3	0	1	0.0
1858	Rivetinini	4	0	1	0.0
1859	Rovnoholoneurus	0	0	0	0.0
1860	Sabatinca	1	0	1	0.0
1861	Sahastata sinuspersica	0	0	0	0.0
1862	Samia	2	0	1	0.0
1863	Saturnia pinratanai	0	0	0	0.0
1864	Saturniini	0	0	0	0.0
1865	Satyrus virbius	6	0	3	0.0
1866	Saurophthirus	0	0	0	0.0
1867	Saurophthirus longipes	0	0	0	0.0
1868	Scaphomorphus	10	0	2	1.0
1869	Scarabaeinae	9	0	2	0.0
1870	Scarabaeus fraterculus	1	0	1	0.0
1871	Schausiella	1	0	1	0.0
1872	Schizophora	5	0	2	0.0
1873	Sciaroidea	1	0	1	0.0
1874	Scymninae	8	0	2	0.0
1875	Selandriinae	0	0	0	0.0
1876	Sepsidae	2	0	1	0.0
1877	Sericomyrmex radioheadi	0	0	0	0.0
1878	Sicarius hahni	21	0	5	1.0
1879	Sipalinus gigas	1	0	1	0.0
1880	Sitophilus	6	0	1	0.0
1881	Smerinthini	1	0	1	0.0
1882	Sphaerites	1	0	1	0.0
1883	Sphecomyrminae	29	0	21	0.0
1884	Sphingonotini	0	0	0	0.0
1885	Sphodromantis	4	0	3	0.0
1886	Sphodromantis viridis	3	0	2	0.0
1887	Stalagtia skadarensis	0	0	0	0.0
1888	Steatoda grossa	38	0	18	1.0
1889	Stenurella sennii	0	0	0	0.0
1890	Stephanocleonus	14	0	2	1.0
1891	Stephanoidea	8	0	2	0.0
1892	Sterrhinae	2	0	1	0.0
1893	Stethophyma grossum	45	0	8	1.0
1894	Stilbum cyanurum	3	0	2	0.0
1895	Streblote	0	0	0	0.0
1896	Streblote fainae	0	0	0	0.0
1897	Streblote finitorum	2	0	2	0.0
1898	Stromboscerinae	1	0	1	0.0
1899	Stromboscerus	0	0	0	0.0
1900	Sublarinus	1	0	1	0.0
1901	Surchania	1	0	1	0.0
1902	Symphypleona	8	0	2	0.0
1903	Syndesinae	3	0	3	0.0
1904	Syntomini	22	0	22	0.0
1905	Syssphinx	1	0	1	0.0
1906	Tabaninae	4	0	1	0.0
1907	Taeniopterygidae	3	0	1	0.0
1908	Taeniopteryx	0	0	0	0.0
1909	Taeniopteryx lita	1	0	1	0.0
1910	Taeniopteryx lonicera	0	0	0	0.0
1911	Taeniopteryx maura	0	0	0	0.0
1912	Taeniopteryx mercuryi	2	0	1	0.0
1913	Taeniopteryx metequi	1	0	1	0.0
1914	Taeniopteryx nebulosa	0	0	0	0.0
1915	Tanymecus	2	0	1	0.0
1916	Taurodemus	1	0	1	0.0
1917	Temnorhinus	19	0	4	1.0
1918	Temnothorax nylanderi	4	0	2	0.0
1919	Tenthredininae	0	0	0	0.0
1920	Tenthredinoidea	9	0	4	0.0
1921	Terminasiania	1	0	1	0.0
1922	Terpsicroton alticeps	0	0	0	0.0
1923	Tetragnatha	4	0	2	0.0
1924	Tetragonothorax	2	0	1	0.0
1925	Teyia branislav	21	0	18	0.0
1926	Thermesiini	0	0	0	0.0
1927	Thomisinae	5	0	2	0.0
1928	Thomisoidea	3	0	1	0.0
1929	Thysania	1	0	1	0.0
1930	Tibiceninae	3	0	1	0.0
1931	Tilloidea	0	0	0	0.0
1932	Timarcha lugens	1	0	1	0.0
1933	Timema cristinae	1	0	1	0.0
1934	Timogenes elegans	0	0	0	0.0
1935	Tineoidea	0	0	0	0.0
1936	Tortricinae	7	0	6	0.0
1937	Trachydemus	1	0	1	0.0
1938	Trichocleonus	1	0	1	0.0
1939	Trichopria	0	0	0	0.0
1940	Trichotocleonus	1	0	1	0.0
1941	Trigonotarbida	6	0	1	0.0
1942	Trjapitzion cylindrocerus	0	0	0	0.0
1943	Trychopeplus laciniatus	0	0	0	0.0
1944	Ulomoides dermestoides	17	0	4	0.5
1945	Umma gumma	7	0	2	0.0
1946	Uraraneida	4	0	1	0.0
1947	Verophasmatodea	2	0	1	0.0
1948	Vespa basalis	29	0	5	1.0
1949	Vestalis amethystina	0	0	0	0.0
1950	Wasmanniella	0	0	0	0.0
1951	Whiteheadia	1	0	1	0.0
1952	Xanthochelus	2	0	1	0.0
1953	Xanthopan morganii	6	0	4	0.0
1954	Xanthorhoe	1	0	1	0.0
1955	Xanthorhoe fluctuata	1	0	1	0.0
1956	Xanthorhoe heliopharia	0	0	0	0.0
1957	Xanthorhoini	1	0	1	0.0
1958	Xenomacrus	1	0	1	0.0
1959	Xenomorphia	3	0	1	0.0
1960	Xenomorphia handschini	0	0	0	0.0
1961	Xenomorphia resurrecta	0	0	0	0.0
1962	Xyleborini	0	0	0	0.0
1963	Xylodromus affinis	0	0	0	0.0
1964	Yponomeutoidea	6	0	1	0.0
1965	Zerynthia	0	0	0	0.0
1966	Zygaena carniolica	5	0	1	0.0
