1	5-фторурацил	52	0	5	1.0
2	Абакавір	27	0	4	1.0
3	Абакавір/Ламівудин	4	0	1	0.0
4	Абарестезія	4	0	1	0.0
5	Абатестезія	2	0	1	0.0
6	Абдоміналізація серця	4	0	1	0.0
7	Абдомінопластика	165	1	14	4.0
8	Абсанс	209	2	14	6.0
9	Абсцес	1737	31	85	55.5
10	Абсцес легень	477	4	23	16.0
11	Август Вагенманн	1	0	1	0.0
12	Авітамінози	555	6	38	16.0
13	Австралійський кліщовий рикетсіоз	31	0	3	1.0
14	Автоімунні захворювання	1377	21	63	43.0
15	Агнозія	191	2	13	6.0
16	Агомелатин	67	0	10	2.0
17	Агорафобія	888	15	87	24.5
18	Агранулоцитоз	250	2	15	7.0
19	Адалімумаб	111	0	13	3.0
20	Адам Крістіян Тебезій	1	0	1	0.0
21	Аддералл	2044	44	87	61.5
22	Аддісонова хвороба	553	6	29	17.0
23	Аделькі Негрі	2	0	1	0.0
24	Аденовіруси	153	0	12	5.0
25	Аденовірусна інфекція	592	7	29	17.5
26	Аденома гіпофіза	213	1	17	6.0
27	Аденома щитоподібної залози	195	1	11	6.0
28	Адинамія	39	0	5	1.0
29	Адонізид	10	0	1	1.0
30	Адреналектомія	19	0	3	1.0
31	Адреногенітальний синдром	267	2	17	8.0
32	Адренокортикальна аденома	36	0	4	1.0
33	Адренокортикальна карцинома	27	0	3	1.0
34	Адренокортикотропний гормон	287	4	19	8.0
35	Адсорбована коклюшно-дифтерійно-правцева вакцина	1422	12	80	43.0
36	Аерофагія	37	0	5	1.0
37	Азеластин	22	0	4	1.0
38	Азилсартан	48	0	6	1.0
39	Азитроміцин	549	8	32	16.5
40	Азлоцилін	4	0	1	0.0
41	Азооспермія	93	0	7	3.0
42	Азотемія	91	1	7	3.0
43	Азтреонам	19	0	4	1.0
44	Айван Магілл	13	0	2	1.0
45	Айзенберг Олександр Абрамович	8	0	2	0.0
46	Аймалін	8	0	2	0.0
47	Акінезія	33	0	5	1.0
48	Акне	2913	59	186	85.5
49	Акривастин	10	0	4	0.0
50	Акрихін	12	0	2	0.5
51	Акромегалія	441	3	47	13.0
52	Актиномікоз	108	0	11	3.0
53	Актовегін	211	1	13	6.5
54	Акушерка	212	0	14	6.5
55	Алберт Аґуайо	1	0	1	0.0
56	Александер Флемінг	326	4	21	9.0
57	Алексія	22	0	2	1.0
58	Алемтузумаб	19	0	3	1.0
59	Алергічний дерматит	302	2	23	9.5
60	Алергія на латекс	68	0	8	2.0
61	Алессандра Джиліані	7	0	5	0.0
62	Алкоголізм	2446	60	98	75.5
63	Алоїз Альцгеймер	55	0	6	2.0
64	Алоїз Капуано	4	0	2	0.0
65	Алпразолам	694	8	43	22.0
66	Альбендазол	296	2	17	9.0
67	Альберто Асколі	0	0	0	0.0
68	Альберто Бартон	3	0	2	0.0
69	Альбумінурія	34	0	5	1.0
70	Альдостерон	318	2	25	8.5
71	Альфа-адреноблокатори	271	3	17	8.0
72	Альфа-клітина	9	0	1	0.0
73	Альфа-фетопротеїн	511	3	30	17.5
74	Альфонс Якоб	3	0	3	0.0
75	Альфред Вельпо	15	0	3	0.0
76	Альфузозин	22	0	3	1.0
77	Амбазон	28	0	4	1.0
78	Амбліопія	700	12	32	20.5
79	Амброксол	154	1	14	4.0
80	Амебіаз	357	3	17	11.0
81	Аменорея	791	12	41	24.5
82	Американська колегія хірургів	9	0	5	0.0
83	Амізон	122	0	22	2.0
84	Амікацин	153	0	12	4.5
85	Амілоїд	44	0	4	1.0
86	Амілоїдоз	412	1	25	13.0
87	Амімія	13	0	2	1.0
88	Аміноглікозиди	234	2	13	7.5
89	Амінотрансферази	109	0	9	3.5
90	Аміодарон	123	1	11	4.0
91	Амітриптилін	821	14	39	25.0
92	Амлодипін	220	2	17	6.0
93	Амнезія	466	5	21	15.0
94	Амніоцентез	134	0	29	2.5
95	Амоксицилін	714	9	38	21.5
96	Амоксицилін/клавуланова кислота	171	2	10	5.0
97	Амосов Микола Михайлович	986	15	47	30.5
98	Ампренавір	2	0	1	0.0
99	Ампутація	149	0	17	3.0
100	Амрінон	14	0	3	1.0
101	Амтолметин гуацил	12	0	3	0.0
102	Амузія	13	0	2	0.0
103	Амфетамін	4132	102	157	129.5
104	Амфотерицин В	64	0	7	1.5
105	Анагрелід	12	0	3	0.0
106	Анапластичний рак щитоподібної залози	42	0	4	1.0
107	Анасарка	255	2	24	7.0
108	Анастомоз	178	1	14	5.0
109	Анастрозол	65	0	4	3.0
110	Анатоксин	124	1	9	4.0
111	Анатомічний театр Київського університету Св. Володимира	16	0	4	1.0
112	Анатомо-терапевтично-хімічна класифікація	125	0	13	3.5
113	Анафілаксія	378	3	36	10.5
114	Анафілактичний шок	1584	15	111	48.0
115	Ангіологія	39	0	4	1.0
116	Ангіома	365	4	21	11.0
117	Ангіосаркома	26	0	5	1.0
118	Ангіосаркома щитоподібної залози	3	0	1	0.0
119	Ангіоспазм	103	1	9	3.0
120	Андрейчин Михайло Антонович	56	0	7	1.5
121	Андрогени	449	9	27	13.0
122	Андростендіон	100	0	7	3.0
123	Аневризма	1487	14	329	32.5
124	Аневризма аорти	1125	9	246	21.5
125	Анемія	4694	88	201	158.0
126	Анестезія	379	2	21	11.5
127	Анеуплоїдія	100	1	8	3.0
128	Анідулафунгін	6	0	3	0.0
129	Анізакіди	13	0	3	0.5
130	Анізакідоз	47	0	5	1.0
131	Анізокорія	409	4	25	12.5
132	Анкілоз	137	1	13	4.0
133	Анкілозуючий спондилоартрит	1279	16	61	42.0
134	Анкілостомози	88	0	8	3.0
135	Анорексія (симптом)	1305	30	54	39.0
136	Антагоністи альдостерону	45	0	6	2.0
137	Антиаритмічні препарати	183	0	15	5.5
138	Антигіпертензивні препарати	708	9	41	22.0
139	Антитіла	1180	16	57	38.0
140	Антифосфоліпідний синдром	259	3	14	8.0
141	Антон Вексельбаум	3	0	1	0.0
142	Антоні Крупський	3	0	2	0.0
143	Антраль	889	13	44	27.0
144	Антропоноз	161	1	13	5.0
145	Анурія	194	1	12	6.0
146	Аортальна недостатність	186	1	14	6.0
147	Апатія (медицина)	1250	25	56	38.0
148	Апендицит	2724	64	119	85.5
149	Апное	365	4	26	10.0
150	Апное уві сні	896	9	57	28.5
151	Аполіпопротеїн A1	27	0	5	1.0
152	Апраксія	167	1	12	5.0
153	Аптека	128	1	11	3.5
154	Арахноїдит	312	2	17	10.0
155	Арбідол	45	0	4	1.0
156	Арбовірусні хвороби	39	0	6	1.0
157	Аргентинська геморагічна гарячка	7	0	2	0.0
158	Арман Труссо	4	0	1	0.0
159	Артеріальна гіпертензія	3158	59	138	99.5
160	Артеріальна гіпотензія	1551	30	74	48.0
161	Артеріосклероз	31	0	4	1.0
162	Артерія м'яза-підіймача яєчка	8	0	2	0.5
163	Артерія сім'явивідної протоки	14	0	5	0.0
164	Артерія яєчка	36	0	4	1.0
165	Артралгія	308	5	18	9.0
166	Артремфіт	43	0	6	1.0
167	Артрит	2079	39	85	63.5
168	Артроз плечового суглоба	119	0	10	4.0
169	Артропластика	27	0	4	1.0
170	Артур Ернест Гведел	9	0	2	0.0
171	Асептика	245	1	17	7.5
172	Аскарида людська	1643	27	74	51.0
173	Аскаридоз	961	10	51	29.5
174	Аспарагіназа	59	0	20	1.0
175	Аспергільоз	158	1	14	4.0
176	Астазія	11	0	3	0.0
177	Астемізол	8	0	2	0.0
178	Астенія	1432	26	64	45.0
179	Астма бронхіальна	1643	35	74	49.5
180	Асфіксія	1200	12	131	32.0
181	Асцит	616	8	40	18.0
182	Атазанавір	10	0	2	0.0
183	Атаксія	305	2	19	9.0
184	Атезолізумаб	62	0	7	1.5
185	Ателектаз легені	318	2	18	9.5
186	Атеросклероз	2468	44	106	77.0
187	Атетоз	57	0	5	2.0
188	Атипова пневмонія	108	0	8	3.0
189	Атлант (анатомія)	125	1	8	4.0
190	Атоваквон	16	0	3	0.0
191	Атонія	194	1	12	4.5
192	Аторвастатин	145	1	15	4.0
193	Атропін	535	9	27	16.0
194	Атрофія	349	3	19	10.0
195	Аура (симптом)	212	1	15	6.0
196	Аускультація	124	1	12	4.0
197	Аутопсія	389	2	54	10.5
198	Аутотрансплантація	29	0	5	1.0
199	Афект первинний	13	0	2	0.0
200	Афонія	54	0	4	2.0
201	Афти	80	0	6	2.0
202	Ахілів рефлекс	56	0	5	2.0
203	Ахондроплазія	137	1	11	4.0
204	Ацеклофенак	70	0	6	2.0
205	Аценокумарол	186	2	14	5.0
206	Ацетилсаліцилова кислота/гідроксид магнію	32	0	4	1.0
207	Ацетилцистеїн	192	3	11	6.0
208	Ацикловір	461	7	40	13.5
209	Бабезіоз	155	1	22	4.0
210	Базиліксимаб	0	0	0	0.0
211	Базофілопенія	3	0	1	0.0
212	Бактеріємія	108	0	10	3.0
213	Балантидіаз	25	0	6	1.0
214	Барабанна струна	55	0	5	2.0
215	Бардах Яків Юлійович	5	0	1	0.0
216	Барлова хвороба	29	0	3	1.0
217	Баротравма	124	1	13	4.0
218	Бартолініт	36	0	4	1.0
219	Бартолінові залози	261	3	19	7.5
220	Бартонельози	42	0	5	1.0
221	Баттологія	17	0	5	1.0
222	Бацилярний ангіоматоз	25	0	3	1.0
223	Бацилярний пурпурний гепатит	15	0	2	1.0
224	Бевацизумаб	65	0	7	1.5
225	Бедаквілін	63	0	6	2.0
226	Безифлоксацин	7	0	2	0.0
227	Безоар	115	0	11	3.0
228	Безредка Олександр Михайлович	10	0	3	0.0
229	Безсоння	637	7	30	20.5
230	Беклометазон	44	0	4	1.0
231	Беміпарин	11	0	4	0.0
232	Беназеприл	10	0	3	0.0
233	Бендамустин	39	0	6	1.0
234	Бенджамін Раш	3	0	2	0.0
235	Бенедикт Ваґнер	3	0	1	0.0
236	Бензатин бензилпеніцилін	76	0	7	2.0
237	Бензатин феноксиметилпеніцилін	0	0	0	0.0
238	Бензобарбітал	17	0	4	1.0
239	Бепридил	7	0	2	0.0
240	Бері-бері	231	2	20	7.0
241	Бернгард Нохт	15	0	5	0.0
242	Бета-2-адреностимулятори	69	0	8	2.0
243	Бета-блокатор	601	8	30	19.0
244	Бета-клітина	48	0	6	1.0
245	Бета-лактамази	68	0	6	2.0
246	Бетаксолол	19	0	3	0.0
247	Бешиха	3752	82	144	116.0
248	Бівалірудин	7	0	3	0.0
249	Бігуняк Володимир Васильович	26	0	4	1.0
250	Бікалутамід	14	0	2	1.0
251	Біла гарячка	1334	28	77	42.0
252	Біластин	107	0	12	3.0
253	Біль	381	7	20	12.0
254	Біль за грудиною	63	0	9	1.0
255	Біодоступність	121	0	13	3.0
256	Біохімічний аналіз крові	3207	36	156	109.5
257	Біпериден	30	0	9	1.0
258	Біполярний афективний розлад	3476	85	129	107.0
259	Біфоназол	31	0	3	1.0
260	Бічний аміотрофічний склероз	1115	18	51	35.0
261	Бленорея	99	0	7	3.0
262	Блеоміцин	31	0	4	1.0
263	Блефарит	253	1	18	8.0
264	Близькосхідний коронавірусний респіраторний синдром	44	0	6	1.0
265	Бліда куля	37	0	4	1.0
266	Блокатори кальцієвих каналів	387	3	21	11.0
267	Блокатори H2-гістамінових рецепторів	204	2	15	6.0
268	Блювання	382	5	24	11.0
269	Богданов Іван Лукіянович	4	0	1	0.0
270	Бокавірусна інфекція	14	0	2	1.0
271	Болівійська геморагічна гарячка	12	0	3	0.0
272	Бородавка	1511	31	64	47.5
273	Борозна (мозок)	133	0	11	4.0
274	Ботулізм	2107	34	122	67.0
275	Боцепревір	7	0	2	0.0
276	Брадикардія	1242	17	56	38.0
277	Брахідактилія	55	0	9	2.0
278	Браян Артур Селлік	13	0	1	1.0
279	Брентуксимаб ведотин	38	0	7	1.0
280	Бретилію тозилат	11	0	3	0.5
281	Бривудин	6	0	1	0.0
282	Брижа (кишечник)	143	1	14	4.0
283	Бринцидофовір	7	0	1	0.0
284	Бромгексин	148	2	12	4.0
285	Бромокриптин	90	2	21	6.0
286	Бронхіт	1631	22	74	52.5
287	Бронхоектатична хвороба	445	4	23	15.0
288	Бронхоспазм	243	1	13	7.0
289	Бругіоз	16	0	3	1.0
290	Бруцельоз	432	5	24	14.0
291	Бубновський Сергій Михайлович	474	8	24	13.5
292	Бубон (медицина)	108	0	6	3.0
293	Бубонна чума	563	7	46	14.5
294	Будесонід	113	0	9	3.0
295	Булімія	2921	42	390	78.5
296	Бупренорфін	264	1	17	7.0
297	Бупропіон	111	0	11	3.0
298	Бурсит	624	7	32	20.0
299	Бусерелін	13	0	4	0.0
300	Буспірон	227	2	15	7.0
301	Бусульфан	6	0	3	0.0
302	Бутоконазол	6	0	3	0.0
303	Буторфанол	114	0	10	4.0
304	Вавжинєц Прессен	4	0	1	0.0
305	Вагінальний кандидоз	3518	76	145	112.0
306	Вазоактивний інтестинальний пептид	14	0	3	1.0
307	Вазопресин	578	8	36	18.0
308	Вакцина проти гепатиту А	91	1	10	2.5
309	Вакцина проти епідемічного паротиту	44	0	6	1.0
310	Вакцина проти кору	442	3	27	13.5
311	Вакцинація	377	0	23	11.5
312	Вакцини	829	11	48	24.5
313	Вакцини проти холери	42	0	6	1.0
314	Валацикловір	130	1	9	4.0
315	Валганцикловір	16	0	3	1.0
316	Валсартан	104	1	7	3.0
317	Вальпроєва кислота	119	0	9	3.0
318	Варикоз	1675	35	70	54.0
319	Варфарин	243	2	15	7.0
320	Васкуліт	473	4	28	15.0
321	Ведолізумаб	18	0	3	1.0
322	Везикульозний рикетсіоз	81	0	6	3.0
323	Великий кам'янистий нерв	31	0	3	1.0
324	Великогомілкова кістка	183	0	13	5.0
325	Венеричні хвороби	1131	22	46	36.0
326	Венерологія	177	2	13	5.0
327	Венесуельський енцефаломієліт	8	0	2	0.0
328	Венлафаксин	104	0	8	3.0
329	Верапаміл	87	1	8	3.0
330	Вернакалант	13	0	4	0.0
331	Вертикальний механізм передачі інфекції	87	0	8	2.0
332	Верхнє слиновидільне ядро	13	0	3	0.0
333	Верхній гортанний нерв	18	0	2	1.0
334	Верхньощелепна артерія	65	0	6	1.5
335	Верхньощелепна вена	5	0	1	0.0
336	Верхня гортанна артерія	1	0	1	0.0
337	Верхня щитоподібна артерія	12	0	2	0.0
338	Верхня щитоподібна вена	3	0	1	0.0
339	Випадкова смерть та інвалідність: знехтуване захворювання сучасного суспільства	2	0	1	0.0
340	Виразка Бурулі	48	0	6	2.0
341	Висип	1288	25	61	40.5
342	Високоактивна антиретровірусна терапія	204	1	14	6.0
343	Високович Володимир Костянтинович	12	0	2	0.0
344	Висотна хвороба	256	2	14	8.0
345	Висхідна глоткова артерія	3	0	2	0.0
346	Висхідна шийна артерія	7	0	2	0.0
347	Відрижка	255	3	13	8.5
348	Відшарування сітківки	526	5	29	16.0
349	Військова медицина в Україні	109	0	9	3.5
350	Військові медичні заклади України	194	0	14	6.5
351	Військово-лікарські комісії України	523	3	31	16.5
352	Віктор Бабеш	10	0	2	0.0
353	Вілем Душан Лямбль	11	0	2	0.5
354	Вілізієве коло	146	1	13	4.5
355	Вільгельм Ґрізінґер	1	0	1	0.0
356	Вільям Горгас	10	0	2	1.0
357	Віментин	16	0	2	0.0
358	Вінбластин	38	0	5	2.0
359	Вінорельбін	21	0	4	1.0
360	ВІПома	17	0	2	1.0
361	Вірджинія Апгар	31	0	7	1.0
362	Вірус Епштейна — Барр	3663	66	162	118.0
363	Вірус Зіка	177	1	10	6.0
364	Вірус імунодефіциту людини	1816	34	84	56.0
365	Вірус Норуолк	121	0	24	2.0
366	Вірус папіломи людини	3112	48	135	100.5
367	Вірусемія	22	0	4	1.0
368	Віспа мавп	66	0	6	2.0
369	Вісцеральний лейшманіоз	63	2	10	3.0
370	Вітамін B12	1976	32	88	62.0
371	Вітряна віспа	3488	80	140	108.5
372	Внутрішнє вухо	316	3	23	9.0
373	Внутрішньоартеріальна ін'єкція	12	0	2	1.0
374	Внутрішньовенна ін'єкція	817	12	48	25.5
375	Внутрішньолікарняна інфекція	252	2	19	8.0
376	Внутрішньом'язова ін'єкція	937	14	52	28.0
377	Внутрішньочерепна гіпертензія	712	8	40	21.0
378	Внутрішня грудна артерія	30	0	3	1.0
379	Внутрішня сонна артерія	116	1	8	4.0
380	Внутрішня яремна вена	225	1	14	6.5
381	Воєнно-медична доктрина України	62	0	6	2.0
382	Возіанова Жанна Іванівна	42	0	10	1.0
383	Войцех Жердинський	1	0	1	0.0
384	Волинська гарячка	90	0	8	3.0
385	Волянський Юрій Леонідович	12	0	2	1.0
386	Вориконазол	58	0	6	2.0
387	Вортіоксетин	60	0	9	2.0
388	Воші	2005	42	101	61.0
389	Всесвітній день боротьби з цукровим діабетом	15	0	3	0.0
390	Всеукраїнський центр професійної реабілітації інвалідів	110	0	7	3.0
391	Всеукраїнський центр радіохірургії	147	0	12	4.5
392	Вузлик	206	2	13	6.0
393	Вузликовий періартеріїт	94	0	13	3.0
394	Вухереріоз	35	0	4	1.0
395	Вушна раковина	71	0	7	2.0
396	Габапентин	191	3	16	5.0
397	Газова гангрена	426	3	26	13.0
398	Галітоз	143	1	11	4.0
399	Галоперидол	745	10	36	23.0
400	Галофантрин	8	0	3	0.0
401	Галюцинація	359	3	26	10.5
402	Гамалія Микола Федорович	67	0	6	2.0
403	Гангрена	1261	28	57	38.5
404	Ганс Сельє	44	0	5	1.0
405	Ганс Цінссер	1	0	1	0.0
406	Ганс-Герхард Кройцфельд	2	0	1	0.0
407	Ганцикловір	63	0	5	1.5
408	Гаплогрупа R1a	340	3	21	9.5
409	Гарячка	1009	18	48	31.0
410	Гарячка денге	336	4	31	9.5
411	Гарячка Західного Нілу	119	0	21	3.0
412	Гарячка Ласса	56	0	6	1.0
413	Гарячка лісу Семлікі	2	0	1	0.0
414	Гарячка паппатачі	39	0	4	1.0
415	Гарячка Ріфт Валлі	20	0	4	1.0
416	Гарячка Росс Рівер	19	0	2	1.0
417	Гарячка Сіндбіс	9	0	1	1.0
418	Гарячки від укусу пацюків	13	0	2	0.0
419	Гастринома	10	0	3	0.0
420	Гастрит	1939	42	92	60.5
421	Гастроезофагеальна рефлюксна хвороба	2012	39	82	64.5
422	Гатіфлоксацин	120	0	13	4.0
423	Гвайфенезин	453	5	29	14.0
424	Гексопреналін	10	0	3	0.0
425	Гельмінти	1235	20	63	39.0
426	Гельмінтози	334	3	28	9.0
427	Гемартроз	64	0	7	2.0
428	Гематома	1028	21	49	32.0
429	Гематурія	270	3	14	8.0
430	Геміпарез	445	3	25	14.5
431	Геміфлоксацин	7	0	1	0.0
432	Гемолітична анемія	197	1	13	6.0
433	Гемоперикард	17	0	4	1.0
434	Геморагічна гарячка	114	0	12	3.0
435	Геморагічна гарячка з нирковим синдромом	98	0	13	2.0
436	Геморагічний васкуліт	804	12	41	22.5
437	Геморагічний інсульт	993	17	39	31.5
438	Геморой	4974	24	204	161.0
439	Гемофілія	1364	25	95	38.0
440	Гемофільна інфекція	940	7	53	30.0
441	Гемохроматоз	165	1	39	4.0
442	Гемцитабін	46	0	5	1.0
443	Генетичні хвороби	425	6	25	12.0
444	Генрик Кадий	6	0	2	0.0
445	Генрик Мосінг	17	0	8	0.0
446	Генріх Квінке	12	0	3	0.5
447	Гентаміцин	271	3	18	7.5
448	Георг Гаффкі	4	0	2	0.0
449	Георг Фернан Ізідор Відаль	4	0	1	0.0
450	Гепатит А	1243	18	76	37.5
451	Гепатит B	1825	29	78	62.0
452	Гепатит C	3159	49	179	94.0
453	Гепатит D	271	2	17	8.0
454	Гепатит E	137	1	7	4.5
455	Гепатомегалія	392	3	22	12.0
456	Гепатоцит	91	0	6	3.0
457	Герасун Борис Абрамович	98	0	28	2.0
458	Герпес простий	1206	18	67	39.0
459	Герпесвіруси	187	1	12	6.0
460	Герпесвірусні інфекції	721	8	40	23.0
461	Гестаційний цукровий діабет	142	0	11	4.0
462	Гефітиніб	11	0	2	0.0
463	Гикавка	652	7	36	18.5
464	Гіаліноз	52	0	5	1.0
465	Гіалоїдна мембрана	14	0	3	1.0
466	Гібернома	52	0	5	2.0
467	Гігантоклітинний артеріїт	53	0	7	1.0
468	Гігієна	246	2	21	7.0
469	Гідазепам	1244	25	60	36.5
470	Гідрокодон	103	0	30	2.0
471	Гідроксизин	100	0	7	3.0
472	Гідроксикарбамід	31	0	4	1.0
473	Гідроксиметилхіноксиліндіоксид	34	0	4	1.0
474	Гідроксихлорохін	34	0	4	1.0
475	Гідронефроз	1085	17	48	33.5
476	Гідроторакс	202	0	17	6.0
477	Гідрофобія (симптом)	36	0	5	1.0
478	Гідрохлоротіазид	209	1	26	5.0
479	Гідроцефалія	2482	41	113	76.5
480	Гійом Дюпюїтрен	5	0	1	0.0
481	Гіменолепідоз	198	1	16	6.0
482	Гінгівіт	642	9	35	21.0
483	Гінеколог-ендокринолог	125	1	8	4.0
484	Гіперальдостеронізм	62	0	5	2.0
485	Гіперглікемічна кома	689	9	41	20.5
486	Гіперглікемія	592	7	83	15.5
487	Гіперемія	462	4	27	14.0
488	Гіперестезія	79	0	7	2.0
489	Гіперкаліємія	273	3	17	8.0
490	Гіперкапнія	62	0	6	2.0
491	Гіперліпідемія	159	1	12	5.0
492	Гіперпаратиреоз	206	0	13	6.0
493	Гіперпролактинемія	299	4	17	8.5
494	Гіпертензивний криз	398	4	27	11.0
495	Гіпертиреоїдизм	388	5	19	13.0
496	Гіпноз	406	3	28	12.5
497	Гіповолемічний шок	783	6	69	19.5
498	Гіповолемія	262	2	16	8.0
499	Гіпоглікемічна кома	567	10	38	17.0
500	Гіпоглікемія	836	13	38	25.0
501	Гіподинамія	252	2	17	8.0
502	Гіпокаліємія	155	1	10	5.0
503	Гіпоксемія	64	0	8	2.0
504	Гіпоманія	765	10	79	19.0
505	Гіпопаратиреоїдизм	110	0	8	3.5
506	Гіпопіон	14	0	4	1.0
507	Гіпотермія	326	3	17	10.0
508	Гіпотиреоїдизм	1800	30	90	56.0
509	Гіпотонус	33	0	3	1.0
510	Гіпотрофія	150	0	10	5.0
511	Гіппократ	398	5	22	12.0
512	Гірська хвороба	175	1	13	5.0
513	Гістеректомія	332	4	19	10.0
514	Гістопатологія	12	0	3	0.0
515	Гістоплазмоз	71	0	8	2.0
516	Глатирамеру ацетат	23	0	5	1.0
517	Глаукома	982	16	45	31.0
518	Глибока язикова артерія	1	0	1	0.0
519	Глибоке пахвинне кільце	81	0	10	2.0
520	Глібенкламід	32	0	4	1.0
521	Глікемічний індекс	768	12	34	24.0
522	Гліклазид	45	0	5	2.0
523	Гліобластома	793	9	51	24.0
524	Гліома	182	0	18	5.0
525	Гломерулонефрит	796	8	41	26.0
526	Глузман Семен Фішельович	172	2	21	4.0
527	Глюкагон	210	0	17	7.0
528	Глюкагонома	20	0	6	1.0
529	Глюкозурія	65	0	7	2.0
530	Глюкокортикоїди	442	8	22	13.5
531	Гній (медицина)	351	3	20	11.5
532	Гноячок	101	0	9	3.0
533	Говард Тейлор Рікеттс	1	0	1	0.0
534	Гозерелін	101	0	7	3.0
535	Голімумаб	31	0	4	1.0
536	Голка хірургічна	119	0	8	4.0
537	Головна вена	40	0	5	1.0
538	Головне ядро трійчастого нерва	10	0	4	0.0
539	Головний біль	792	13	39	24.0
540	Головний біль напруги	522	6	25	16.5
541	Головний мозок людини	1963	32	104	54.0
542	Голосові зв'язки	293	3	19	8.5
543	Голубовська Ольга Анатоліївна	156	1	16	3.5
544	Гомілка	472	6	24	15.0
545	Гомілковостопний суглоб	382	4	20	11.5
546	Гонгілонематоз	4	4	4	4.0
547	Гонорея	4370	88	188	138.5
548	Гончарук Євген Гнатович	26	0	4	1.0
549	Гормон росту 2	27	0	4	1.0
550	Городецький Марко Михайлович	13	0	2	1.0
551	Гортань	363	3	22	10.5
552	Госпітальна пневмонія	58	0	6	2.0
553	Гостра респіраторна вірусна інфекція	1245	20	59	37.5
554	Гостра серцева недостатність	254	3	17	8.0
555	Гостра судинна недостатність	308	3	25	9.0
556	Гострий апендицит	1226	25	55	39.0
557	Гострий гастрит	363	4	26	12.0
558	Гострий лімфобластний лейкоз	663	6	41	21.0
559	Гострий мієлобластний лейкоз	365	2	59	10.0
560	Гострий панкреатит	1671	33	74	52.0
561	Гострий розсіяний енцефаломієліт	147	1	11	4.0
562	Гострий середній отит	1076	15	47	34.0
563	Гострий тонзиліт	4301	89	191	129.5
564	Гострі лейкози	271	1	17	7.5
565	Гранульоматозний амебний енцефаліт	50	0	6	2.0
566	Грепафлоксацин	3	0	1	0.0
567	Грижа	1458	27	66	46.5
568	Гризеофульвін	81	0	9	2.0
569	Грип	634	6	40	19.5
570	Грицюк Олександр Йосипович	5	0	1	0.0
571	Громадське здоров'я	331	3	18	10.0
572	Громашевська Любов Леонтіївна	2	0	1	0.0
573	Громашевський Лев Васильович	10	0	2	0.0
574	Грудинно-ключично-соскоподібний м'яз	102	0	12	3.0
575	Грудинно-ключично-сосцеподібна артерія	0	0	0	0.0
576	Гуго Шоттмюллер	1	0	1	0.0
577	Гума (патологія)	75	0	8	2.0
578	Гураль Анатолій Леонтійович	3	0	1	0.0
579	Густав Гімза	54	0	9	3.0
580	Ґергард Гансен	8	0	3	0.0
581	Ґрелін	59	0	6	1.0
582	Дазатиніб	24	0	7	1.0
583	Дакарбазин	12	0	3	0.0
584	Даклізумаб	4	0	1	0.0
585	Далекозорість	776	7	56	23.5
586	Дальтепарин	15	0	2	1.0
587	Данієль Алкідес Карріон	5	0	2	0.0
588	Данієль Елмер Сальмон	6	0	2	0.0
589	Дапсон	39	0	4	1.0
590	Даптоміцин	19	0	4	0.5
591	Дарунавір	5	0	2	0.0
592	ДВЗ-синдром	464	6	30	13.5
593	Девід Брюс (мікробіолог)	5	0	1	0.0
594	Девід Веттер	53	0	6	1.0
595	Дегідратаційний шок	80	0	5	2.5
596	Дезлоратадин	234	1	17	7.0
597	Декаметоксин	392	4	23	12.5
598	Декваліній	67	0	8	2.0
599	Дексаметазон	1547	28	68	50.0
600	Дексібупрофен	91	0	5	3.0
601	Декскетопрофен	209	2	12	7.0
602	Декслансопразол	51	0	5	1.0
603	Декстрометорфан	116	1	8	3.5
604	Делавірдин	4	0	2	0.0
605	Делірій	869	12	47	26.0
606	Дельта-клітина	6	0	1	0.0
607	Деменція	2872	46	123	89.5
608	Демієлінізуючі захворювання	393	2	26	11.5
609	Демодекоз	2997	62	139	96.0
610	Деносумаб	77	0	8	2.0
611	Деперсоналізація	519	7	58	15.5
612	Дерматологія	576	6	30	17.0
613	Дерматоміозит	289	2	20	7.5
614	Десвенлафаксин	58	0	7	2.0
615	Десмоїд	64	0	5	2.0
616	Десмопресин	49	0	4	2.0
617	Джгут	413	4	24	13.0
618	Джеймс К. Стайнер	6	0	3	0.0
619	Джироламо Фракасторо	8	0	3	0.0
620	Джованні Баттіста Грассі	0	0	0	0.0
621	Джозаміцин	57	0	5	1.0
622	Джозеф Лістер	46	0	6	1.0
623	Джон Сноу	87	0	24	2.0
624	Джонатан Гатчінсон	1	0	1	0.0
625	Дивертикуліт	329	3	22	9.5
626	Дигітоксин	30	0	4	1.0
627	Диданозин	6	0	1	0.0
628	Дизартрія	270	2	18	8.5
629	Дизентерія	1167	17	87	35.0
630	Дизопірамід	6	0	2	0.0
631	Дийодтирозин	9	0	2	0.0
632	Дилтіазем	23	0	4	1.0
633	Дименгідринат	107	0	9	3.0
634	Диметилтриптамін	440	5	27	14.0
635	Диметинден	141	1	11	4.0
636	Дипілідіоз	75	0	7	2.0
637	Дипіридамол	133	0	9	3.5
638	Диплопія	172	0	14	4.5
639	Дирофіляріоз	438	1	45	13.0
640	Дисекція шиї	39	0	4	1.0
641	Дислокація мозку	97	0	40	1.5
642	Дисморфофобія	374	4	30	10.0
643	Диспансеризація	429	1	26	13.0
644	Диспепсія	836	16	47	25.0
645	Дисфагія	389	5	20	11.5
646	Дисфорія	228	2	18	7.0
647	Дифілоботріоз	134	1	9	4.0
648	Дифтерія	4692	40	701	77.5
649	Дифузний панбронхіоліт	14	0	2	1.0
650	Дифузний токсичний зоб	634	7	35	19.5
651	Дихальна недостатність	307	4	16	9.5
652	Дихання Біота	146	1	8	5.0
653	Дихання Куссмауля	181	2	11	6.0
654	Дихання Чейна — Стокса	215	2	13	7.0
655	Діабетична нефропатія	75	0	6	2.0
656	Діагностична тріада Стімсона	14	0	3	1.0
657	Діагностичний і статистичний посібник з психічних розладів	373	1	28	10.0
658	Діазепам	654	6	71	19.5
659	Діапедез	32	0	7	1.0
660	Діарея	1993	48	83	61.0
661	Діарея мандрівників	214	2	18	6.5
662	Діацереїн	24	0	2	1.0
663	Дієта	571	8	37	18.0
664	Дієти за Певзнером	172	2	11	4.5
665	Діурез	604	8	31	19.0
666	Доброякісна гіперплазія передміхурової залози	1186	17	59	35.5
667	Доброякісна пухлина	663	10	33	20.0
668	Доказова медицина	168	0	15	4.5
669	Доксазозин	94	0	8	2.5
670	Доксепін	80	0	9	3.0
671	Доксиламін	78	0	6	3.0
672	Доксициклін	417	6	22	13.0
673	Долонно-підошовний синдром	30	0	4	1.0
674	Долутегравір	60	0	7	2.0
675	Домінік-Жан Ларрей	23	0	5	0.5
676	Домперидон	149	0	14	5.0
677	Дональд Гендерсон	161	0	80	1.0
678	Допінг-тест	22	0	3	1.0
679	Доріпенем	13	0	4	0.0
680	Доступні ліки	78	0	8	2.0
681	Дофамін	1783	36	109	53.0
682	Дофетилід	12	0	2	1.0
683	Доцетаксел	253	0	94	4.0
684	Дракункульоз	65	0	7	2.0
685	Дронедарон	15	0	4	1.0
686	Дротаверин	821	17	43	23.5
687	Друга холерна пандемія	3	0	2	0.0
688	Дуга аорти	133	0	11	3.0
689	Дудченко Іван Степанович	2	0	1	0.0
690	Дулоксетин	87	0	9	3.0
691	Дутастерид	60	0	6	2.0
692	Дяченко Сергій Степанович	9	0	3	0.0
693	Ебастин	24	0	3	1.0
694	Ебола (вірус)	2066	19	376	36.5
695	Еверолімус	30	0	4	1.0
696	Едвард Дженнер	62	0	7	2.0
697	Езомепразол	82	0	7	2.0
698	Езофагіт	506	8	27	15.5
699	Ейфорія	1073	17	48	33.0
700	Екзема	2585	59	145	76.0
701	Екзофтальм	139	0	16	4.0
702	Еконазол	24	0	3	1.0
703	Ексеместан	10	0	2	0.0
704	Екстракорпоральна мембранна оксигенація	19	0	3	1.0
705	Екстрапірамідна система	194	1	12	6.0
706	Екстрастріарна кора	7	0	2	0.0
707	Екстрений медичний реагувальник	30	0	4	1.0
708	Екстрений медичний технік	97	0	11	2.0
709	Елвітегравір	3	0	1	0.0
710	Електрокардіографія	1167	10	58	37.0
711	Електротравма	185	0	15	5.0
712	Еліс Кетрін Еванс	5	0	2	0.0
713	Емануель Махек	15	0	4	1.0
714	Емболія	444	8	21	14.0
715	Еметин	13	0	4	0.0
716	Еміль Адольф фон Берінг	30	0	5	1.0
717	Еміль ван Ерменґем	6	6	6	6.0
718	Еміль Шарль Ашар	4	0	3	0.0
719	Емоційно нестабільний розлад особистості	525	4	29	15.0
720	Емтрицитабін	25	0	4	1.0
721	Еналаприл	200	2	15	5.0
722	Ендартеріїт	125	1	8	4.0
723	Ендемічний висипний тиф	67	0	8	2.0
724	Ендемічний поворотний тиф	27	0	5	1.0
725	Ендемія	75	0	7	2.0
726	Ендокардит	279	5	18	7.5
727	Ендокринна хірургія	22	0	2	1.0
728	Ендокринні залози	1039	12	81	29.5
729	Ендорфіни	1399	30	57	43.0
730	Еноксапарин	67	0	8	2.0
731	Еноксацин	2	0	1	0.0
732	Енріке да Роше Ліма	5	0	3	0.0
733	Ентекавір	25	0	3	1.0
734	Ентерит	585	7	45	17.5
735	Ентерична нервова система	53	0	6	1.0
736	Ентеробіоз	784	9	53	23.0
737	Ентеровірусні інфекції	2123	46	100	65.0
738	Ентерогастральний гальмівний рефлекс	0	0	0	0.0
739	Ентероколіт	673	11	50	19.0
740	Ентеросорбент	110	0	8	4.0
741	Енурез	553	11	26	17.0
742	Енфувіртид	2	0	1	0.0
743	Енцефаліт	1416	27	69	42.5
744	Енцефаліт долини Муррея	2	0	1	0.0
745	Енцефаліт Росіо	4	0	1	0.0
746	Енцефаліт Сент-Луїс	9	0	2	0.5
747	Енцефалопатія	2248	37	115	71.5
748	Еозинофілія	2438	23	115	78.0
749	Епідеміологія	188	1	12	5.5
750	Епідемічний висипний тиф	393	5	31	11.0
751	Епідемічний паротит	1127	18	120	33.0
752	Епідемічний поворотний тиф	39	0	8	1.0
753	Епідемія	226	1	13	7.5
754	Епікондиліт	472	1	33	15.5
755	Епірубіцин	16	0	3	1.0
756	Еплеренон	34	0	4	1.0
757	Епросартан	12	0	3	0.0
758	Ептифібатид	16	0	2	1.0
759	Ерадикація інфекційних хвороб	29	0	3	1.0
760	Ерготерапія	1717	22	98	52.5
761	Ерготизм	89	0	12	3.0
762	Ердостеїн	36	0	4	1.0
763	Еризипелоїд	160	1	13	4.0
764	Еритроміцин	275	2	14	8.5
765	Еритропоетин	185	1	10	6.0
766	Ерліхіоз	23	0	3	1.0
767	Ерлотиніб	22	0	3	1.0
768	Ертапенем	19	0	3	1.0
769	Есенціале	550	8	30	17.0
770	Есмолол	28	0	7	1.0
771	Естрадіол	627	7	30	20.0
772	Естрамустин	0	0	0	0.0
773	Есциталопрам	234	3	16	7.0
774	Етамбутол	50	0	4	1.5
775	Етанерцепт	15	0	3	0.0
776	Етацизин	40	0	4	1.0
777	Етифоксин	20	0	4	1.0
778	Етіологія (медицина)	295	2	17	9.0
779	Етодолак	36	0	5	1.0
780	Етопозид	35	0	3	1.0
781	Еторикоксиб	147	1	11	4.0
782	Етравірин	6	0	2	0.0
783	Етторе Маркіафава	4	0	2	0.0
784	Еутиреоз	211	1	19	6.5
785	Ефавіренз	34	0	4	1.0
786	Ехінокандини	19	0	4	0.5
787	Ехінокок звичайний	183	0	12	5.5
788	Ехінококоз	687	6	41	23.0
789	Ехокардіографія	250	2	17	8.0
790	Ешерихіоз	455	4	24	14.0
791	Європейська рада ресусцитації	34	0	4	1.0
792	Єрсиніоз кишковий	433	2	39	13.0
793	Єрсинія	136	0	12	4.0
794	Жан-Луї Прево	5	0	2	0.0
795	Жданов Віктор Михайлович	6	0	1	0.0
796	Жовта гарячка	237	1	15	7.0
797	Жовтяниця (медицина)	1231	18	55	37.0
798	Жовчнокам'яна хвороба	995	14	57	32.0
799	Жозеф-Фредерік-Бенуа Шарр'єр	0	0	0	0.0
800	Жувальний м'яз	53	0	7	2.0
801	Заболотний Данило Кирилович	219	2	15	6.5
802	Забуті тропічні хвороби	140	1	22	4.0
803	Загальна клубова артерія	74	0	8	2.0
804	Загальна сонна артерія	571	5	32	17.0
805	Задишка	192	1	9	6.0
806	Задній сегмент ока	2	0	1	0.0
807	Задня вушна артерія	3	0	1	0.0
808	Задня мозкова артерія	81	0	23	2.0
809	Закидання голови-виведення підборіддя	18	0	2	1.0
810	Законодавство в екстреній медицині	120	0	12	4.0
811	Залеплон	31	0	3	1.0
812	Зальцитабін	9	0	2	0.5
813	Занамівір	19	0	4	0.0
814	Заочеревинний простір	132	1	8	4.0
815	Запалення	823	12	42	25.0
816	Запор	924	17	47	28.5
817	Зарицький Анатолій Минович	7	0	3	0.0
818	Застуда	277	3	17	8.5
819	Затримка місячних	7048	150	280	227.5
820	Західний енцефаломієліт коней	10	0	3	0.0
821	Зв'язка (анатомія)	137	0	13	4.0
822	Звивина	99	0	6	3.0
823	Зворотний гортанний нерв	87	0	9	3.0
824	Здорове харчування	446	4	25	15.0
825	Злоякісна анемія	105	0	11	3.5
826	Зміна поведінки (громадське здоров'я)	7	0	1	0.0
827	Знаменський Володимир Олексійович	6	0	2	0.0
828	Зневоднення організму	162	1	9	4.5
829	Зоб (хвороба)	1422	21	62	46.5
830	Зовнішній сітчастий шар	3	0	1	0.0
831	Зовнішня капсула	4	0	1	0.0
832	Зовнішня клубова артерія	36	0	5	1.0
833	Зовнішня сонна артерія	164	1	11	5.0
834	Зовнішня яремна вена	69	1	8	2.0
835	Золпідем	77	0	8	2.0
836	Зонд Сенґстакена — Блекмора	21	0	5	1.0
837	Зооноз	219	2	17	6.0
838	Зопіклон	120	1	10	4.0
839	Зоровий нерв	439	5	25	14.0
840	Зофеноприл	25	0	3	1.0
841	Зсідання крові	1328	20	70	40.0
842	Зюков Анатолій Матвійович	12	0	4	0.0
843	Івабрадин	65	0	9	1.0
844	Іванов Вадим Миколайович	15	0	7	0.0
845	Івар Сандстрьом	0	0	0	0.0
846	Ідарубіцин	8	0	1	0.0
847	Ідіопатичний фіброзуючий альвеоліт	237	2	23	7.0
848	Ізоконазол	9	0	2	0.0
849	Ізоксуприн	11	0	2	0.0
850	Ізопреналін	58	0	18	1.0
851	Ізосорбіду динітрат	72	0	7	2.0
852	Ізоспороз	13	0	3	0.0
853	Іматиніб	76	0	10	2.0
854	Іміпенем	72	0	6	2.0
855	Іміпрамін	41	0	4	1.0
856	Імунітет (медицина)	829	8	53	24.5
857	Імуногістохімія	315	1	19	9.5
858	Інвагінація кишечника	182	1	16	5.0
859	Інгібітори 5-альфа-редуктази	24	0	4	1.0
860	Інгібітори АПФ	425	5	32	13.0
861	Інгібітори бета-лактамаз	20	0	3	1.0
862	Інгібітори протеази	41	0	5	1.0
863	Інгібітори рецепторів ангіотензину-ІІ	290	4	17	8.0
864	Інгібітори тирозинкінази	21	0	4	1.0
865	Індакатерол	4	0	1	0.0
866	Індапамід	78	0	10	2.0
867	Індинавір	7	0	2	0.0
868	Інозин	126	0	8	4.0
869	Інозин пранобекс	230	2	13	6.0
870	Інститут ендокринології та обміну речовин імені В. П. Комісаренка НАМН України	114	0	12	4.0
871	Інститут медичної реабілітації дітей з ураженням центральної нервової системи імені Януша Корчака	11	0	2	0.0
872	Інститут очних хвороб і тканинної терапії імені В. П. Філатова НАМН України	300	1	18	9.0
873	Інститут тропічної медицини імені Бернгарда Нохта	35	0	6	2.0
874	Інструктор курсів невідкладної допомоги	13	0	3	1.0
875	Інсулін	1776	26	166	48.0
876	Інсулінова помпа	220	2	14	7.0
877	Інсулінома	56	0	8	1.0
878	Інсулінотерапія	44	0	6	1.0
879	Інтерстиційний нефрит	109	0	9	3.0
880	Інтраопераційне гістологічне експрес-дослідження	51	0	6	2.0
881	Інтубація	59	0	5	2.0
882	Інфекційна еритема	465	6	33	14.0
883	Інфекційний мононуклеоз	4144	58	195	129.5
884	Інфекційні захворювання	2346	35	190	59.5
885	Інфекція	639	6	36	21.5
886	Інфекція, яку спричинює вірус Епштейна — Барр	1075	20	50	33.5
887	Інфекція, яку спричинює герпесвірус людини 6-го типу	127	1	10	4.0
888	Інфекція, яку спричинює герпесвірус людини 7-го типу	33	0	4	1.0
889	Інфекція, яку спричинює герпесвірус людини 8-го типу	75	0	9	2.0
890	Інфліксімаб	50	0	5	2.0
891	Іпохондрія	1237	21	58	37.5
892	Іпратропію бромід	45	0	4	1.0
893	Ірбесартан	18	0	2	1.0
894	Іринотекан	56	0	6	1.5
895	Ірит	84	0	9	2.0
896	Ісрадипін	6	0	2	0.0
897	Ітоприд	41	0	5	1.0
898	Ітраконазол	164	1	13	5.0
899	Іфосфамід	20	0	3	1.0
900	Ішемічна хвороба серця	2442	34	117	81.5
901	Ішемічний інсульт	1646	24	73	49.0
902	Ішурія	363	5	18	11.5
903	Йододефіцит	195	1	11	7.0
904	Кабазитаксел	6	0	2	0.0
905	Каберголін	28	4	10	7.0
906	Календар щеплень	573	6	30	17.0
907	Каліфорнійський енцефаліт	4	0	2	0.0
908	Кальцитонін	480	2	31	14.0
909	Кальцитріол	41	0	6	1.0
910	Кампілобактеріоз	277	1	23	7.0
911	Канакінумаб	15	0	3	0.5
912	Каналопатія	21	0	3	1.0
913	Канаміцин	80	0	6	2.5
914	Кандидоз	3197	61	131	103.0
915	Канцерогени	451	6	30	14.0
916	Капецитабін	55	0	5	1.0
917	Капреоміцин	13	0	3	0.0
918	Каптоприл	176	1	11	5.0
919	Карантин	176	0	12	5.0
920	Карбамазепін	504	6	30	15.0
921	Карбідопа	30	0	12	0.0
922	Карбоплатин	78	0	8	2.0
923	Карбоцистеїн	69	0	5	2.0
924	Карбункул (хвороба)	986	14	48	33.0
925	Карведилол	61	0	5	2.0
926	Кардіалгія	115	0	9	3.0
927	Кардіоміопатія	996	12	53	31.0
928	Кардіохірургія	97	0	8	3.0
929	Карл Вундерліх	3	0	2	0.0
930	Карл Йозеф Еберт	1	0	1	0.0
931	Карл фон Лібермейстер	3	0	2	0.0
932	Карлос Хуан Фінлей	0	0	0	0.0
933	Карлус Шагас	4	0	1	0.0
934	Кармустин	5	0	1	0.0
935	Каролінська університетська лікарня	4	0	2	0.0
936	Каротидний синус	64	0	7	1.0
937	Карфентаніл	59	0	8	1.0
938	Карциноїд	78	0	10	2.0
939	Карциноїдний синдром	74	0	7	2.0
940	Карцинома	3371	58	156	101.5
941	Каспофунгін	47	0	6	2.0
942	Катаракта	1003	13	61	31.5
943	Катастрофічний антифосфоліпідний синдром	15	0	2	1.0
944	Кафедра патологічної фізіології Національного медичного університету імені О. О. Богомольця	13	0	2	0.0
945	Кашель	346	3	19	11.0
946	Кашлюк	1490	8	102	34.5
947	Кветіапін	205	1	16	6.0
948	Квінаприл	6	0	1	0.0
949	Келвін Леунг	0	0	0	0.0
950	Кератит	502	4	27	16.0
951	Кертіс Лестер Мендельсон	2	0	1	0.0
952	Кесонна хвороба	308	2	23	9.0
953	Кетоацидоз	196	2	12	6.0
954	Кетоконазол	156	0	10	4.0
955	Кетопрофен	200	0	12	6.5
956	Кеторолак	173	1	10	5.0
957	Кетотифен	140	0	10	5.0
958	Київська міська психіатрична лікарня	595	4	53	17.0
959	Київське обласне психіатрично-наркологічне медоб'єднання	182	1	14	6.0
960	Київський міський клінічний госпіталь ветеранів війни	197	1	15	6.0
961	Кила Шморля	778	8	39	24.0
962	Кишенькова маска	14	0	3	0.5
963	Кишечник	1363	31	66	43.0
964	Кишкова непрохідність	1277	24	65	40.0
965	Кільця Кайзера — Флайшера	40	0	7	1.0
966	Кінезітерапія	689	10	39	20.5
967	Кір	4347	102	209	129.0
968	Кіркова речовина надниркової залози	62	0	6	2.0
969	Кіста	1984	28	93	63.5
970	Кіста зябрової дуги	28	0	4	1.0
971	Кісточка (анатомія)	239	1	14	7.5
972	Кітасато Сібасабуро	18	0	5	0.0
973	Кіфоз	595	5	35	18.0
974	Клавдій Гален	82	0	7	3.0
975	Клавуланова кислота	116	0	10	3.0
976	Кладрибін	13	0	2	1.0
977	Кларитроміцин	353	4	19	11.5
978	Класифікація кровотеч за Форестом	324	1	26	9.5
979	Кластер захворювання	23	0	10	0.0
980	Клемастин	65	0	7	2.0
981	Кленбутерол	153	1	14	4.0
982	Кліндаміцин	218	2	12	7.0
983	Клініка (медичний заклад)	169	0	14	5.0
984	Клінічна лікарня «Феофанія»	582	3	35	17.5
985	Клінічна настанова	35	0	6	1.0
986	Клінічний аналіз крові	1996	21	103	69.5
987	Клінічний аналіз сечі	1590	13	74	52.5
988	Кліщовий висипний тиф Північної Азії	70	0	11	1.0
989	Кліщовий енцефаліт	920	17	92	23.5
990	Кліщовий пароксизмальний рикетсіоз	9	0	2	0.5
991	Клоксацилін	30	0	3	1.0
992	Кломіпрамін	40	0	5	2.0
993	Клоназепам	177	1	12	5.0
994	Клонорхоз	61	0	5	2.0
995	Клонус	55	0	5	1.0
996	Клотримазол	539	7	30	16.0
997	Клофазимін	72	0	6	2.0
998	Ключиця	353	2	22	10.5
999	Клятва Гіппократа	1153	21	75	35.5
1000	Коагулограма	1406	16	73	45.5
1001	Коагулопатія	105	0	8	3.0
1002	Козько Володимир Миколайович	7	0	4	0.0
1003	Коксиби	46	0	4	1.5
1004	Колапс (медицина)	758	14	38	23.0
1005	Колінний суглоб	919	17	47	28.0
1006	Колінчастий вузол	10	0	2	1.0
1007	Колістин	119	0	18	2.0
1008	Коліт	617	8	34	19.0
1009	Колоноскопія	2123	21	215	52.5
1010	Колорадська кліщова гарячка	47	0	5	1.0
1011	Колоректальний рак	771	12	38	23.0
1012	Кома (медицина)	1333	24	68	40.5
1013	Комісаренко Ігор Васильович	40	0	6	1.0
1014	Конваллятоксин	7	0	2	0.0
1015	Конверсія (психологія)	36	0	3	1.0
1016	Контагіозність	111	0	8	3.0
1017	Контактний механізм передачі інфекції	69	0	4	2.0
1018	Контрактура Дюпюїтрена	307	1	18	9.0
1019	Конча-Заспа (санаторій)	141	0	9	4.0
1020	Кора головного мозку	538	5	28	16.0
1021	Корбініан Бродман	6	0	1	0.0
1022	Корглікон	229	2	15	7.0
1023	Коров'яча віспа	153	1	9	5.0
1024	Корона голівки члена	192	1	14	7.0
1025	Коронавірусна інфекція	72	0	6	2.0
1026	Коронарна недостатність	287	3	29	7.0
1027	Короста	4210	79	217	128.0
1028	Короткозорість	1587	20	77	47.5
1029	Кортизол	1627	30	72	52.0
1030	Кортизон	212	2	13	6.0
1031	Кортикальний гомункулус	51	0	5	1.0
1032	Корчак-Чепурківський Овксентій Васильович	28	0	3	1.0
1033	Косоокість	382	4	22	12.0
1034	Крайня капсула	3	0	1	0.0
1035	Крайня плоть	863	14	45	26.0
1036	Краніофарингіома	42	0	6	1.0
1037	Краснуха	1356	26	64	42.0
1038	Крелін Юлій Зусманович	3	0	1	0.0
1039	Крим-Конго геморагічна гарячка	58	0	10	2.0
1040	Криптококоз	119	1	11	3.0
1041	Криптоспоридіоз	88	0	11	2.0
1042	Крістоф Вільгельм Гуфелянд	11	0	3	0.0
1043	Кров'яний тиск	784	14	34	24.0
1044	Кронтовський Олексій Антонінович	2	0	2	0.0
1045	Кропив'янка (хвороба)	4705	104	283	136.5
1046	Круп	479	5	28	14.0
1047	Ксантелазма	162	1	11	5.0
1048	Ксантома	274	2	20	8.0
1049	Ксипамід	15	0	2	1.0
1050	Ку-гарячка	120	0	17	3.0
1051	Кульшовий суглоб	739	8	37	23.5
1052	Курортологія	37	0	3	1.0
1053	Куру (хвороба)	216	1	17	6.5
1054	Куряча сліпота (хвороба)	313	3	18	9.5
1055	Лабеталол	59	0	6	2.0
1056	Лагофтальм	43	0	6	1.0
1057	Лазарет	80	0	8	2.0
1058	Лакосамід	10	0	2	1.0
1059	Лакунарний інсульт	243	2	20	7.0
1060	Ламівудин	43	0	8	1.0
1061	Ламотригін	67	0	8	2.0
1062	Ланатозид C	9	0	1	1.0
1063	Лансопразол	34	0	4	1.0
1064	Ланцюг виживання	15	0	3	1.0
1065	Лапатиніб	20	0	5	1.0
1066	Лаппаконітину гідробромід	14	0	4	0.0
1067	Ларингіт	1990	41	88	61.5
1068	Ларингоспазм	260	4	17	9.0
1069	Латамоксеф	3	0	1	0.0
1070	Лацидипін	12	0	4	0.0
1071	Левамізол	242	3	14	7.0
1072	Леветирацетам	66	0	5	2.0
1073	Леводопа	204	3	30	5.5
1074	Леворин	43	0	4	2.0
1075	Левотироксин	234	0	16	7.0
1076	Левофлоксацин	458	6	28	14.5
1077	Левоцетиризин	221	1	20	6.0
1078	Легенева гіпертензія	491	6	29	14.5
1079	Легеневе серце	264	0	16	8.5
1080	Легіонельоз	281	3	15	9.0
1081	Лейкемічний провал	41	0	4	2.0
1082	Лейкоз	2752	57	181	80.0
1083	Лейкоцитарна формула	492	4	31	15.0
1084	Лейоміома	363	4	31	10.0
1085	Лейпрорелін	195	0	55	4.0
1086	Лейшманіози	223	0	14	7.0
1087	Лектини С-типу	11	0	2	1.0
1088	Ленограстим	5	0	2	0.0
1089	Лепрозорій	181	1	15	5.0
1090	Лептин	274	2	21	8.0
1091	Лептоспіроз	2722	46	261	71.5
1092	Лерканідипін	39	0	7	1.0
1093	Летаргічний енцефаліт	88	0	13	2.0
1094	Летрозол	130	1	8	4.0
1095	Лефлуномід	25	0	4	1.0
1096	Леш Федір Олександрович	6	0	2	0.0
1097	Лихоманка	21	0	3	1.0
1098	Лицева артерія	47	0	10	1.0
1099	Лицевий нерв	504	6	28	14.5
1100	Лікар	576	6	30	17.0
1101	Лікар-ендокринолог	1854	13	96	64.0
1102	Лікарня	395	3	28	11.5
1103	Лікарня відновного лікування Міністерства внутрішніх справ України	476	5	32	14.5
1104	Лікарська рослина	458	5	26	14.5
1105	Лікарський збірник	7	0	4	0.0
1106	Лікарські засоби	1200	14	63	40.0
1107	Ліктьовий суглоб	87	0	12	2.0
1108	Лімфангіт	115	0	8	4.0
1109	Лімфатичні філяріїдози	54	0	5	1.5
1110	Лімфогранулематоз	1248	14	135	34.0
1111	Лімфома	932	13	44	29.5
1112	Лімфома щитоподібної залози	24	0	3	1.0
1113	Лімфорея	32	0	5	1.0
1114	Лімфоцитарний хоріоменінгіт	16	0	5	1.0
1115	Лімфоцитоз	385	2	23	13.0
1116	Ліндеман Володимир Карлович	13	0	5	0.0
1117	Лінезолід	54	0	8	1.5
1118	Лінкозаміди	44	0	6	2.0
1119	Лінкоміцин	926	13	43	28.5
1120	Лістеріоз	290	1	17	8.5
1121	Літотрипсія	268	2	18	8.0
1122	Лоаоз	77	1	12	2.0
1123	Лобова частка (мозок)	376	1	31	11.5
1124	Лобово-скронева деменція	22	0	3	1.0
1125	Ловастатин	26	0	3	1.0
1126	Ломефлоксацин	20	0	3	1.0
1127	Лопатка	168	0	18	5.0
1128	Лоперамід	357	2	20	10.5
1129	Лопінавір	6	0	2	0.0
1130	Лопінавір/Ритонавір	22	0	3	1.0
1131	Лоразепам	202	0	13	6.0
1132	Лорноксикам	73	0	5	2.0
1133	Луї Пастер	260	3	22	8.0
1134	Люмбальна пункція	617	9	29	20.0
1135	Лямбліоз	993	13	59	30.5
1136	М'язова атрофія	520	9	27	16.0
1137	М'який шанкр	192	1	12	5.5
1138	Магнітно-резонансна томографія	1960	31	88	65.0
1139	Макроглобулінемія Вальденстрема	93	1	8	3.0
1140	Макроліди	330	2	26	10.5
1141	Мала гомілкова кістка	103	0	9	3.0
1142	Малеїн	3	0	1	0.0
1143	Малярія	1349	23	98	37.5
1144	Мапротилін	10	0	2	0.0
1145	Маравірок	6	0	2	0.0
1146	Марі Буавен	7	0	2	0.0
1147	Марсельська гарячка	45	0	4	2.0
1148	Масаж	1136	23	143	31.5
1149	Мастит	1254	24	66	36.5
1150	Мастоїдит	263	2	20	7.5
1151	Мастопатія	1566	26	73	49.5
1152	Меатотомія	14	0	2	0.5
1153	Мебеверин	121	0	14	3.0
1154	Мебендазол	104	0	7	3.0
1155	Мебікар	389	6	18	12.0
1156	Мегестрол	37	0	6	1.0
1157	Медазепам	14	0	2	1.0
1158	Медаль Менсона	3	0	3	0.0
1159	Медицина	1078	18	60	34.5
1160	Медицина подорожей та хвороб мандрівників	25	0	5	1.0
1161	Медична акустика	179	0	11	6.0
1162	Медична діагностика	439	4	30	13.0
1163	Медичне сортування	1086	7	123	24.5
1164	Медичне страхування	314	2	32	8.0
1165	Медичний факультет Київського імператорського університету Святого Володимира	63	0	7	2.0
1166	Медроксипрогестерон	95	0	24	2.0
1167	Медулярний рак щитоподібної залози	303	0	28	8.5
1168	Мексилетин	23	0	2	1.0
1169	Меланома	3145	47	327	88.5
1170	Мелатонін	1798	39	105	56.0
1171	Меліоїдоз	101	0	21	2.0
1172	Мелфалан	15	0	2	1.0
1173	Мельдоній	615	12	28	18.5
1174	Менінгеальний синдром	87	1	7	2.0
1175	Менінгеальні симптоми	231	2	15	7.5
1176	Менінгізм	59	0	8	1.0
1177	Менінгіт	2427	56	102	74.0
1178	Менінгокок	139	0	15	4.0
1179	Менінгококова інфекція	902	14	47	28.5
1180	Меніск (анатомія)	1659	29	82	51.5
1181	Менопауза	1482	30	60	48.0
1182	Меркаптопурин	24	0	4	1.0
1183	Меропенем	82	1	7	2.0
1184	Месна	20	0	5	1.0
1185	Метаболізм лікарських засобів	103	0	7	3.0
1186	Метаквалон	159	0	10	4.0
1187	Метапневмовірусна інфекція	11	0	2	1.0
1188	Метастаз	884	15	42	27.5
1189	Метациклін	22	0	4	1.0
1190	Метилпреднізолон	225	1	13	7.0
1191	Метилфенідат	302	2	18	9.0
1192	Метицилін	31	0	5	1.0
1193	Метод Сельдінгера	117	0	8	4.0
1194	Метоклопрамід	404	4	27	11.0
1195	Метоксифлуран	20	0	4	1.0
1196	Метопролол	82	0	7	2.0
1197	Метотрексат	384	4	21	12.5
1198	Метформін	582	8	32	17.5
1199	Мефедрон	4090	73	180	134.5
1200	Мефлохін	7	0	2	0.0
1201	Механізм передачі інфекції	240	1	17	7.0
1202	Механотерапія	116	0	9	3.0
1203	Мечников Ілля Ілліч	801	11	173	19.5
1204	Мигдалики	906	17	48	25.0
1205	Миготіння передсердь	347	2	23	10.5
1206	Миготіння шлуночків	122	0	13	4.0
1207	Міансерин	43	0	4	1.0
1208	Мігрень	2420	43	116	76.5
1209	Мідазолам	81	0	6	2.0
1210	Мідекаміцин	16	0	4	0.0
1211	Мідріаз	338	3	22	10.0
1212	Мієліт	127	0	9	4.0
1213	Мієлодиспластичні синдроми	164	0	21	5.0
1214	Мієломна хвороба	868	8	44	28.0
1215	Міжнародна класифікація функціонування, обмеження життєдіяльності та здоров’я (МКФ)	136	0	19	4.0
1216	Міжнародне агентство з дослідження раку	24	0	6	1.0
1217	Міжнародне нормалізоване відношення	997	10	52	32.0
1218	Міжнародний класифікатор хвороб	1155	10	63	36.5
1219	Міжнародні медико-санітарні правила 2005 року	40	0	3	1.0
1220	Міжхребцева кила	2805	61	125	86.5
1221	Міжхребцевий диск	301	3	17	9.5
1222	Мікафунгін	26	0	4	0.0
1223	Міконазол	111	0	10	4.0
1224	Мікоплазмоз урогенітальний	503	7	27	15.5
1225	Мікофенолова кислота	26	0	3	1.0
1226	Мікроцефалія	286	2	18	8.5
1227	Мікседема	232	1	15	7.5
1228	Мілнаципран	15	0	3	0.0
1229	Мінералокортикоїди	73	0	9	2.0
1230	Міноксидил	663	12	34	20.0
1231	Мінх Григорій Миколайович	8	0	1	0.0
1232	Мінцер Озар Петрович	39	0	3	1.5
1233	Міозит	976	14	50	31.5
1234	Міома матки	2125	36	93	73.0
1235	Міопатія	469	3	31	14.0
1236	Міофасціальний больовий синдром	249	3	14	7.0
1237	Міртазапін	238	1	18	7.0
1238	Мітоксантрон	22	0	4	1.0
1239	Мітоміцин	6	0	2	0.0
1240	МКХ-10: Клас I. Деякі інфекційні та паразитарні хвороби (A)	502	0	35	16.5
1241	МКХ-10: Клас I. Деякі інфекційні та паразитарні хвороби (B)	532	1	37	19.5
1242	МКХ-10: Клас V. Розлади психіки та поведінки	1860	24	90	62.5
1243	МКХ-10: Клас VI. Хвороби нервової системи	2137	16	113	76.0
1244	МКХ-10: Клас VII. Хвороби ока та його придаткового апарату	1144	3	71	39.0
1245	МКХ-10: Клас VIII. Хвороби вуха та соскоподібного відростка	368	0	25	11.0
1246	МКХ-10: Клас XVI. Окремі стани, що виникають в перинатальному періоді	366	2	27	11.0
1247	МКХ-10: Клас XVII. Вроджені вади розвитку, деформації та хромосомні аномалії	1117	5	71	37.0
1248	Множинна ендокринна неоплазія	19	0	3	0.0
1249	Множинна ендокринна неоплазія тип 1	15	0	3	0.0
1250	Множинна ендокринна неоплазія тип 2А	3	0	1	0.0
1251	Множинна ендокринна неоплазія тип 2Б	8	0	2	0.0
1252	Мобільний армійський хірургічний шпиталь	10	0	4	0.0
1253	Моексиприл	0	0	0	0.0
1254	Мозкова речовина надниркової залози	48	0	6	2.0
1255	Мозковий кровообіг	517	6	24	17.0
1256	Мозолисте тіло	243	2	19	7.0
1257	Моксифлоксацин	91	0	10	3.0
1258	Монобактами	32	0	10	1.0
1259	Монойодтирозин	0	0	0	0.0
1260	Моноклональні антитіла	149	1	8	5.0
1261	Монтелукаст	397	5	22	12.5
1262	Морацизин	11	0	2	0.0
1263	Морська хвороба	289	1	32	8.0
1264	Мосаприд	23	0	4	1.0
1265	Мочутковський Йосип Йосипович	7	0	3	0.0
1266	Моямоя	63	0	9	1.5
1267	Муковісцидоз	3904	75	622	103.0
1268	Мупіроцин	62	0	5	2.0
1269	Мутизм	115	1	8	3.0
1270	Набряк	429	7	25	12.0
1271	Набряк Квінке	2174	43	99	67.0
1272	Набряк легень	780	15	42	22.5
1273	Набуметон	34	0	6	1.0
1274	Набутий імунітет	76	1	6	2.0
1275	Надгортанник	417	2	35	10.5
1276	Надіфлоксацин	1	0	1	0.0
1277	Надлопаткова артерія	3	0	1	0.0
1278	Надлопаткова вена	0	0	0	0.0
1279	Надниркова залоза	966	5	49	30.0
1280	Надолол	7	0	2	0.0
1281	Надп'яткова кістка	88	0	6	2.5
1282	Надропарин	31	0	3	1.0
1283	Налбуфін	404	5	24	12.0
1284	Налідиксова кислота	14	0	2	1.0
1285	Налорфін	9	0	3	0.0
1286	Напроксен	326	3	20	10.0
1287	Наталізумаб	17	0	3	0.5
1288	Натаміцин	91	1	7	3.0
1289	Натан Едвін Брілл	0	0	0	0.0
1290	Натрію пікосульфат	15	3	12	7.5
1291	Натуральна віспа	1436	20	147	41.5
1292	Науково-практичний центр профілактичної та клінічної медицини Державного управління справами	126	0	12	3.0
1293	Нафтифін	63	0	5	2.0
1294	Національна асоціація екстрених медичних техніків	33	0	5	1.0
1295	Національний військово-медичний клінічний центр «Головний військовий клінічний госпіталь»	1137	9	67	38.0
1296	Національний інститут раку (Україна)	291	2	24	9.0
1297	Національний музей медицини України	101	0	8	3.0
1298	Національний реєстр екстрених медичних техніків (США)	5	0	2	0.0
1299	Небіволол	164	1	10	5.0
1300	Невірапін	7	0	1	0.0
1301	Неврит	637	7	31	17.5
1302	Неврома	23	0	3	1.0
1303	Негоджкінська лімфома	779	9	41	24.0
1304	Негоспітальна пневмонія	318	1	19	9.0
1305	Нежить	676	8	31	21.5
1306	Нейробластома	88	0	9	2.0
1307	Нейродерміт	890	10	62	25.5
1308	Нейроендокринна пухлина	105	0	11	3.0
1309	Нейроінфекції	479	6	22	15.0
1310	Нейропатія	655	8	36	18.0
1311	Нейрофіброматоз	239	2	22	6.0
1312	Нейрофіброматоз І типу	180	1	14	5.0
1313	Нейрофіброматоз II типу	38	0	5	1.0
1314	Некробацильоз	25	0	4	1.0
1315	Некроз	927	17	40	29.0
1316	Некротичний фасциїт	0	0	0	0.0
1317	Нелфінавір	2	0	1	0.0
1318	Немоноксацин	5	0	2	0.0
1319	Ненуклеозидні інгібітори зворотньої транскриптази	6	0	2	0.0
1320	Неоміцин	109	0	9	3.0
1321	Непарна щитоподібна артерія	13	0	2	1.0
1322	Нервова анорексія	556	10	26	17.5
1323	Нервова система	1894	27	118	55.5
1324	Нервовий вузол	93	0	11	3.0
1325	Нереверсивна маска	41	0	4	1.0
1326	Неспецифічний виразковий коліт	860	14	46	26.0
1327	Несправжній суглоб	48	0	6	2.0
1328	Нетилміцин	7	0	1	0.0
1329	Нефопам	32	0	5	1.0
1330	Нефротичний синдром	167	1	15	5.0
1331	Нецукровий діабет	374	5	25	12.0
1332	Нещадименко Марко Петрович	1	0	1	0.0
1333	Нижня щитоподібна артерія	11	0	2	1.0
1334	Нижня щитоподібна вена	5	0	2	0.0
1335	Низько-диференційований рак щитоподібної залози	65	1	5	2.0
1336	Нізатидин	8	0	3	0.0
1337	Нікардипін	9	0	2	0.0
1338	Ніклас Сальгрен	2	0	1	0.0
1339	Нікольський Петро Васильович	2	0	2	0.0
1340	Нікорандил	22	0	3	1.0
1341	Ніктурія	82	0	6	3.0
1342	Нілотиніб	7	0	2	0.0
1343	Нільс Алвалл	2	0	1	0.0
1344	Німесулід	535	9	27	16.5
1345	Німодипін	24	0	3	1.0
1346	Німоразол	9	0	3	0.0
1347	Німотузумаб	8	0	3	0.0
1348	Ністагм	500	5	27	16.0
1349	Нітразепам	28	0	3	1.0
1350	Нітрендипін	16	0	3	1.0
1351	Нітроксолін	412	5	24	12.0
1352	Нітрофурани	154	1	11	5.0
1353	Нітрофурантоїн	139	0	10	4.0
1354	Ніфедипін	167	1	14	5.0
1355	Ніфурател	57	0	8	1.0
1356	Ніфуроксазид	658	10	38	20.0
1357	Нобелівська премія з фізіології або медицини	148	0	19	4.0
1358	Новоутворення ендокринних залоз	42	0	3	1.0
1359	Нога людини	835	14	45	25.5
1360	Ножиці атравматичні	6	0	1	0.0
1361	Нозологія	190	0	20	5.5
1362	Нокардіоз	64	0	11	3.5
1363	Нома	115	0	9	3.0
1364	Норфлоксацин	232	3	13	7.5
1365	Носова канюля	22	0	5	0.5
1366	Носова кровотеча	267	3	17	8.0
1367	Нудота	377	4	29	11.0
1368	Нуклеозидні інгібітори зворотньої транскриптази	8	0	2	0.0
1369	Нюховий горбок	17	0	3	1.0
1370	О'ньйонг'ньйонг	10	0	2	0.5
1371	Обідкова частка	9	0	2	0.0
1372	Обінутузумаб	5	0	3	0.0
1373	Обличчя великої панди (ознака)	3	0	1	0.0
1374	Образцов Василь Парменович	39	0	4	1.0
1375	Обрамлене застереження	9	0	1	1.0
1376	Огорожа (анатомія)	18	0	3	1.0
1377	Одеська обласна клінічна лікарня	52	0	5	2.0
1378	Ожиріння в Україні	33	0	4	1.0
1379	Окоруховий нерв	113	0	13	3.0
1380	Оксаліплатин	65	0	6	3.0
1381	Оксацилін	59	0	6	1.0
1382	Оксибутинін	43	0	7	1.0
1383	Оксиками	34	0	4	1.0
1384	Оксикодон	315	1	20	9.5
1385	Оксиконазол	12	0	2	1.0
1386	Окситоцин	1295	27	54	41.0
1387	Окскарбазепін	14	0	2	1.0
1388	Окспренолол	5	0	2	0.0
1389	Олеандоміцин	8	0	2	0.0
1390	Олігурія	186	1	10	5.0
1391	Олмесартан	23	0	3	1.0
1392	Олопатадин	51	0	6	2.0
1393	Омалізумаб	21	0	3	0.0
1394	Омепразол	382	2	26	12.0
1395	Омнопон	98	0	9	3.0
1396	Омоконазол	7	0	1	0.0
1397	Онейроїд	38	0	4	1.0
1398	Оніхофагія	39	0	5	1.0
1399	Онкологія	466	7	26	14.0
1400	Онкоцит	7	0	2	0.0
1401	Онхоцеркоз	76	0	10	2.0
1402	Операція Крайля	64	0	9	2.0
1403	Оперізуючий герпес	3373	67	140	104.5
1404	Опікова хвороба	93	0	16	2.5
1405	Опіковий шок	75	0	8	2.0
1406	Опісторхоз	579	5	33	17.5
1407	Опортуністична інфекція	97	0	7	3.0
1408	Орієнтовний перелік основних лікарських засобів, розроблений ВООЗ	94	0	9	2.0
1409	Орнідазол	334	1	21	10.0
1410	Орнітоз	279	5	14	8.0
1411	Орхіт	294	1	18	9.0
1412	Орципреналін	6	0	2	0.0
1413	Остеопороз	1809	33	114	53.0
1414	Остеосинтез	106	0	9	2.5
1415	Острівцева кора	81	0	6	3.0
1416	Осьовий хребець	72	0	9	2.0
1417	Отопластика	132	1	10	4.0
1418	Отруєння	592	3	37	19.0
1419	Отруєння грибами	90	0	6	2.5
1420	Отруєння етиловим спиртом	116	1	10	3.0
1421	Отто Обермейер	2	0	1	0.0
1422	Офатумумаб	3	0	1	0.0
1423	Офлоксацин	182	1	12	5.5
1424	Офтальмологія	896	5	56	28.0
1425	Офтальмоплегія	48	0	5	1.0
1426	Очеревина	202	2	15	6.0
1427	Очерки гнойной хирургии	11	0	2	0.5
1428	Очна артерія	42	0	5	1.0
1429	Очна ямка	77	0	8	2.0
1430	П'єр Фідель Бретонно	1	0	1	0.0
1431	П'єр-Шарль Александр Луї	1	0	1	0.0
1432	П'ята холерна пандемія	5	0	1	0.0
1433	П'яткова кістка	66	0	7	2.0
1434	Падалка Борис Якович	11	0	2	0.0
1435	Паклітаксел	206	1	23	5.0
1436	Панарицій	574	4	46	16.0
1437	Пандемія	284	3	17	8.0
1438	Пандемія грипу H1N1 (2009)	31	0	6	1.0
1439	Пандемія хвороби, яку спричинює вірус Зіка	18	0	4	0.0
1440	Панкреатична нейроендокринна пухлина	23	0	4	1.0
1441	Пантопразол	220	0	20	6.0
1442	Панцитопенія	117	0	8	4.0
1443	Папілома	1587	32	79	48.5
1444	Папілярний рак щитоподібної залози	394	3	23	12.5
1445	Парааміносаліцилова кислота	14	0	2	1.0
1446	Парагангліома	40	0	5	1.0
1447	Парагонімоз	41	0	4	1.0
1448	Парагрип	136	1	8	4.0
1449	Паразитарна інвазія	218	2	12	7.5
1450	Параліч	501	2	33	14.0
1451	Парамедик	887	12	116	25.5
1452	Паранеопластичний синдром	87	0	8	2.0
1453	Парапроктит	1349	24	60	43.5
1454	Паратгормон	1090	13	54	36.0
1455	Паратиреоїдектомія	16	0	4	0.0
1456	Паратифи	111	1	9	3.0
1457	Паратонзилярний абсцес	1009	15	53	29.5
1458	Паращитоподібна залоза	337	3	19	10.0
1459	Парвовірус В19	253	0	16	8.0
1460	Парекоксиб	12	0	3	0.0
1461	Парентеральне введення	596	5	27	19.5
1462	Пароксетин	234	2	19	7.0
1463	Пароксизм	250	3	17	8.0
1464	Пароксизмальна тахікардія	783	14	38	23.0
1465	Паромоміцин	7	0	3	0.0
1466	Паротит	256	1	21	7.0
1467	Парфанович Софія	27	0	9	1.0
1468	Патісіран	4	0	2	0.0
1469	Патогенез	233	3	14	7.0
1470	Патогенез бічного аміотрофічного склерозу	23	0	3	1.0
1471	Патогномонічний симптом	92	0	9	3.0
1472	Патологічна анатомія	283	3	21	8.5
1473	Патрік Менсон (паразитолог)	2	0	1	0.0
1474	Пауль Лангерганс	11	0	3	0.0
1475	Пахвинна зв'язка	87	0	9	3.0
1476	Пахвинний канал	286	1	21	9.0
1477	Пахвова артерія	29	0	2	1.0
1478	Пахвова вена	3	0	1	0.0
1479	Пахова гранульома	113	0	8	3.0
1480	Пегільований інтерферон альфа-2а	47	0	4	2.0
1481	Пегільований інтерферон альфа-2b	29	0	5	1.0
1482	Пегфілграстим	15	0	2	1.0
1483	Педикульоз	1663	25	87	51.0
1484	Пелещук Анатолій Петрович	14	0	2	1.0
1485	Пембролізумаб	188	1	22	5.0
1486	Пеметрексед	80	0	11	2.0
1487	Пенетрація (медицина)	107	1	7	3.0
1488	Пеніцилін	1197	16	108	34.5
1489	Пентазоцин	17	0	3	1.0
1490	Пентамідин	19	0	3	1.0
1491	Пентобарбітал	907	1	522	6.0
1492	Пентоксифілін	258	1	20	6.5
1493	Пенцикловір	21	0	3	1.0
1494	Пептична виразка	838	11	37	26.0
1495	Первинний амебний менінгоенцефаліт	90	1	19	3.5
1496	Передменструальний синдром	2623	54	102	82.5
1497	Передня мозкова артерія	43	0	5	1.0
1498	Передня яремна вена	34	0	5	2.0
1499	Передсердний натрійуретичний фактор	72	0	8	2.0
1500	Передчасна еякуляція	1087	23	105	32.0
1501	Переливання крові	1323	25	58	41.0
1502	Перелік інфекційних хвороб людини	744	10	35	24.0
1503	Перелік курсів екстреної медичної допомоги	20	0	10	1.0
1504	Перелік паразитарних хвороб людини	92	0	13	2.0
1505	Переломи кісток	793	8	47	23.0
1506	Перикардит	314	3	25	9.0
1507	Перитоніт	1694	36	73	52.0
1508	Періодонтоз	416	6	27	12.0
1509	Перкусія	258	1	75	6.0
1510	Пероральний прийом лікарських засобів	1321	27	57	41.0
1511	Перстнещитоподібна артерія	0	0	0	0.0
1512	Пертузумаб	15	0	3	0.0
1513	Перша холерна пандемія	4	0	1	0.0
1514	Петер Крауснекер	10	0	4	0.0
1515	Петехія	192	1	15	6.0
1516	Пефлоксацин	20	0	2	1.0
1517	Печериста пазуха	56	0	6	1.5
1518	Печінка	1794	38	78	57.5
1519	Печінкова недостатність	345	4	16	11.0
1520	Печія	782	13	49	23.0
1521	Пирогов Микола Іванович	873	15	42	26.5
1522	Півкулі головного мозку	438	5	22	13.5
1523	Під'язикова артерія	2	0	1	0.0
1524	Підвисоцький Володимир Валеріанович	36	0	4	1.0
1525	Підвішуюча зв'язка щитоподібної залози	2	0	1	0.0
1526	Підключична артерія	125	0	10	4.0
1527	Підключична вена	38	0	4	1.0
1528	Підотимод	7	0	2	0.0
1529	Підпід'язикова артерія	2	0	2	0.0
1530	Підшкірна ін'єкція	809	13	43	22.5
1531	Підшкірний мансонельоз	38	0	5	1.0
1532	Підшкірні філяріїдози	19	0	4	1.0
1533	Пієлонефрит	2398	34	114	75.5
1534	Пімозид	21	0	4	1.0
1535	Піндолол	9	0	2	0.0
1536	Пінеалобластома	1	0	1	0.0
1537	Пінеалома	8	0	2	0.0
1538	Пінта (хвороба)	73	0	9	2.0
1539	Піодермія	917	15	44	28.5
1540	Піпемідова кислота	22	0	4	1.0
1541	Піперазин	151	1	12	4.5
1542	Піперацилін	22	0	3	1.0
1543	Піразинамід	36	0	4	1.0
1544	Пірамідна система	119	0	11	3.0
1545	Пірантел	163	1	16	4.0
1546	Пірибедил	14	0	10	2.0
1547	Піріметамін	17	0	3	1.0
1548	Піріметамін/сульфадоксин	11	0	3	0.0
1549	Пірліндол	7	0	2	0.0
1550	Піроксикам	59	0	6	2.0
1551	Пітавастатин	16	0	4	1.0
1552	Пітуіцитома	6	0	1	0.0
1553	Плазмодій	192	2	12	6.0
1554	Платифілін	369	4	19	12.0
1555	Плеврит	1261	25	72	38.5
1556	Плевромутилін	7	0	3	0.0
1557	Плечеголовна вена	45	0	7	2.0
1558	Плечоголовний стовбур	30	0	4	1.0
1559	Пліометрика	71	0	13	2.0
1560	Плоска бородавка	133	1	9	4.0
1561	Плоскоклітинна карцинома щитоподібної залози	46	0	6	1.0
1562	Пляма (висип)	151	1	9	5.0
1563	Плямиста гарячка Скелястих Гір	43	0	6	1.0
1564	Пневмоконіоз	133	1	8	4.0
1565	Пневмоторакс	1187	16	93	35.0
1566	Пневмоцистна пневмонія	130	1	11	3.0
1567	Побічна дія (медицина)	3005	62	124	96.0
1568	Поверхнева скронева артерія	20	0	3	1.0
1569	Повільні інфекції	27	0	3	1.0
1570	Повітряно-крапельний механізм передачі інфекції	132	1	11	4.0
1571	Поворотний тиф	73	0	8	2.0
1572	Подагра	4059	62	203	113.5
1573	Позаконазол	20	0	3	1.0
1574	ПоКіФоРо ІнРиКоЗ	6	0	1	0.0
1575	Поле Бродмана 4	12	0	4	1.0
1576	Поле Бродмана 5	4	0	1	0.0
1577	Поле Бродмана 6	8	0	2	0.0
1578	Поле Бродмана 7	5	0	1	0.0
1579	Поле Бродмана 8	10	0	2	1.0
1580	Поле Бродмана 9	10	0	3	0.0
1581	Поле Бродмана 10	8	0	2	0.0
1582	Поле Бродмана 11	2	0	1	0.0
1583	Поле Бродмана 12	2	0	1	0.0
1584	Поле Бродмана 13	7	0	4	0.5
1585	Поле Бродмана 14	7	0	2	0.0
1586	Поле Бродмана 15	2	0	1	0.0
1587	Поле Бродмана 16	1	0	1	0.0
1588	Поле Бродмана 20	4	0	2	0.0
1589	Поле Бродмана 21	4	0	1	0.0
1590	Поле Бродмана 22	3	0	1	0.0
1591	Поле Бродмана 23	4	0	2	0.0
1592	Поле Бродмана 24	4	0	1	0.0
1593	Поле Бродмана 25	31	0	5	1.0
1594	Поле Бродмана 26	6	0	1	0.0
1595	Поле Бродмана 27	5	0	1	0.0
1596	Поле Бродмана 28	4	0	2	0.0
1597	Поле Бродмана 29	3	0	1	0.0
1598	Поле Бродмана 30	4	0	1	0.0
1599	Поле Бродмана 31	4	0	1	0.0
1600	Поле Бродмана 32	4	0	2	0.0
1601	Поле Бродмана 33	4	0	1	0.0
1602	Поле Бродмана 34	6	0	1	0.0
1603	Поле Бродмана 35	2	0	1	0.0
1604	Поле Бродмана 36	4	0	1	0.0
1605	Поле Бродмана 37	5	0	2	0.0
1606	Поле Бродмана 38	14	0	5	0.0
1607	Поле Бродмана 39	5	0	2	0.0
1608	Поле Бродмана 40	9	0	2	0.0
1609	Поле Бродмана 43	7	0	2	0.0
1610	Поле Бродмана 44	4	0	2	0.0
1611	Поле Бродмана 45	8	0	2	0.0
1612	Поле Бродмана 46	7	0	2	0.0
1613	Поле Бродмана 47	7	0	2	0.0
1614	Поле Бродмана 48	0	0	0	0.0
1615	Поле Бродмана 49	0	0	0	0.0
1616	Поле Бродмана 52	2	0	1	0.0
1617	Поліартрит	716	10	37	22.0
1618	Полідипсія	61	0	6	2.0
1619	Полієнові антибіотики	44	0	4	1.0
1620	Полікістоз нирок	373	2	23	12.5
1621	Поліклініка № 1 Державного управління справами	138	1	10	4.0
1622	Поліневрит	198	2	13	6.0
1623	Поліноз	369	4	22	11.0
1624	Поліомієліт	2321	41	119	72.0
1625	Політравма	391	4	26	11.0
1626	Поліфагія (симптом)	42	0	4	1.0
1627	Поля Бродмана	71	0	6	2.0
1628	Поля Бродмана 17, 18, 19. Зорова кора.	28	0	2	1.0
1629	Поля Бродмана 41 і 42	6	0	3	0.0
1630	Поперечна артерія шиї	10	0	3	0.0
1631	Постцентральна звивина	27	0	4	1.0
1632	Потилична артерія	13	0	2	0.0
1633	Потилична частка	210	1	16	6.0
1634	Потрійний-А синдром	30	0	3	1.0
1635	Поясна кора	56	0	6	2.0
1636	Правастатин	20	0	5	0.0
1637	Правець	8963	81	2026	140.5
1638	Правило Лібермейстера	7	0	1	0.5
1639	Правцева діагностична тріада	36	0	6	1.0
1640	Празиквантел	96	1	7	2.0
1641	Празозин	79	0	37	1.0
1642	Праміпексол	24	0	12	1.0
1643	Прамірацетам	35	0	5	1.0
1644	Прасугрель	35	0	6	1.0
1645	Прегабалін	629	8	31	19.0
1646	Преднізолон	637	11	37	19.0
1647	Примак Федір Якович	5	0	2	0.0
1648	Пріонові хвороби	288	3	18	8.5
1649	Проба Шелестюка	67	0	7	2.0
1650	Прогестерон	1751	31	79	53.0
1651	Прогормон	5	0	2	0.0
1652	Прогресивний параліч	35	0	4	1.5
1653	Продромальний період	114	0	10	4.0
1654	Прозектор	32	0	3	1.0
1655	Проказа	3124	48	965	66.0
1656	Прокаїн	212	1	13	7.0
1657	Прокаїнамід	38	0	5	1.0
1658	Проктит	462	6	28	13.5
1659	Пролактин	1556	14	71	50.0
1660	Пролактинома	254	1	16	8.0
1661	Променева терапія	490	6	25	14.5
1662	Променева хвороба	1246	13	88	37.0
1663	Променево-зап'ястковий суглоб	135	1	7	4.0
1664	Прометазин	72	0	6	2.0
1665	Пропафенон	35	0	6	1.0
1666	Пропілтіоурацил	12	0	2	0.5
1667	Пропранолол	190	2	17	5.0
1668	Пророксан	17	0	4	1.0
1669	Простагландини	401	3	29	12.0
1670	Простатит	3228	65	146	101.0
1671	Протиглисні засоби	71	0	7	2.0
1672	Протіонамід	6	0	1	0.0
1673	Протрузія міжхребцевого диска	972	13	47	30.0
1674	Професійні хвороби	74	0	8	2.0
1675	Процедура Бенталла	33	0	4	1.0
1676	Псевдобульбарний синдром	225	1	16	6.0
1677	Псевдоефедрин	211	2	16	6.0
1678	Псевдотуберкульоз	180	1	15	4.0
1679	Психіатр	230	2	19	7.0
1680	Псоріаз	4003	88	173	123.0
1681	Пташиний грип	133	0	11	3.0
1682	Пульпіт	645	4	34	21.0
1683	Пульпозне ядро	25	0	4	1.0
1684	Пульс	1731	33	72	55.5
1685	Пульсометрія	21	0	3	1.0
1686	Пухир	195	1	14	6.5
1687	Пухлина головного мозку	1646	31	80	50.0
1688	Пухлинний маркер	319	3	20	9.0
1689	Рабдоміоліз	252	1	70	5.5
1690	Рабепразол	39	0	4	1.0
1691	Разагілін	23	0	11	1.0
1692	Рак легені	2614	44	134	82.5
1693	Рак молочної залози	1617	25	68	52.0
1694	Рак паращитоподібної залози	43	0	4	1.0
1695	Рак підшлункової залози	699	11	37	22.0
1696	Рак шийки матки	989	14	50	30.0
1697	Рак щитоподібної залози	541	6	30	17.5
1698	Раково-ембріональний антиген	187	2	13	5.0
1699	Ралтегравір	8	0	3	0.0
1700	Рана	337	2	20	10.0
1701	Рандомізоване контрольоване дослідження	116	0	8	3.0
1702	Ранолазин	41	0	5	1.0
1703	Рауль Бенсауд	4	0	2	0.0
1704	Рахіт	1236	17	59	39.0
1705	Реактивний артрит	715	9	36	22.5
1706	Реакція Асколі	28	0	4	1.0
1707	Реакція пасивної гемаглютинації	24	0	5	1.0
1708	Реанімація (медицина)	852	12	53	25.0
1709	Ребаміпід	42	0	5	1.0
1710	Реберношийний стовбур	1	0	1	0.0
1711	Ревматизм	2991	56	119	95.0
1712	Ревматологія	524	4	28	17.5
1713	Рейкі	248	3	19	7.0
1714	Рене Лаенек	13	0	7	0.0
1715	Ренін	123	0	8	4.0
1716	Реовіруси	22	0	3	1.0
1717	Респіраторно-синцитіальна інфекція	75	0	7	2.0
1718	Рестриктивна кардіоміопатія	13	0	2	0.0
1719	Ретапамулін	9	0	2	1.0
1720	Реформа швидкої (екстреної) медичної допомоги в Україні з 2016 року	120	1	9	3.0
1721	Рецидив (медицина)	492	7	30	14.0
1722	Рибавірин	45	0	4	1.0
1723	Ривароксабан	157	1	12	4.0
1724	Ригідність потиличних м'язів	253	2	13	8.5
1725	Рикетсіози	67	0	7	2.0
1726	Римантадин	144	0	16	4.0
1727	Риновірусна інфекція	106	0	9	3.0
1728	Ритонавір	16	0	3	0.0
1729	Ритуксимаб	130	0	12	4.0
1730	Рифабутин	4	0	2	0.0
1731	Рифаксимін	73	0	6	2.0
1732	Рифаміцин	16	0	5	0.0
1733	Рифапентин	6	0	3	0.0
1734	Рідкісна хвороба	192	0	10	6.0
1735	Рілпівірин	3	0	2	0.0
1736	Роберт Кох	147	0	22	4.0
1737	Роботизована хірургія	13	0	2	0.0
1738	Рогівка	279	1	16	9.0
1739	Родимка	782	13	42	24.0
1740	Розлад особистості	301	3	15	9.5
1741	Розширена підтримка життя	36	0	7	1.0
1742	Роксатидин	7	0	3	0.0
1743	Рокситроміцин	23	0	3	1.0
1744	Рольфінг	23	0	2	1.0
1745	Романовський Дмитро Леонідович	13	13	13	13.0
1746	Ропінірол	35	0	16	1.0
1747	Ротавірусна інфекція	2363	44	96	75.5
1748	Рофекоксиб	19	0	2	1.0
1749	Рубець (медицина)	375	4	24	11.0
1750	Ручківський Сергій Никифорович	2	0	1	0.0
1751	С-клітина	16	0	3	1.0
1752	Савченко Іван Григорович	5	0	1	0.0
1753	Саквінавір	7	0	3	0.0
1754	Сальбутамол	312	5	15	9.0
1755	Сальгренська Університетська Лікарня	5	0	1	0.0
1756	Сальметерол	24	0	4	1.0
1757	Сальмонельоз	3718	67	203	113.0
1758	Санація (медицина)	419	2	26	13.5
1759	Сап	125	0	9	4.0
1760	Сапроноз	103	0	20	3.0
1761	Саркоїдоз	1004	9	60	33.5
1762	Саркома	1522	22	80	46.0
1763	Саркома Капоші	321	3	19	10.5
1764	Саркома Юінга	380	5	22	12.0
1765	Саркоцистоз	7	7	7	7.0
1766	Свен Івар Сельдінгер	9	0	3	0.0
1767	Світлобоязнь	77	0	8	2.0
1768	Севофлуран	107	0	10	3.0
1769	Сезонний афективний розлад	75	0	7	2.0
1770	Секнідазол	130	1	8	4.0
1771	Секретин	60	0	8	1.0
1772	Селегілін	48	0	20	1.0
1773	Сепсис	2451	46	107	75.0
1774	Септичний шок	300	3	20	9.0
1775	Середньомозкове ядро трійчастого нерва	1	0	1	0.0
1776	Середня мозкова артерія	94	0	8	3.0
1777	Середня щитоподібна вена	1	0	1	0.0
1778	Серозні мансонельози	4	0	1	0.0
1779	Серозні філяріїдози	2	0	1	0.0
1780	Серотонін	1883	36	82	57.5
1781	Сертаконазол	35	0	3	1.0
1782	Сертралін	233	2	13	7.0
1783	Серце людини	2434	38	127	75.5
1784	Серцева недостатність	1912	36	79	57.5
1785	Серцево-судинні захворювання	754	8	42	22.0
1786	Сехіфенадин	14	0	2	0.0
1787	Сечокам'яна хвороба	881	12	47	27.0
1788	Сибірка	795	10	44	23.0
1789	Силікоз	249	2	16	8.0
1790	Силодозин	51	0	7	1.0
1791	Симпатикотонія	34	0	4	1.0
1792	Симптом	398	4	21	12.5
1793	Симптом Аарона	14	0	2	1.0
1794	Симптом Абаді	2	0	1	0.0
1795	Симптом блідого носогубного трикутника	51	0	5	2.0
1796	Симптом випорожнень по типу «рисового відвару»	9	0	3	1.0
1797	Симптом Вінтерботтома	13	0	3	1.0
1798	Симптом Гієна	4	0	2	0.0
1799	Симптом Годельє	11	0	3	0.5
1800	Симптом двобічного збільшення потиличних лімфатичних вузлів	57	0	8	2.0
1801	Симптом Добровольської-Ніколадоні	2	0	1	0.0
1802	Симптом каптура	6	0	2	0.0
1803	Симптом каптура (психіатрія)	29	0	3	1.0
1804	Симптом Керніга	104	0	10	3.0
1805	Симптом Кіарі	10	0	1	1.0
1806	Симптом Копліка	426	6	31	13.0
1807	Симптом Курвуазьє	122	0	10	3.0
1808	Симптом Левіна	6	0	3	0.0
1809	Симптом Лессажа	8	0	2	0.0
1810	Симптом малинового желе	64	0	4	2.0
1811	Симптом малинового язика	140	1	11	4.0
1812	Симптом Мюссе	47	0	5	1.0
1813	Симптом Падалки	24	0	3	1.0
1814	Симптом Пастіа	18	0	7	0.5
1815	Симптом Піка	4	0	1	0.0
1816	Симптом Романьї	5	0	2	0.0
1817	Симптом рукавичок і шкарпеток	39	0	5	1.0
1818	Симптом Стімсона	6	0	2	0.0
1819	Симптом Стокса	3	0	2	0.0
1820	Симптом триніжка	24	0	2	1.0
1821	Симптом Фаже	5	0	2	0.0
1822	Симптом Феррарі	3	0	1	0.0
1823	Симптом Флатау	10	0	3	1.0
1824	Симптом Форчгеймера	23	0	5	1.0
1825	Симптом Щоткіна-Блюмберга	237	1	22	6.0
1826	Симптоми Брудзинського	84	0	8	3.0
1827	Симптоми Тауссіга	1	0	1	0.0
1828	Синдактилія	113	0	9	3.0
1829	Синдром	339	2	22	9.0
1830	Синдром Аазе — Сміта	24	0	3	1.0
1831	Синдром Аарскога	49	0	4	2.0
1832	Синдром Абдалла — Девіса — Фарража	22	0	2	1.0
1833	Синдром Авелліса	9	0	2	1.0
1834	Синдром Адамса—Олівера	53	0	5	2.0
1835	Синдром Аді	74	0	8	2.0
1836	Синдром Аді—Крітчлі	5	0	2	0.0
1837	Синдром Аєрзи	24	0	2	1.0
1838	Синдром Акерманів	16	0	3	1.0
1839	Синдром Алажілля	27	0	3	1.0
1840	Синдром Аллана—Герндона—Дадлі	16	0	3	1.0
1841	Синдром Аллена—Гайнса	28	0	3	1.0
1842	Синдром Аллена—Мастерса	45	0	4	1.0
1843	Синдром Алстрема	31	0	4	1.0
1844	Синдром Альвареса	28	0	4	1.0
1845	Синдром Альпорта	89	0	8	3.0
1846	Синдром Андерманна	92	0	24	2.0
1847	Синдром Андерсен	31	0	4	1.0
1848	Синдром Антлі—Бікслера	18	0	2	1.0
1849	Синдром Аперта	68	0	7	2.0
1850	Синдром Аракава I	9	0	1	1.0
1851	Синдром Аракава II	5	0	1	0.0
1852	Синдром Аспергера	2504	49	174	68.0
1853	Синдром Ачора—Сміта	1	0	1	0.0
1854	Синдром Ашара	21	0	6	1.0
1855	Синдром Ашара — Тьєра	22	0	4	1.0
1856	Синдром Ашера	50	0	6	1.5
1857	Синдром Ашермана	166	2	18	4.5
1858	Синдром Бадда — Кіарі	248	0	27	5.0
1859	Синдром Бехчета	123	0	15	4.0
1860	Синдром Бруннера	28	0	3	1.0
1861	Синдром Вегенера	189	1	12	6.0
1862	Синдром відміни	876	15	48	27.5
1863	Синдром Вільямса	225	1	21	6.0
1864	Синдром Вольфа-Паркінсона-Вайта	706	8	37	23.5
1865	Синдром Герстмана — Штройслера — Шейнкера	25	0	3	1.0
1866	Синдром Гієна — Барре	761	11	107	20.0
1867	Синдром гіпоплазії лівих відділів серця	78	0	10	2.0
1868	Синдром Горнера	287	3	21	9.0
1869	Синдром Гудпасчера	81	0	13	2.0
1870	Синдром Дабіна — Джонсона	50	0	13	1.5
1871	Синдром де Тоні — Дебре — Фанконі	36	0	4	1.0
1872	Синдром Денді—Волкера	188	0	17	5.5
1873	Синдром Доріана Грея	69	0	13	2.0
1874	Синдром Дресслера	100	0	10	3.0
1875	Синдром Едвардса	1449	5	394	21.5
1876	Синдром Ейкарді	37	0	4	1.0
1877	Синдром Елліса — ван Кревельда	30	0	5	1.0
1878	Синдром Жильбера	1129	15	53	36.5
1879	Синдром зап'ястного каналу	717	13	34	24.0
1880	Синдром Золлінгера — Еллісона	167	1	12	5.0
1881	Синдром Кавасакі	249	1	18	7.5
1882	Синдром Кейтеля	10	0	1	1.0
1883	Синдром китайського ресторану	32	0	4	1.0
1884	Синдром Корсакова	158	1	10	4.5
1885	Синдром космічної адаптації	14	0	2	1.0
1886	Синдром Котара	217	2	24	6.0
1887	Синдром котячого крику	367	3	24	10.0
1888	Синдром Криглера — Найяра	78	0	8	2.0
1889	Синдром Лаєлла	657	7	77	18.0
1890	Синдром Лауна — Ґанонґа — Левайна	192	1	14	5.0
1891	Синдром Лея	44	0	6	1.0
1892	Синдром Маккюна—Олбрайта	201	0	18	6.0
1893	Синдром Марфана	1065	11	288	25.0
1894	Синдром Морганьї — Адамса — Стокса	70	0	7	2.0
1895	Синдром Морріса	157	0	38	3.5
1896	Синдром Неємія Ашерсона	16	0	4	1.0
1897	Синдром Неймеген	44	0	5	1.0
1898	Синдром Патау	624	7	42	18.5
1899	Синдром Пейтца — Єгерса	110	0	9	3.0
1900	Синдром передчасного збудження шлуночків	39	0	6	1.0
1901	Синдром подразненого кишечника	1086	20	52	33.5
1902	Синдром порушення активності та уваги	775	10	37	23.5
1903	Синдром раптової дитячої смерті	209	0	22	6.5
1904	Синдром Ретта	387	2	34	10.0
1905	Синдром Рея	388	4	26	11.0
1906	Синдром Ротора	49	0	7	1.0
1907	Синдром Сваєра	50	0	9	1.0
1908	Синдром системної запальної відповіді	99	1	10	3.0
1909	Синдром слабкості синусового вузла	173	1	11	6.0
1910	Синдром Стендаля	279	2	42	7.0
1911	Синдром Стівенса — Джонсона	685	10	39	20.0
1912	Синдром струшеної дитини	337	5	21	10.0
1913	Синдром Такаясу	98	1	7	3.0
1914	Синдром Тернера	518	5	34	15.5
1915	Синдром тривалої гарячки невідомого походження	88	0	7	2.0
1916	Синдром Ундіни	62	0	13	2.0
1917	Синдром хронічної втоми	784	12	40	24.0
1918	Синдром Шегрена	487	5	34	14.5
1919	Синостоз	68	0	5	2.0
1920	Синхондроз	66	0	5	2.0
1921	Сироваткова хвороба	54	0	5	1.0
1922	Сиролімус	32	0	5	1.0
1923	Система винагород	57	0	5	2.0
1924	Система груп крові AB0	295	4	21	8.0
1925	Системна склеродермія	484	7	31	15.0
1926	Системний бартонельоз	30	0	4	1.0
1927	Системний червоний вовчак	2367	20	260	62.0
1928	Сифіліс	5475	110	244	173.5
1929	Сім'яний канатик	186	1	11	5.5
1930	Сім'яні залози	518	11	28	16.5
1931	Сіра речовина	357	3	23	10.5
1932	Сіріл Гарнем	3	0	1	0.0
1933	Сітківка	300	2	17	9.0
1934	Сказ	2594	58	137	77.0
1935	Скальпована рана	37	0	6	1.0
1936	Скарлатина	3931	87	185	123.5
1937	Сколіоз	1039	18	51	32.0
1938	Скронева кістка	283	3	19	8.0
1939	Скронева частка	202	2	18	5.0
1940	Скроневий м'яз	38	0	5	1.0
1941	Слоновість	205	2	13	7.0
1942	Смугасте тіло	106	0	11	3.0
1943	СНІД	2926	53	128	95.0
1944	Содоку	16	0	4	1.0
1945	Сокол Олександра Семенівна	8	0	2	0.0
1946	Соліфенацин	23	0	5	1.0
1947	Соматосенсорна система	20	0	4	0.0
1948	Соматостатин	88	0	6	3.0
1949	Соматостатинома	5	0	1	0.0
1950	Соматотропний гормон	564	8	27	19.0
1951	Сонна хвороба	364	4	22	11.0
1952	Сорафеніб	31	0	4	1.0
1953	Соталол	27	0	5	1.0
1954	Софосбувір	170	2	12	5.0
1955	Сочевицеподібне ядро	11	0	3	0.0
1956	Спадкові захворювання	276	2	31	7.5
1957	Спалах інфекційної хвороби	42	0	3	1.5
1958	Спарганоз	15	0	2	1.0
1959	Спарфлоксацин	8	0	2	0.0
1960	Спектиноміцин	25	0	5	1.0
1961	Спинномозкова рідина	545	9	26	17.0
1962	Спинномозкове ядро трійчастого нерва	9	0	2	1.0
1963	Список лауреатів Нобелівської премії з фізіології або медицини	202	1	24	6.0
1964	Список спадкових хвороб	189	1	29	5.0
1965	Спінальна анестезія	536	6	30	14.0
1966	Спіраміцин	45	0	4	2.0
1967	Спіраприл	3	0	2	0.0
1968	Спленомегалія	140	1	9	4.0
1969	Справжня поліцитемія	504	6	27	15.5
1970	Стабілізатор мастоцитів	12	0	3	1.0
1971	Ставудин	8	0	2	0.5
1972	Станіслав фон Провасек	6	0	5	0.0
1973	Статини	523	7	27	14.5
1974	Стафілокок	4662	67	222	151.5
1975	Стафілокок золотистий	1664	27	94	56.0
1976	Стафілококова інфекція	2943	44	128	91.0
1977	Стеноз	290	3	18	9.0
1978	Стеноз мітрального клапана	146	1	12	4.0
1979	Стефанський В'ячеслав Карлович	2	0	1	0.0
1980	Стравохід	526	6	33	15.0
1981	Стрептобацильоз	9	0	2	0.0
1982	Стрептококовий фарингіт	915	17	46	28.0
1983	Стригучий лишай	413	6	28	12.0
1984	Стрічка Брозлоу для екстреної педіатричної допомоги	8	0	3	0.0
1985	Стронгілоїдоз	257	1	20	7.0
1986	Строфантин	159	0	11	5.0
1987	Стьожак	64	0	7	2.0
1988	Субарахноїдальний крововилив	550	6	37	17.0
1989	Субдуральна гематома	495	5	37	14.0
1990	Субталамічне ядро	12	0	2	1.0
1991	Суглоб	866	13	39	27.5
1992	Сулодексид	127	0	9	5.0
1993	Сульбактам	66	0	7	2.0
1994	Сульпірид	229	2	14	7.5
1995	Сульфадиметоксин	55	0	5	2.0
1996	Сульфадимідин	15	0	3	1.0
1997	Сульфадіазин	21	0	3	1.0
1998	Сульфадоксин	20	0	3	1.0
1999	Сульфаметоксазол	48	0	6	1.0
2000	Сульфаметоксазол/триметоприм	206	1	12	6.0
2001	Сульфаметрол	3	0	2	0.0
2002	Сульфаніламід	194	1	12	6.0
2003	Сульфацетамід	48	0	6	1.0
2004	Сунітиніб	34	0	4	1.0
2005	Суперечка щодо насичених жирів	6	0	1	0.0
2006	СХ614	0	0	0	0.0
2007	Східний енцефаломієліт коней	21	0	5	1.0
2008	Сьома холерна пандемія	40	0	5	1.0
2009	Т-клітинна терапія лейкозу	12	0	3	1.0
2010	Таблетки, що розпадаються в ротовій порожнині	46	0	4	2.0
2011	Таксани	18	0	2	1.0
2012	Таласемія	219	2	15	6.5
2013	Талінолол	11	0	2	0.0
2014	Тамоксифен	258	2	18	7.5
2015	Тамсулозин	87	1	7	2.0
2016	Тегасерод	15	0	4	0.5
2017	Тегафур	10	0	2	0.5
2018	Тедизолід	12	0	3	0.5
2019	Теїксобактин	12	0	3	0.0
2020	Тейкопланін	24	0	3	1.0
2021	Телапревір	6	0	4	0.0
2022	Телбівудин	0	0	0	0.0
2023	Телемедицина	104	0	10	3.0
2024	Телітроміцин	5	0	1	0.0
2025	Телмісартан	61	0	7	2.0
2026	Темозоломід	27	0	4	1.0
2027	Теніази	18	0	2	1.0
2028	Теніаринхоз	123	0	9	3.0
2029	Теніоз	165	0	12	5.0
2030	Теноксикам	30	0	4	1.0
2031	Тенонітрозол	4	0	2	0.0
2032	Тенофовір	127	1	12	4.0
2033	Тенофовір/Емтрицитабін	54	0	5	2.0
2034	Теобальд Сміт	8	0	2	0.0
2035	Тепловий удар	1541	10	178	34.5
2036	Теразозин	26	0	5	1.0
2037	Тератома	315	1	18	9.5
2038	Тербінафін	132	0	10	3.5
2039	Тербуталін	22	0	4	1.0
2040	Теризидон	6	0	2	0.0
2041	Термінальний нерв	13	0	5	0.0
2042	Терфенадин	40	0	4	1.0
2043	Тестостерон	1651	24	79	52.0
2044	Тетраплегія	172	1	40	4.0
2045	Тизанідин	77	0	6	2.0
2046	Тикагрелор	117	0	10	3.0
2047	Тикарцилін	20	0	5	1.0
2048	Тиклопідин	22	0	2	1.0
2049	Тимолол	24	0	7	1.0
2050	Тинзапарин	10	0	2	0.0
2051	Тинідазол	75	0	6	2.0
2052	Типранавір	3	0	1	0.0
2053	Тиреоглобулін	537	3	28	17.0
2054	Тиреоїдектомія	247	2	16	7.0
2055	Тиреоїдит Хашимото	1359	19	64	44.5
2056	Тиреопероксидаза	386	4	28	10.5
2057	Тиреотропний гормон	2207	26	110	72.0
2058	Тироксин	549	6	33	16.5
2059	Тиротрицин	458	4	39	11.5
2060	Тиф	559	7	25	18.0
2061	Тіамазол	74	0	6	2.5
2062	Тіамфенікол	11	0	3	0.0
2063	Тіанептин	29	0	5	1.0
2064	Тігециклін	22	0	3	1.0
2065	Тім'яна частка	216	1	15	6.0
2066	Тіогуанін	5	0	1	0.0
2067	Тіопентал натрію	147	1	11	4.0
2068	Тіотриазолін	481	4	26	14.0
2069	Тіотропію бромід	23	0	3	1.0
2070	Тітов Михайло Борисович	11	0	2	0.0
2071	Тобраміцин	71	0	5	2.0
2072	Токсичний багатовузловий зоб	212	2	14	6.0
2073	Токсокароз	1017	13	59	31.0
2074	Токсоплазмоз	1755	29	82	56.0
2075	Толперизон	53	0	6	1.0
2076	Толтеродин	18	0	4	1.0
2077	Томас Сиденгам	8	0	3	0.0
2078	Тонкоголкова аспіраційна пункційна біопсія	120	1	9	3.0
2079	Топотекан	26	0	4	1.0
2080	Тореміфен	29	0	4	1.0
2081	Тоцилізумаб	40	0	4	1.0
2082	Трандолаприл	5	0	1	0.0
2083	Трансмісивний механізм передачі інфекції	102	0	7	3.0
2084	Трансплантат	28	0	3	1.0
2085	Трансплантація	264	2	15	8.0
2086	Трансплантація печінки	99	1	9	3.0
2087	Трансплантологія	41	0	5	1.0
2088	Трапецієподібний м'яз	188	0	15	6.0
2089	Трастузумаб	269	1	43	5.0
2090	Трахеїт	597	7	31	18.0
2091	Трахома	124	0	9	4.0
2092	Трематодози	16	0	3	1.0
2093	Третиноїн	91	0	22	2.0
2094	Третій шлуночок	153	0	47	3.0
2095	Третя пандемія чуми	32	0	3	1.0
2096	Третя холерна пандемія	5	0	1	0.0
2097	Триамцинолон	71	0	7	2.5
2098	Тригексифенідил	69	0	6	2.0
2099	Трийодтиронін	208	1	14	6.0
2100	Трикутник Пирогова	29	0	3	1.0
2101	Тримебутин	76	0	7	2.0
2102	Тримеперидин	80	0	7	2.5
2103	Триметазидин	163	1	21	4.0
2104	Триметоприм	103	0	16	3.0
2105	Трипаносомози	42	0	5	1.0
2106	Трипторелін	126	0	31	2.0
2107	Трифлузал	20	0	4	1.0
2108	Трихінельоз	256	2	15	7.5
2109	Трихомоноз	2844	54	139	91.0
2110	Трихоцефальоз	216	1	17	6.5
2111	Трициклічні антидепресанти	286	0	20	8.5
2112	Тріада Гатчінсона	33	0	5	1.0
2113	Трійчастий вузол	27	0	4	1.0
2114	Трійчастий нерв	1242	17	336	28.0
2115	Тровафлоксацин	8	0	2	0.0
2116	Тромбоемболія легеневої артерії	1407	21	59	45.0
2117	Тромбоз	642	8	66	19.0
2118	Тромбоз глибоких вен	490	5	28	15.0
2119	Тромбофлебіт	936	13	41	28.5
2120	Тромбоцитопенія	695	11	32	21.5
2121	Тропічна медицина	15	0	5	0.0
2122	Тропічні хвороби	30	0	8	1.0
2123	Троподифен	10	0	1	1.0
2124	Тропонін	490	3	28	16.0
2125	Туберкульоз	4594	98	188	145.0
2126	Туберозний склероз	80	0	8	3.0
2127	Туляремія	392	2	33	11.0
2128	Тулярин	13	0	3	0.5
2129	Тяжкий гострий респіраторний синдром	83	0	7	2.0
2130	Увеїт	438	3	49	12.0
2131	Ударний об'єм	27	0	3	1.0
2132	Українська військово-медична академія	263	2	18	7.5
2133	Українська спілка психотерапевтів	52	1	6	1.5
2134	Український лепрозорій	114	1	13	3.0
2135	Ундециленова кислота	22	0	3	1.0
2136	Урапідил	52	0	4	2.0
2137	Уремія	209	3	17	6.0
2138	Уропепсин	2	0	1	0.0
2139	Устекінумаб	7	0	1	0.0
2140	Фавіпіравір	19	0	4	1.0
2141	Фамотидин	40	0	5	1.0
2142	Фамцикловір	30	0	3	1.0
2143	Фарбування гематоксиліном-еозином	66	0	8	2.0
2144	Фарбування за ван Гізоном	14	0	3	1.0
2145	Фарбування за Романовським—Гімзою	7	7	7	7.0
2146	Фарбування за Цілем — Нільсеном	49	0	7	1.0
2147	Фарингіт	2694	40	117	83.5
2148	Фармацевтика	121	0	16	3.0
2149	Фармація	383	2	21	12.0
2150	Фасціольоз	242	1	19	7.5
2151	Фасція (анатомія)	295	3	18	9.5
2152	Фатальне сімейне безсоння	154	0	16	4.0
2153	Фекально-оральний механізм	199	0	18	5.5
2154	Фексофенадин	101	1	10	2.0
2155	Фелодипін	25	0	3	1.0
2156	Фенетилін	739	0	215	5.0
2157	Фенілбутазон	23	0	4	0.5
2158	Феніндіон	9	0	1	1.0
2159	Фенітоїн	75	0	9	2.0
2160	Феноксиметилпеніцилін	24	0	6	1.0
2161	Фенотерол	29	0	3	1.0
2162	Фенспірид	62	0	6	2.0
2163	Фентиконазол	22	0	2	1.0
2164	Фентоламін	40	0	5	1.0
2165	Феохромоцитома	209	1	17	5.5
2166	Фердинанд Штехер	8	0	2	0.0
2167	Фіброгастродуоденоскопія	164	1	12	5.0
2168	Фіброзне кільце	67	0	6	2.0
2169	Філатов Володимир Петрович	199	1	17	6.0
2170	Філграстим	43	0	7	1.0
2171	Філіппо Пачіні	4	0	1	0.0
2172	Філяріїдози	90	0	10	2.0
2173	Фінастерид	140	0	12	4.0
2174	Фінголімод	22	0	4	1.0
2175	Флегмона	752	15	43	21.5
2176	Флекаїнід	61	0	5	2.0
2177	Флувастатин	14	0	2	0.0
2178	Флувоксамін	33	0	5	1.0
2179	Флударабін	13	0	2	1.0
2180	Флуконазол	567	9	34	16.5
2181	Флуоксетин	695	6	32	22.0
2182	Флупіртин	4	0	2	0.0
2183	Флурбіпрофен	44	0	5	1.0
2184	Флутамід	85	0	9	2.0
2185	Флуцитозин	28	0	8	1.0
2186	Флюоресцентна гібридизація in situ	24	0	2	1.0
2187	Фозиноприл	5	0	1	0.0
2188	Фолікулярна клітина	54	0	5	2.0
2189	Фолікулярний рак щитоподібної залози	77	0	6	2.5
2190	Фондапаринукс	37	0	6	1.0
2191	Формотерол	21	0	5	1.0
2192	Фосампренавір	2	0	1	0.0
2193	Фоскарнет	50	0	5	1.5
2194	Фосфазид	2	0	1	0.0
2195	Фосфоміцин	330	3	16	11.0
2196	Фотемустин	2	0	1	0.0
2197	Фрамбезія	86	0	9	3.0
2198	Фраміцетин	21	0	4	1.0
2199	Франц Бабель де Фронсберґ	9	0	5	0.0
2200	Франц де Пауля Нойгаузер	4	0	1	0.0
2201	Фрідріх Гаас	19	0	3	1.0
2202	Фрідріх Фюллеборн	53	0	9	3.0
2203	Фталилсульфатіазол	33	0	5	1.0
2204	Фтивазид	21	0	2	1.0
2205	Фторлак	15	0	2	1.0
2206	Фторхінолони	342	4	19	11.0
2207	Фузафунгін	43	0	5	2.0
2208	Фузидова кислота	45	0	8	1.0
2209	Фульвестрант	16	0	2	1.0
2210	Фуразидин	90	0	7	3.0
2211	Фуразолідон	183	1	12	6.0
2212	Фурункульоз	2341	46	94	73.0
2213	Хантавірусний легеневий синдром	22	0	4	1.0
2214	Харчові отруєння	767	12	43	22.0
2215	Хасімото Хакару	1	0	1	0.0
2216	Хвороба «рука-нога-рот»	385	2	34	11.0
2217	Хвороба Альцгеймера	5074	110	337	147.0
2218	Хвороба Андерсен	7	0	2	0.0
2219	Хвороба Боуена	145	0	10	4.0
2220	Хвороба Верльгофа	358	2	22	11.5
2221	Хвороба Вільсона	465	5	25	14.0
2222	Хвороба Вільяма Александера	52	0	4	1.0
2223	Хвороба Гантінгтона	767	6	73	20.5
2224	Хвороба Гюнтера	98	1	7	3.0
2225	Хвороба Іценка — Кушинга	286	1	17	8.0
2226	Хвороба К'ясанурського лісу	9	0	2	0.0
2227	Хвороба котячих подряпин	503	7	28	14.5
2228	Хвороба Кройцфельда — Якоба	296	2	18	9.0
2229	Хвороба Лайма	9739	170	589	285.5
2230	Хвороба Менкеса	23	0	3	1.0
2231	Хвороба Паркінсона	3923	70	169	126.0
2232	Хвороба Пейроні	156	0	18	4.0
2233	Хвороба Пертеса	417	4	26	12.5
2234	Хвороба Пламмера	1	0	1	0.0
2235	Хвороба Рандю — Ослера	79	0	8	2.0
2236	Хвороба Рейно	670	9	33	19.5
2237	Хвороба Росаі — Дорфман	3	0	1	0.0
2238	Хвороба Тея — Сакса	136	0	9	4.5
2239	Хвороба Фарбера	35	0	4	1.0
2240	Хвороба Шагаса	260	0	24	7.0
2241	Хвороба Шамберга	96	0	7	3.0
2242	Хвороба, яку спричинює вірус Ебола	1732	10	375	29.0
2243	Хвороба, яку спричинює вірус Зіка	127	0	8	4.0
2244	Хвороба, яку спричинює вірус Марбург	73	0	8	2.0
2245	Хвороби, що передаються статевим шляхом	2320	51	99	71.0
2246	Хвостате ядро	23	0	4	1.0
2247	Хидей Ногучі	11	0	4	0.0
2248	Хілоторакс	37	0	4	1.0
2249	Хілурія	18	0	3	1.0
2250	Хінідин	36	0	4	1.0
2251	Хінолони	70	0	7	2.0
2252	Хірургічна операція	630	10	37	19.5
2253	Хірургія	337	1	27	10.0
2254	Хіфенадин	23	0	4	1.0
2255	Хламідійна лімфогранульома	162	1	10	5.0
2256	Хламідіоз	3332	62	154	104.5
2257	Хлорамбуцил	15	0	3	1.0
2258	Хлорамфенікол	275	1	19	9.0
2259	Хлордіазепоксид	16	0	2	1.0
2260	Хлоропірамін	123	0	11	3.0
2261	Хлорохін	29	0	3	1.0
2262	Хлорфенамін	126	0	13	3.0
2263	Хлорхінальдол	13	0	3	0.5
2264	Холангіт	196	0	17	6.0
2265	Холера	1277	20	71	35.0
2266	Холерний вібріон	158	1	30	3.0
2267	Холестатичний синдром	623	9	94	16.0
2268	Холецистектомія	233	0	15	8.0
2269	Хоменко Григорій Гнатович	4	0	1	0.0
2270	Хондрит (хвороба)	15	0	3	1.0
2271	Хоріонічний гонадотропін	1943	24	95	65.5
2272	Хоріосклероз	49	0	6	2.0
2273	Хржонщевський Никанор Адамович	28	0	5	1.0
2274	Хромафінні клітини	9	0	2	0.0
2275	Хронічна ниркова недостатність	324	5	17	10.0
2276	Хронічний гастрит	419	5	27	12.5
2277	Хронічний гепатит	361	2	24	13.0
2278	Хронічний лімфолейкоз	174	1	17	6.0
2279	Хронічний мієлоцитарний лейкоз	86	0	7	2.0
2280	Хронічний панкреатит	969	13	44	30.0
2281	Цві Ларон	4	0	1	0.0
2282	Целекоксиб	174	1	12	5.0
2283	Центральний госпіталь Міністерства внутрішніх справ України	387	3	23	11.5
2284	Центральний госпіталь Служби безпеки України	264	1	16	9.0
2285	Центральний клінічний госпіталь Державної прикордонної служби України	288	2	20	9.0
2286	Ценуроз	31	0	6	1.0
2287	Церивастатин	8	0	2	0.0
2288	Цетиризин	296	3	19	9.5
2289	Цетуксимаб	13	0	2	0.0
2290	Цефадроксил	19	0	3	1.0
2291	Цефазолін	138	0	11	4.0
2292	Цефаклор	22	0	3	1.0
2293	Цефалексин	172	1	13	6.0
2294	Цефалоспорини	428	3	26	14.0
2295	Цефалотин	15	0	5	0.5
2296	Цефамандол	7	0	2	0.0
2297	Цефепім	72	0	6	3.0
2298	Цефіксим	231	2	17	6.5
2299	Цефоперазон	65	0	6	1.0
2300	Цефотаксим	244	2	22	7.0
2301	Цефпірамід	6	0	3	0.0
2302	Цефпіром	8	0	2	0.5
2303	Цефподоксим	232	2	18	6.5
2304	Цефпрозил	31	0	5	1.0
2305	Цефрадин	48	0	23	1.0
2306	Цефтазидим	44	0	9	1.0
2307	Цефтаролін	20	0	3	1.0
2308	Цефтібутен	14	0	3	1.0
2309	Цефтізоксим	14	0	3	0.0
2310	Цефтобіпрол	18	0	4	0.0
2311	Цефтріаксон	1660	34	78	48.0
2312	Цефуроксим	169	1	12	5.0
2313	Цеце	480	7	24	16.0
2314	Цидофовір	9	0	1	1.0
2315	Цизаприд	52	0	6	1.5
2316	Циклосерин	30	0	3	1.0
2317	Циклоспорин	109	1	7	3.0
2318	Циклофосфамід	72	0	12	2.0
2319	Цилазаприл	4	0	2	0.0
2320	Цилостазол	88	0	8	2.0
2321	Циметидин	72	0	11	2.0
2322	Цинаризин	339	3	24	11.0
2323	Ципрогептадин	61	0	6	2.0
2324	Ципротерон	614	2	217	10.0
2325	Ципрофлоксацин	431	5	24	13.0
2326	Цироз печінки	1334	26	67	42.0
2327	Цисплатин	86	0	7	2.0
2328	Цистит	2876	43	145	94.0
2329	Цистицеркоз	387	4	30	11.0
2330	Циталопрам	80	0	6	2.0
2331	Цитарабін	10	0	2	0.0
2332	Цитиколін	202	2	16	6.0
2333	Цитомегаловірус	1389	13	72	47.0
2334	Цитомегаловірусна інфекція	1513	19	74	52.0
2335	Ціп'як бичачий	676	7	39	19.0
2336	Ціп'як свинячий	316	3	17	10.0
2337	Ціп'як собачий	65	0	8	2.0
2338	Цукровий діабет	4550	89	180	149.5
2339	Цукровий діабет тип 1	421	5	24	12.5
2340	Цукровий діабет тип 2	2053	34	94	64.5
2341	Цуцугамуші	31	0	3	1.0
2342	Червоне ядро	19	0	3	0.5
2343	Черевний тиф	653	9	38	19.0
2344	Черепні нерви	910	15	58	26.0
2345	Черепно-мозкова травма	1096	18	55	34.0
2346	Чернов Василь Єгорович	16	0	6	0.0
2347	Четверта холерна пандемія	8	0	4	0.0
2348	Четвертий шлуночок	71	0	6	2.0
2349	Чікунгунья	82	0	8	2.0
2350	Чоловіча статева система	6705	159	281	209.0
2351	Чорна речовина	74	0	9	2.0
2352	Чорна смерть	1012	19	46	32.0
2353	Чорна Тамара Трохимівна	4	0	1	0.0
2354	Чума	3198	66	321	92.0
2355	Чума Юстиніана	160	1	10	4.5
2356	Чумна паличка	90	0	6	3.0
2357	Шагома	8	0	2	1.0
2358	Шарлотта Кліверлі-Бісман	15	0	3	0.0
2359	Шарль Манту	18	0	3	1.0
2360	Шевчук Віктор Григорович	17	0	4	1.0
2361	Шигелла Бойда	7	0	3	0.0
2362	Шигельоз	801	9	213	19.0
2363	Шизофренія	5810	125	228	180.5
2364	Шийний відділ хребта	434	6	25	12.5
2365	Шина (медицина)	122	1	8	3.5
2366	Шистосомози	102	0	11	2.5
2367	Шия	164	0	12	4.0
2368	Шкала Франкеля	73	0	9	2.0
2369	Шкурба Андрій Вікторович	15	0	3	0.0
2370	Шлунково-кишкова кровотеча	836	13	42	27.0
2371	Шлунок	1290	26	62	39.5
2372	Шок (медицина)	1427	13	98	38.5
2373	Шоста холерна пандемія	3	0	1	0.0
2374	Шпательний тест	17	0	3	1.0
2375	Шпиталь	235	2	16	7.0
2376	Щербак Юрій Миколайович	521	6	28	16.5
2377	Щитоподібна залоза	3204	62	151	101.0
2378	Щитоподібний хрящ	64	0	7	2.0
2379	Щитошийний стовбур	8	0	2	0.0
2380	Щока	59	0	4	2.0
2381	Юкстагломерулярний апарат	27	0	4	1.0
2382	Юстинус Кернер	11	0	2	1.0
2383	Яворовський Олександр Петрович	30	0	4	1.0
2384	Ядро Едінгера-Вестфаля	16	0	2	1.0
2385	Ядро лицевого нерва	9	0	2	0.0
2386	Ядро одинокого шляху	12	0	2	1.0
2387	Ядро окорухового нерва	12	0	3	0.0
2388	Язикова артерія	11	0	3	0.0
2389	Язикова вена	4	0	1	0.0
2390	Яйцеклітина	1061	21	49	31.0
2391	Ящур	219	3	16	7.0
2392	Aedes albopictus	84	0	13	2.0
2393	Anoplura	92	0	7	3.0
2394	ATC код A	48	0	13	1.0
2395	ATC код B	25	0	4	1.0
2396	ATC код C	49	0	4	1.0
2397	ATC код G	17	0	3	1.0
2398	ATC код H	3	0	1	0.0
2399	ATC код J	16	0	5	0.0
2400	ATC код L	5	0	1	0.0
2401	ATC код N	20	0	3	1.0
2402	ATC код P	8	0	2	0.0
2403	ATC код S	6	0	2	0.0
2404	BMJ	42	0	5	1.0
2405	BRCA1	155	1	30	3.0
2406	Chlamydophila psittaci	18	0	2	1.0
2407	Clostridium botulinum	169	0	17	4.0
2408	D-димер	725	8	39	23.0
2409	Déviation conjuguée	10	0	2	1.0
2410	Francisella tularensis	14	0	2	1.0
2411	G-клітина	7	0	2	0.0
2412	H5N1	29	0	5	1.0
2413	Helicobacter pylori	2231	31	144	66.5
2414	HeRAMS	6	0	2	0.0
2415	International Trauma Life Support	17	0	3	1.0
2416	Medscape	26	0	6	0.0
2417	Mycobacterium ulcerans	4	0	1	0.0
2418	OMIM	70	0	4	2.0
2419	Plasmodium falciparum	44	0	5	1.0
2420	Plasmodium knowlesi	11	0	2	0.0
2421	Plasmodium malariae	50	0	6	1.0
2422	Plasmodium ovale	18	0	2	1.0
2423	Plasmodium vivax	53	0	12	1.0
2424	PubMed	250	2	16	7.0
2425	SAMPLE	80	0	6	2.5
2426	Tc-99m-MIBI	15	0	3	0.5
2427	Terminologia Anatomica	16	0	4	0.0
2428	The Lancet	33	0	3	1.0
2429	Torch-інфекції	2602	33	121	85.5
2430	UniProt	19	0	3	1.0
2431	Whonamedit?	2	0	1	0.0
2432	Yersinia enterocolitica	240	0	16	7.0
2433	Yersinia pseudotuberculosis	21	0	5	1.0
2434	ZMapp	5	0	2	0.0
