1	*-алгебра	8	0	6	0.0
2	0 (число)	458	3	28	15.0
3	0,(9)	19	0	3	1.0
4	1 (число)	143	1	12	3.5
5	2 (число)	135	0	12	3.5
6	3-сфера	9	0	1	1.0
7	4-вектор	33	0	6	1.0
8	6 (число)	179	2	15	5.0
9	Абак (рахівниця)	125	0	9	4.5
10	Абелева група	65	0	6	2.0
11	Абсолютна похибка вимірювання	241	1	17	7.0
12	Абстрактна алгебра	69	0	7	2.0
13	Абстракція	803	10	38	25.0
14	Азартна гра (теорія ігор)	2	0	2	0.0
15	Аксіома	1153	16	79	33.5
16	Аксіома вибору	53	0	5	1.0
17	Аксіома паралельності Евкліда	50	0	5	2.0
18	Аксіоматика Гільберта	25	0	5	1.0
19	Аксіоми Пеано	55	0	5	1.0
20	Актуарій	198	2	14	5.5
21	Актуарна математика	190	2	13	6.0
22	Алан Тюрінг	2267	21	325	40.0
23	Алгебра	263	0	58	7.0
24	Алгебра Кліфорда	9	0	2	1.0
25	Алгебра Лі	24	0	3	1.0
26	Алгебра логіки	300	2	26	8.0
27	Алгебраїчне числове поле	5	0	2	0.0
28	Алгебраїчні числа	66	0	5	1.5
29	Алгебрична геометрія	23	0	3	1.0
30	Алгебрична топологія	10	0	2	0.0
31	Алгебричний многовид	4	0	2	0.0
32	Алгебрично замкнуте поле	8	0	2	0.0
33	Алгоритм	1334	19	103	39.0
34	Алгоритм Евкліда	274	2	20	8.0
35	Алгоритм імітації відпалу	40	0	3	1.0
36	Александр Гротендік	22	0	5	0.5
37	Аль-Хорезмі	89	0	8	2.5
38	Альберт Ейнштейн	2212	44	127	66.0
39	Альфред Грей	1	0	1	0.0
40	Альфред Тарський	10	0	3	0.0
41	Американське математичне товариство	11	0	2	0.0
42	Аналітична геометрія	124	0	13	4.0
43	Аналітична теорія чисел	10	0	2	0.0
44	Аналітична функція	61	0	7	1.5
45	Аналогова обчислювальна машина	38	0	4	1.0
46	Андре Вейль	17	0	2	1.0
47	Анрі Леон Лебег	39	0	20	1.0
48	Анрі Пуанкаре	159	1	44	3.0
49	Антіфонт	2	0	1	0.0
50	Аполлоній Перзький	20	0	2	1.0
51	Апостеріорна ймовірність	40	0	7	1.0
52	Арифметика	197	1	14	6.0
53	Арифметична функція	19	0	2	1.0
54	Арістотель	925	17	50	28.5
55	Арнольд Володимир Ігорович	31	0	4	1.0
56	Артур Кейлі	8	0	2	0.0
57	Архімед	482	6	39	14.0
58	Асимптота	87	0	9	2.0
59	Асоціативність	156	1	15	4.0
60	Атлас (математика)	5	0	1	0.0
61	Атле Сельберг	5	0	2	0.0
62	Атрактор	114	0	12	3.0
63	Аттична система числення	16	0	3	1.0
64	Афінна геометрія	20	0	2	1.0
65	Багатократний інтеграл	50	0	5	1.0
66	Багатокритеріальна оптимізація	54	0	10	1.0
67	Баєсів інформаційний критерій	26	0	5	1.0
68	Баєсова ймовірність	55	0	6	1.0
69	Баєсова лінійна регресія	18	0	3	0.0
70	Баєсова мережа	45	0	5	1.0
71	Баєсова оцінка	35	0	4	1.0
72	Баєсове виведення	37	0	3	1.0
73	Банахів простір	56	0	6	2.0
74	Банахова алгебра	12	0	4	1.0
75	Басейн притягання	3	0	1	0.0
76	Безвиграшна ситуація	19	0	3	1.0
77	Безкоаліційна гра	3	0	2	0.0
78	Безмасштабна мережа	9	0	1	0.0
79	Бенуа Мандельброт	53	0	5	2.0
80	Бернгард Ріман	32	0	3	1.0
81	Бертран Расселл	256	4	16	7.0
82	Бета-функція	33	0	4	1.0
83	Бієкція	108	0	9	3.0
84	Білінійне відображення	8	0	1	0.0
85	Бінарна класифікація	18	0	2	1.0
86	Біном Ньютона	374	5	24	10.5
87	Біноміальний коефіцієнт	129	0	10	4.0
88	Біноміальний розподіл	151	0	14	4.0
89	Блез Паскаль	231	2	17	6.5
90	Броунівське дерево	2	0	1	0.0
91	Броунівський рух	407	1	47	11.0
92	Булеан	88	0	21	1.0
93	Булева алгебра (структура)	97	0	17	2.5
94	Булева функція	274	0	28	7.0
95	Буняковський Віктор Якович	41	0	4	1.0
96	Варіаційне числення	41	0	4	1.0
97	Вейвлет	43	0	5	1.0
98	Вектор (математика)	635	4	53	17.0
99	Векторне поле	42	0	3	1.0
100	Векторне числення	13	0	2	1.0
101	Векторний простір	170	0	17	5.0
102	Велика теорема Ферма	413	2	22	12.0
103	Верхня і нижня границі	20	0	2	1.0
104	Взаємна інформація	44	0	10	1.0
105	Взаємно прості числа	282	1	19	8.0
106	Вибірка	318	2	22	10.0
107	Визначник	410	4	29	11.0
108	Виключна диз'юнкція	438	4	36	13.0
109	Вимірна функція	19	0	3	1.0
110	Випадкова величина	225	0	20	6.0
111	Випадкова подія	117	0	10	3.0
112	Випадкове блукання	31	0	5	1.0
113	Випадковий процес	100	0	10	2.5
114	Випадковий процес з довгою пам'яттю	0	0	0	0.0
115	Випадкові числа	33	0	5	2.0
116	Вироджений розподіл	13	0	2	0.0
117	Висковатов Василь Іванович	0	0	0	0.0
118	Висота (величина)	2	0	1	0.0
119	Від'ємне число	182	1	12	6.0
120	Відкрита множина	28	0	5	1.0
121	Відкриті математичні питання	87	0	8	2.0
122	Віднімання	286	1	19	8.0
123	Відношення	182	0	16	5.0
124	Відношення еквівалентності	158	1	15	4.0
125	Відношення порядку	109	0	37	1.5
126	Відособлений розподіл	22	0	6	0.0
127	Відсоток	1088	11	129	27.0
128	Відстань	220	2	14	6.5
129	Вільна група	5	0	3	0.0
130	Вільний параметр	1	0	1	0.0
131	Вільні і зв'язані змінні	9	0	2	0.0
132	Вільям Ровен Гамільтон	40	0	4	1.0
133	Вільям Терстон	9	0	3	0.0
134	Вісімкова система числення	149	1	13	3.5
135	Вісь	152	1	10	5.0
136	Вкладення Сегре	1	0	1	0.0
137	Власні вектори та власні числа	173	1	17	4.0
138	Внутрішня точка	18	0	4	1.0
139	Гамма-розподіл	47	0	9	1.0
140	Гамма-функція	90	0	9	3.0
141	Гармонічна функція	20	0	4	0.0
142	Гармонічний аналіз	16	0	3	1.0
143	Гаусові числа	37	0	4	1.0
144	Гельфанд Ізраїль Мойсейович	21	0	2	1.0
145	Генератор псевдовипадкових чисел	121	1	16	3.0
146	Генератриса	49	0	5	1.0
147	Генерація випадкових чисел	386	1	52	8.0
148	Геодезична лінія	105	0	13	3.0
149	Геометрична прогресія	1523	15	116	37.0
150	Геометричний броунівський рух	4	0	1	0.0
151	Геометрія	335	4	28	9.5
152	Геометрія Лобачевського	100	0	11	2.0
153	Георг Кантор	35	0	5	1.0
154	Герман Вейль	19	0	3	1.0
155	Гідроаеромеханіка	25	0	4	1.0
156	Гідромеханіка	34	0	4	1.0
157	Гійом де Лопіталь	7	0	1	0.0
158	Гільбертів простір	85	0	6	3.0
159	Гіпербола (математика)	391	4	30	12.0
160	Гіпергеометричний розподіл	13	0	4	0.0
161	Гіперграф	7	0	2	0.0
162	Гіперповерхня	21	0	3	1.0
163	Гіпотеза Гольдбаха	42	0	5	1.0
164	Гіпотеза Пуанкаре	367	1	24	10.0
165	Гіпотеза Рімана	141	0	12	4.0
166	Гістограма	106	0	6	3.5
167	Голоморфна функція	52	0	5	2.0
168	Гомеоморфізм	23	0	4	0.5
169	Гомологічна алгебра	10	0	2	1.0
170	Гомоморфізм	61	0	6	1.5
171	Гомоморфізм груп	26	0	6	1.0
172	Гомоморфне шифрування	8	0	1	0.0
173	Гомотопія	14	0	2	0.0
174	Готлоб Фреге	25	0	3	1.0
175	Готфрід Вільгельм Ляйбніц	167	0	31	4.0
176	Гра без побічних платежів	1	0	1	0.0
177	Градієнтний спуск	107	0	8	3.0
178	Градієнтні методи	26	0	4	1.0
179	Границя	174	0	9	5.5
180	Границя функції в точці	146	1	16	3.0
181	Границя числової послідовності	129	0	13	3.0
182	Граф (математика)	418	4	34	11.5
183	Група (математика)	122	0	12	3.0
184	Група Галуа	5	0	2	0.0
185	Група Лі	30	0	5	1.0
186	Густина імовірності	147	1	13	5.0
187	Ґратка (порядок)	26	0	4	1.0
188	Давид Гільберт	65	0	6	2.0
189	Дванадцяткова система числення	38	0	3	1.0
190	Девід Мамфорд	5	0	2	0.0
191	Декартова система координат	518	6	30	15.5
192	Дельта-метод	18	0	2	1.0
193	Дельта-функція Дірака	93	0	15	2.0
194	Дерево (теорія графів)	280	1	51	6.0
195	Джеймс Клерк Максвелл	185	0	19	5.0
196	Джон Конвей	14	0	2	0.0
197	Джон Мілнор	7	0	2	0.0
198	Джон фон Нейман	148	1	12	4.0
199	Джон Форбс Неш	683	11	43	20.0
200	Джордж Буль	43	0	4	1.5
201	Джуліо Асколі	1	0	1	0.0
202	Дзета-функція Рімана	70	0	6	2.0
203	Диз'юнкт Горна	6	0	2	0.0
204	Динамічна гра	1	0	1	0.0
205	Динамічна система	117	0	10	3.0
206	Дискретна група	1	0	1	0.0
207	Дискретна математика	557	6	39	16.0
208	Дискретний логарифм	26	0	3	1.0
209	Дискримінант	391	2	37	10.0
210	Дисперсійний аналіз	133	0	12	4.0
211	Дисперсія випадкової величини	720	7	48	21.5
212	Дистрибутивність	104	0	9	3.0
213	Дифеоморфізм	5	0	1	0.0
214	Диференціальна геометрія	68	0	7	2.0
215	Диференціальне рівняння з частинними похідними	78	0	7	2.0
216	Диференціальне та інтегральне числення	91	0	10	2.0
217	Диференціальне числення	100	0	12	2.0
218	Диференціальні рівняння	493	4	38	13.0
219	Диференційовний многовид	14	0	2	1.0
220	Дійсне число	1395	14	83	42.5
221	Дійснозначна функція	4	0	1	0.0
222	Ділення	289	3	20	9.0
223	Діофантові рівняння	80	0	9	3.0
224	Дія (фізика)	20	0	2	1.0
225	Добуток	708	11	41	20.5
226	Довга арифметика	32	0	4	1.0
227	Доведення	45	0	7	1.0
228	Доведення з нульовим пізнанням	13	0	2	0.0
229	Довжина	438	6	24	13.0
230	Довжина кривої	22	0	3	0.5
231	Довірчий інтервал	232	1	14	7.0
232	Додавання	271	1	16	8.0
233	Дональд Кнут	88	0	8	2.0
234	Досконале число	82	0	7	3.0
235	Дослідження операцій	135	0	14	4.0
236	Дотична	113	0	9	3.0
237	Дотичний простір	14	0	3	1.0
238	Дріб	1071	9	55	34.0
239	Дрінфельд Володимир Гершонович	30	0	4	1.0
240	Друга похідна	58	0	7	1.0
241	Еварист Галуа	51	0	4	1.0
242	Евклід	134	0	10	4.0
243	Евклідів простір	221	2	23	6.0
244	Евклідова геометрія	170	1	13	5.0
245	Едвард Віттен	12	0	2	0.0
246	Експоненційний розподіл	114	0	12	3.0
247	Ексцентриситет	208	2	16	6.0
248	Елементарна математика	23	0	3	1.0
249	Елі Жозеф Картан	6	0	2	0.0
250	Еліпс	396	4	27	11.5
251	Еліптична крива	50	0	7	1.5
252	Еліптична криптографія	80	0	8	2.0
253	Еліптична функція	3	0	1	0.0
254	Еммі Нетер	46	0	5	1.5
255	Емпірична функція розподілу	69	0	7	1.0
256	Ентропійна швидкість	11	0	2	0.0
257	Ентропія	1563	25	81	47.0
258	Ератосфен	151	0	10	5.0
259	Ергодичний розподіл	8	0	2	1.0
260	Ермітова форма	3	0	1	0.0
261	Ефект метелика (математика)	293	4	19	9.5
262	Жак Соломон Адамар	11	0	1	0.0
263	Жан-П'єр Серр	5	0	1	0.0
264	Житомирська Світлана Яківна	6	0	3	0.0
265	Життя (гра)	183	1	11	6.0
266	Жозеф-Луї Лагранж	53	0	7	1.0
267	Жорданова нормальна форма	52	0	7	1.0
268	Загальна лінійна група	9	0	3	0.0
269	Загальна теорія відносності	527	5	29	17.5
270	Загальна топологія	11	0	3	0.0
271	Задання групи	2	0	1	0.0
272	Задача дробово-лінійного програмування	16	0	9	0.0
273	Задача про пакування в ємності	31	0	9	1.0
274	Задача розв'язності	14	0	2	1.0
275	Закон великих чисел	170	0	15	5.0
276	Закон виключеного третього	82	0	10	2.0
277	Закони Кеплера	176	0	20	5.0
278	Закони Ланчестера	7	0	2	0.0
279	Закони Ньютона	2891	45	323	67.0
280	Замикання (математика)	14	0	2	0.0
281	Заперечення	183	2	13	5.0
282	Зв'язність (диференціальна геометрія)	2	0	1	0.0
283	Звичайні диференціальні рівняння	69	0	7	2.0
284	Згортка (математичний аналіз)	79	0	7	2.0
285	Зліченна множина	55	0	6	2.0
286	Знак рівності	278	0	17	8.5
287	Зовнішня алгебра	13	0	2	1.0
288	Зовнішня похідна	3	0	1	0.0
289	Золота спіраль	98	0	8	3.0
290	Золотий перетин	1563	26	75	48.5
291	Ізометрія (математика)	43	0	6	1.0
292	Ізоморфізм	108	0	10	3.0
293	Ізоморфізм груп	16	0	2	1.0
294	Імовірнісна логіка	11	0	2	1.0
295	Імовірність	388	2	24	12.5
296	Імпульс (механіка)	270	2	20	8.0
297	Індекс контура відносно точки	5	0	1	0.0
298	Індо-арабська система числення	251	3	15	7.0
299	Інтеграл	790	12	47	23.5
300	Інтеграл Лебега	47	0	5	1.0
301	Інтегральна теорема Коші	41	0	7	1.0
302	Інтегральна формула Коші	41	0	5	1.0
303	Інтегральне правило Лейбніца	1	0	1	0.0
304	Інтегральне рівняння	15	0	2	1.0
305	Інтервал (математика)	76	0	7	2.0
306	Інтерполяція	335	2	21	10.5
307	Інформаційна ентропія	242	2	25	7.0
308	Інформаційний критерій Акаіке	31	0	4	1.0
309	Інформація	1541	24	106	42.0
310	Ірвінг Рід	4	0	2	0.0
311	Ірраціональні числа	958	10	63	29.0
312	Ісаак Ньютон	719	5	39	22.5
313	Історія геометрії	19	0	4	1.0
314	Історія математики	126	0	12	4.0
315	Історія математичних позначень	37	0	7	1.0
316	Істотний многовид	0	0	0	0.0
317	Ймовірнісний простір	30	0	5	1.0
318	Йоганн Кеплер	132	0	8	4.0
319	Калібрувальна інваріантність	49	0	5	1.0
320	Канонічна кореляція	12	0	2	0.0
321	Карл Вейєрштрасс	18	0	3	1.0
322	Карл Фрідріх Гаусс	167	1	12	4.0
323	Категорійна змінна	31	0	4	1.0
324	Категорійний розподіл	13	0	3	1.0
325	Квадрат	686	8	54	20.5
326	Квадратична форма	80	0	8	2.0
327	Квадратичний закон взаємності	14	0	3	1.0
328	Квадратне рівняння	1483	12	131	32.0
329	Квадратний корінь	766	13	58	21.0
330	Квантова електродинаміка	74	0	8	2.0
331	Квантова криптографія	57	0	5	2.0
332	Квантова логіка	12	0	4	0.0
333	Квантова механіка	545	7	31	15.0
334	Квантова хромодинаміка	59	0	11	1.0
335	Квартет Анскомбе	18	0	5	0.0
336	Китайська теорема про остачі	26	0	3	1.0
337	Кільце (алгебра)	131	1	9	3.5
338	Кільце многочленів	20	0	8	0.0
339	Кінематика	229	0	17	6.5
340	Кінетична енергія	445	4	31	14.0
341	Клавдій Птолемей	218	2	15	6.0
342	Клас еквівалентності	93	0	8	3.0
343	Клас складності NP	52	0	8	1.0
344	Клас складності P	41	0	5	1.0
345	Клас складності PSPACE	6	0	1	0.0
346	Класична механіка	211	1	19	6.0
347	Кластеризація методом к–середніх	187	0	16	5.0
348	Коваріація	118	0	12	3.5
349	Коефіцієнт Баєса	13	0	3	0.0
350	Коефіцієнт Жаккара	34	0	6	1.0
351	Колмогоров Андрій Миколайович	52	0	4	1.0
352	Коло	978	9	77	27.0
353	Комбінаторика	293	2	18	9.5
354	Комбінаторна оптимізація	27	0	4	1.0
355	Комбінація (комбінаторика)	268	1	16	8.5
356	Компактний простір	54	0	8	2.0
357	Комплексна площина	30	0	4	1.0
358	Комплексне число	589	9	38	18.0
359	Комплексний аналіз	83	0	11	2.0
360	Композиція функцій	51	0	9	1.0
361	Компонента зв'язності графа	38	0	5	1.5
362	Комутативна алгебра	9	0	2	0.0
363	Комутативне кільце	17	0	3	0.5
364	Комутативність	188	1	12	6.0
365	Кон'юнкція	347	2	46	7.5
366	Конкатенація	111	1	8	4.0
367	Континуум-гіпотеза	30	0	7	1.0
368	Контрапозиція	15	0	2	1.0
369	Кооперативна гра (теорія ігор)	10	0	2	0.0
370	Кореляція і залежність	472	4	23	15.0
371	Кортеж (інформатика)	205	0	24	5.0
372	Крайова задача	26	0	7	1.0
373	Крива	89	0	8	3.0
374	Кривина (математика)	70	0	6	2.0
375	Криві другого порядку	111	1	13	2.0
376	Криза основ математики	16	0	3	0.0
377	Криптоаналіз	104	1	13	3.0
378	Криптографічна геш-функція	104	0	9	3.0
379	Криптографічно стійкий генератор псевдовипадкових чисел	9	0	2	0.0
380	Криптографія	686	11	49	20.0
381	Критерій Фішера	239	2	23	6.0
382	Критична точка (математика)	45	0	3	2.0
383	Куб	398	5	20	13.0
384	Куля (геометрія)	4	0	1	0.0
385	Курт Гедель	46	0	4	1.0
386	Кут	514	4	34	13.5
387	Кутова швидкість	277	1	20	7.0
388	Кутовий коефіцієнт	372	1	30	11.5
389	Лагранжіан	43	0	5	1.0
390	Лазар Карно	6	0	1	0.0
391	Ланцюги Маркова	138	1	13	3.0
392	Ланцюги Маркова з неперервним часом	8	0	3	0.0
393	Ланцюговий дріб	52	0	6	1.0
394	Лейтзен Егберт Ян Брауер	10	0	2	0.0
395	Лексель Андрій Іванович	3	0	1	0.0
396	Лема Гронуолла—Беллмана	0	0	0	0.0
397	Лема Цорна	9	0	2	0.0
398	Леонард Ейлер	151	1	9	4.0
399	Лінійна алгебра	181	1	14	5.0
400	Лінійна комбінація	40	0	5	1.0
401	Лінійна регресія	350	5	25	10.0
402	Лінійна функція	404	1	33	11.0
403	Лінійне відображення	88	0	10	2.0
404	Лінійне програмування	247	0	22	6.5
405	Лінійне рівняння	671	0	76	17.0
406	Лінія	207	0	18	6.0
407	Логарифм	836	8	46	25.0
408	Логарифмічно угнута функція	5	0	1	0.0
409	Логіка	754	15	39	22.0
410	Логіка другого порядку	17	0	4	1.0
411	Логіка першого порядку	112	1	12	3.0
412	Логічний сполучник	70	0	7	2.0
413	Любич Михайло Юрійович	1	0	1	0.0
414	Ляпунов Олександр Михайлович	44	0	5	1.0
415	Майже періодична функція	6	0	1	0.0
416	Майкл Атія	15	0	3	0.0
417	Максимальний ідеал	11	0	4	0.0
418	Маргуліс Григорій Олександрович	14	0	2	1.0
419	Марковська властивість	12	0	2	0.0
420	Марковська модель	31	0	4	1.0
421	Марковський момент часу	4	0	2	0.0
422	Марковський процес	56	0	6	2.0
423	Марковський процес вирішування	16	0	3	1.0
424	Мартингал	9	0	2	0.0
425	Математик	154	0	23	4.0
426	Математика	979	19	45	30.0
427	Математична індукція	108	0	8	3.0
428	Математична константа	108	0	16	3.0
429	Математична логіка	157	0	14	4.5
430	Математична статистика	143	0	9	5.0
431	Математична фізика	67	0	6	2.0
432	Математичне моделювання	187	0	12	5.5
433	Математичне сподівання	435	3	37	12.0
434	Математичний аналіз	285	2	21	8.0
435	Матриця (математика)	552	6	39	16.5
436	Матриця суміжності	126	0	10	3.0
437	Машина Тюрінга	274	1	22	7.0
438	Медаль Філдса	222	1	57	2.0
439	Медіана (статистика)	696	5	35	22.0
440	Мероморфна функція	11	0	3	0.0
441	Метаматематика	10	0	2	0.0
442	Метамова	34	0	4	1.0
443	Метод Гауса	171	1	13	5.0
444	Метод Гауса — Жордана	45	0	6	1.0
445	Метод головних компонент	142	0	10	3.5
446	Метод групового урахування аргументів	27	0	4	1.0
447	Метод максимальної правдоподібності	77	0	9	2.0
448	Метод матриць переходу	7	0	2	0.0
449	Метод Монте-Карло	252	1	18	7.5
450	Метод невизначених множників	55	0	6	2.0
451	Метод Ньютона	161	0	12	4.5
452	Метод скінченних різниць	35	0	4	1.0
453	Метричний простір	125	1	13	3.0
454	Метричний тензор	54	0	5	2.0
455	Механіка Гамільтона	51	0	6	2.0
456	Мимобіжні прямі	102	0	8	3.0
457	Міжнародна математична олімпіада	225	0	30	5.5
458	Мінімальна довжина повідомлення	2	0	1	0.0
459	Мінімізація булевих функцій за допомоги дужкових форм	25	0	4	1.0
460	Міра множини	38	0	3	1.0
461	Міра Хаара	4	0	1	0.0
462	Многовид	69	0	5	2.0
463	Многогранник	119	0	9	3.0
464	Многокутник	341	3	36	8.5
465	Многочлен	655	4	44	20.0
466	Множення	285	2	25	8.0
467	Множина	728	5	46	19.0
468	Мода (статистика)	278	2	16	8.0
469	Модель Барабаші — Альберт	6	0	2	0.0
470	Модель Блека — Шоулза	34	0	6	1.0
471	Модуль (математика)	507	5	39	14.0
472	Модуль над кільцем	29	0	7	1.0
473	Модульна арифметика	136	0	8	4.0
474	Модулярна форма	19	0	3	1.0
475	Мультиіндекс	1	0	1	0.0
476	Мультимножина	13	0	2	1.0
477	Найбільше відоме просте число	209	1	16	6.0
478	Найбільший спільний дільник	640	3	40	19.5
479	Найменше спільне кратне	737	8	45	23.0
480	Накриття (топологія)	6	0	2	0.0
481	Напівмартингал	3	0	1	0.0
482	Нат (одиниця вимірювання)	17	0	3	1.0
483	Натуральні числа	2201	26	122	63.5
484	Начала Евкліда	38	0	4	1.0
485	Нго Бао Чау	12	0	2	0.0
486	Невластивий інтеграл	3	0	1	0.0
487	Недетермінований скінченний автомат	23	0	5	0.0
488	Неевклідова геометрія	92	0	7	3.0
489	Незалежність (теорія ймовірностей)	49	0	6	1.0
490	Незвідний многочлен	36	0	6	1.0
491	Неімплікація	41	0	35	0.0
492	Нелінійні диференціальні рівняння	5	0	2	0.0
493	Неперервна справа функція з лівосторонніми границями	3	0	1	0.0
494	Неперервна функція	225	1	18	7.0
495	Нерівність	512	4	37	16.0
496	Нерівність Коші — Буняковського	123	0	18	3.0
497	Нерівність трикутника	153	0	13	5.5
498	Нерівність Чебишова	36	0	3	1.0
499	Нескінченність	348	5	17	11.0
500	Нечітка множина	43	0	5	1.0
501	Ніколя Бурбакі	27	0	3	1.0
502	Нільпотентна група	5	0	1	0.0
503	Нім (гра)	18	0	3	1.0
504	Норма (математика)	95	0	8	3.0
505	Норма (теорія полів)	2	0	1	0.0
506	Нормальна підгрупа	23	0	5	1.0
507	Нормальний розподіл	765	9	56	21.5
508	Обернена функція	143	1	12	4.0
509	Обернені тригонометричні функції	227	0	14	6.0
510	Область визначення	558	7	43	16.5
511	Область значень	257	2	26	8.0
512	Область цілісності	20	0	4	1.0
513	Обчислювальна математика	60	0	6	2.0
514	Обчислювана функція	11	0	2	0.0
515	Оґюстен-Луї Коші	72	0	7	2.0
516	Одностороння функція	14	0	3	0.0
517	Окіл	43	0	4	1.0
518	Омар Хайям	686	12	34	21.5
519	Оператор Лапласа	81	0	7	2.5
520	Оптимізація (математика)	134	0	8	4.0
521	Оптимум Парето	151	0	20	3.5
522	Опукла комбінація	7	0	2	0.0
523	Опукла множина	53	0	6	1.0
524	Опукла функція	85	0	11	2.0
525	Ортогональна матриця	60	0	11	2.0
526	Ортогональність	117	0	11	3.0
527	Ортонормований базис	40	0	6	1.0
528	Оскар Зарицький	9	0	3	0.0
529	Основна теорема алгебри	101	0	10	2.0
530	Основна теорема арифметики	85	0	6	2.0
531	Оцінка апостеріорного максимуму	18	0	4	0.0
532	Оцінка густини	21	0	6	0.0
533	П'єр Рене Делінь	8	0	2	0.0
534	П'єр Ферма	50	0	6	1.0
535	П'єр-Симон Лаплас	98	0	9	3.0
536	П'ятикомірник	7	0	1	0.0
537	Пал Ердеш	26	0	3	1.0
538	Парабола	515	4	33	14.0
539	Парадокс Банаха — Тарського	51	0	8	1.0
540	Парадокс Расселла	132	0	11	4.0
541	Паралельність	187	1	17	5.0
542	Параметр	135	0	9	4.0
543	Переважне приєднання	6	0	2	0.0
544	Перевірка відношенням правдоподібностей	16	0	2	0.0
545	Перевірка статистичних гіпотез	59	0	4	2.0
546	Перельман Григорій Якович	457	5	37	12.0
547	Перестановка	150	0	12	4.0
548	Перетворення Гільберта	10	0	2	0.0
549	Перетворення Лапласа	139	0	14	4.0
550	Перетворення Фур'є	256	0	21	7.0
551	Перетин множин	148	0	15	4.0
552	Перехресна ентропія	28	0	3	1.0
553	Перехресна перевірка	44	0	4	1.0
554	Периметр	160	1	12	4.5
555	Періодична функція	74	0	8	2.0
556	Періодичний стан	2	0	1	0.0
557	Підмножина	142	1	11	4.0
558	Піднесення до степеня	922	12	46	28.5
559	Підстановка	18	0	3	1.0
560	Піфагор	523	8	29	15.5
561	Планування експерименту	109	0	11	3.0
562	Площа	1292	25	71	40.0
563	Площа поверхні	28	0	4	1.0
564	Площина	203	2	18	6.0
565	Поверхневий інтеграл	53	0	9	2.0
566	Поверхня	98	0	10	3.0
567	Повний метричний простір	27	0	4	1.0
568	Подвійні числа	19	0	4	1.0
569	Подільність	121	0	12	3.0
570	Позиційні системи числення	233	1	23	6.0
571	Показникова функція	203	1	12	6.0
572	Пол Джозеф Коен	11	0	3	0.0
573	Поле (алгебра)	93	0	7	2.0
574	Поле Галуа	88	0	6	2.0
575	Поліноми Ерміта	33	0	4	1.0
576	Поль Дірак	66	0	9	2.0
577	Полюс (комплексний аналіз)	21	0	3	1.0
578	Полярна система координат	258	3	14	8.0
579	Помилки першого і другого роду	90	0	9	2.5
580	Порядкове число	35	0	4	1.0
581	Послідовність	139	0	9	4.0
582	Послідовність Фібоначчі	781	11	40	25.0
583	Потужність множини	174	0	22	4.0
584	Похибки та залишки	73	0	7	2.0
585	Похідна	870	11	56	26.0
586	Правило висновування	16	0	5	0.0
587	Правило Лопіталя	114	0	11	3.0
588	Правильний многокутник	241	1	20	7.0
589	Правильний трикутник	558	7	38	16.5
590	Представлення групи	15	0	3	0.0
591	Приблизне баєсове обчислення	16	0	3	0.0
592	Прикладна математика	957	12	53	27.5
593	Принцип детальної рівноваги	8	0	2	0.0
594	Принцип Діріхле	122	0	12	4.0
595	Принцип максиміну	12	0	3	0.0
596	Припущення	77	0	8	2.0
597	Прискорення	666	8	45	20.0
598	Пристосованість (статистика)	22	0	5	0.0
599	Проблема зупинки	69	0	8	2.0
600	Проблема чотирьох фарб	45	0	4	1.0
601	Проблеми Гільберта	75	0	7	2.0
602	Проективна геометрія	37	0	4	1.0
603	Проективний простір	10	0	3	0.0
604	Проста група	9	0	2	0.5
605	Просте число	1051	17	53	32.0
606	Простий ідеал	10	0	2	0.0
607	Простір Мінковського	61	0	5	2.0
608	Простір Шварца	3	0	1	0.0
609	Простір Lp	68	0	9	2.0
610	Просторово-часовий інтервал	52	0	7	2.0
611	Протокол узгодження ключів	11	0	3	0.0
612	Процес Леві	6	0	1	0.0
613	Пряма	357	1	27	9.0
614	Пряма секретність	25	0	4	1.0
615	Прямий кут	144	1	9	4.5
616	Прямокутний трикутник	2683	33	143	77.0
617	Псевдотріангуляція	8	0	4	0.0
618	Пучок (математика)	12	0	3	0.0
619	Радіальна базисна функція	17	0	2	0.5
620	Радіан	362	4	23	11.0
621	Радіус	472	4	29	15.0
622	Раціональна функція	20	0	4	1.0
623	Раціональні числа	1176	8	69	37.0
624	Регістр зсуву з лінійним зворотним зв'язком	61	0	10	2.0
625	Регресійний аналіз	322	1	29	9.0
626	Регуляризація (математика)	29	0	3	1.0
627	Рене Декарт	482	7	26	14.5
628	Рене Том	9	0	2	0.0
629	Рерайтинг (математика)	5	0	1	0.0
630	Римська система числення	2382	48	98	77.5
631	Рівність класів P і NP	138	0	22	4.0
632	Рівновага Неша	113	0	7	3.5
633	Рівномірна збіжність	18	0	2	1.0
634	Рівномірна обмеженість	4	0	1	0.0
635	Рівностепенева неперервність	7	0	2	0.5
636	Рівняння	463	1	44	12.0
637	Рівняння Дірака	70	0	7	2.0
638	Рівняння конвекції-дифузії	9	0	1	0.0
639	Рівняння Лапласа	40	0	3	1.0
640	Рівняння Максвелла	315	4	26	9.0
641	Рівняння Нав'є — Стокса	196	1	13	6.0
642	Рівняння Пелля	8	0	2	0.0
643	Рівняння теплопровідності	52	0	8	1.0
644	Рівняння Фоккера-Планка	13	0	3	0.5
645	Рівняння Чепмена — Колмогорова	14	0	3	0.0
646	Рівняння четвертого степеня	101	0	12	3.0
647	Рівняння Шредінгера	266	1	19	6.5
648	Ріманова поверхня	12	0	3	0.0
649	Ріхард Дедекінд	14	0	2	0.0
650	Річард Евен Борхердс	2	0	2	0.0
651	Роджер Пенроуз	44	0	4	1.0
652	Розбиття множини	50	0	11	1.0
653	Розв'язна група	5	0	1	0.0
654	Роздрібнена множина	3	0	1	0.0
655	Розмірність простору	54	0	4	1.5
656	Розподіл ймовірностей	175	1	14	5.0
657	Розподіл Коші	34	0	6	1.0
658	Розподіл Пуассона	174	1	21	5.0
659	Розподіл хі-квадрат	66	0	7	2.0
660	Розфарбовування ребер	14	0	3	0.0
661	Розходження Кульбака — Лейблера	23	0	3	1.0
662	Розширений фільтр Калмана	24	0	3	1.0
663	Розширення поля	10	0	1	0.0
664	Рональд Фішер	13	0	3	0.0
665	Ряд (математика)	167	0	12	5.0
666	Ряд Тейлора	331	3	19	9.0
667	Ряд Фур'є	355	3	25	9.0
668	Саймон Дональдсон	4	0	3	0.0
669	Середнє арифметичне	483	2	27	15.5
670	Середнє значення	290	1	14	9.0
671	Сигма-алгебра	26	0	5	1.0
672	Символ Кронекера	20	0	3	1.0
673	Символ Похгаммера	6	0	3	0.0
674	Симетрична група	22	0	4	1.0
675	Симетрія	387	4	29	11.0
676	Симетрія в математиці	42	0	4	1.0
677	Симплекс	50	0	7	1.0
678	Симплекс-метод	120	0	12	3.0
679	Сингулярний розклад матриці	79	0	7	2.5
680	Сингулярні гомології	1	0	1	0.0
681	Система координат	452	8	23	14.0
682	Система лінійних алгебраїчних рівнянь	465	5	30	14.5
683	Система числення	580	2	50	15.5
684	Сімеон-Дені Пуассон	22	0	3	1.0
685	Скаляр	203	1	14	6.5
686	Скалярний добуток	481	3	41	13.5
687	Скінченна множина	71	0	6	2.0
688	Скінченні різниці	17	0	2	1.0
689	Складано-ножева перевибірка	17	0	2	0.0
690	Складене число	312	3	19	9.5
691	Соломон Лефшец	3	0	1	0.0
692	Спектральна теорема	8	0	3	0.0
693	Спеціальна теорія відносності	247	1	15	7.5
694	Список математичних категорій	27	0	6	1.0
695	Список тригонометричних тотожностей	629	4	56	16.5
696	Спільна ентропія	9	0	2	0.0
697	Спінор	13	0	2	0.5
698	Спліт-кватерніони	19	0	3	1.0
699	Спрямований ациклічний граф	39	0	4	1.0
700	Срініваса Рамануджан	468	2	66	11.5
701	Стандартна модель	120	0	10	3.5
702	Стандартне відхилення	906	9	51	27.0
703	Статистика	760	8	49	21.0
704	Статистична дисперсія	74	0	6	2.0
705	Статистична значущість	235	2	19	7.0
706	Статистична механіка	41	0	4	1.0
707	Статистичне висновування	93	0	7	3.0
708	Стаціонарна точка	40	0	4	1.0
709	Степеневий ряд	83	0	8	2.0
710	Степінь трансцендентності	0	0	0	0.0
711	Стефан Банах	193	0	16	5.0
712	Стівен Смейл	7	0	2	0.0
713	Стохастична гра	2	0	1	0.0
714	Стохастична матриця	15	0	3	0.0
715	Стохастична модель	54	0	6	1.5
716	Стохастичне числення Іто	10	0	2	1.0
717	Сума	474	5	31	15.0
718	Сфера	281	2	19	9.0
719	Сфера Рімана	26	0	4	1.0
720	Сферична система координат	115	0	11	3.5
721	Сюр'єкція	83	0	13	2.0
722	Таблиця множення	298	3	21	9.0
723	Теза Черча — Тюрінга	34	0	6	1.0
724	Тензорний добуток	17	0	2	0.0
725	Теорема	261	1	16	8.0
726	Теорема Асколі — Арцела	10	0	3	0.0
727	Теорема Баєса	317	3	25	9.0
728	Теорема Банаха про нерухому точку	29	0	5	1.0
729	Теорема Гамільтона — Келі	16	0	3	1.0
730	Теорема Гана — Банаха	4	0	1	0.0
731	Теорема Кантора	26	0	4	1.0
732	Теорема косинусів	1468	8	156	30.5
733	Теорема Лагранжа	123	0	9	4.0
734	Теорема Лагранжа (теорія груп)	20	0	4	1.0
735	Теорема Льовенгейма — Сколема	2	0	1	0.0
736	Теорема Піфагора	5153	60	486	98.5
737	Теорема про планарне розбиття	12	0	2	1.0
738	Теорема про розподіл простих чисел	26	0	3	1.0
739	Теорема Рамсея	15	0	2	1.0
740	Теорема Рімана — Роха	6	0	2	0.0
741	Теорема синусів	1070	4	136	20.0
742	Теорема Скорохода про вкладення	0	0	0	0.0
743	Теорема Стокса	68	0	6	2.0
744	Теореми Веєрштраса у банахових просторах	1	0	1	0.0
745	Теореми Геделя про неповноту	168	0	14	4.5
746	Теореми про ізоморфізми	10	0	2	0.5
747	Теоретична інформатика	44	0	5	1.0
748	Теорія алгоритмів	146	0	15	4.0
749	Теорія Вапника — Червоненкіса	18	0	4	0.0
750	Теорія випадкових процесів	11	0	2	1.0
751	Теорія відносності	684	12	34	21.0
752	Теорія Галуа	17	0	3	0.0
753	Теорія графів	326	1	30	9.0
754	Теорія груп	77	0	8	3.0
755	Теорія ігор	539	7	30	16.0
756	Теорія інваріантів	5	0	2	0.0
757	Теорія інформації	237	0	18	7.0
758	Теорія ймовірностей	714	12	42	21.0
759	Теорія категорій	58	0	5	2.0
760	Теорія керування	103	0	9	2.0
761	Теорія кодування	73	0	9	2.0
762	Теорія масового обслуговування	57	0	9	1.0
763	Теорія мереж	35	0	4	1.0
764	Теорія множин	314	0	28	8.0
765	Теорія множин Цермело — Френкеля	25	0	3	1.0
766	Теорія наближень	7	0	1	0.0
767	Теорія обчислюваності	21	0	3	1.0
768	Теорія порядку	11	0	2	0.0
769	Теорія представлень	7	0	2	0.0
770	Теорія Серфа	0	0	0	0.0
771	Теорія складності обчислень	114	1	9	2.5
772	Теорія статистичного навчання	9	0	2	0.0
773	Теорія хаосу	273	1	16	9.0
774	Теорія чисел	123	0	13	3.0
775	Теплокарта	31	0	3	1.0
776	Теренс Тао	32	0	5	1.0
777	Тесеракт	195	1	13	5.5
778	Тімоті Гауерс	6	0	1	0.0
779	Топологічна група	16	0	4	0.5
780	Топологічний векторний простір	6	0	1	0.0
781	Топологічний простір	61	0	6	2.0
782	Топологія	169	0	15	5.5
783	Топологія Зариського	5	0	1	0.0
784	Тотожне відображення	12	0	2	0.0
785	Тотожність	488	4	26	16.0
786	Тотожність Ейлера	75	0	9	2.0
787	Точка	213	2	13	6.5
788	Точність до	6	0	3	0.0
789	Трансцендентне число	79	0	13	2.0
790	Трапеція	1254	14	89	33.0
791	Тривимірний опис об'єкта	92	0	10	2.0
792	Тригонометричні функції	1963	31	129	54.0
793	Тригонометрія	262	2	24	7.5
794	Трикутник	1271	9	101	32.0
795	Трикутник Рело	82	0	6	2.0
796	Тріангуляція (геометрія)	34	0	3	1.0
797	Узагальнена функція	9	0	2	0.0
798	Умови Коші — Рімана	26	0	5	1.0
799	Умовна ентропія	28	0	5	1.0
800	Умовне математичне сподівання	13	0	4	0.0
801	Уявна одиниця	101	1	9	3.0
802	Фазовий простір	42	0	5	1.0
803	Факторгрупа	20	0	6	1.0
804	Факторизація	79	0	6	3.0
805	Факторпростір	8	0	3	0.0
806	Фелікс Гаусдорф	8	0	2	0.0
807	Фелікс Кляйн	25	0	6	1.0
808	Фібоначчі	258	2	18	7.5
809	Фізика	878	15	36	27.0
810	Філософія математики	29	0	5	1.0
811	Фільтр Калмана	71	0	9	2.0
812	Формальний степеневий ряд	11	0	4	0.0
813	Формула	111	0	6	3.5
814	Формула Гауса — Бонне	24	0	3	1.0
815	Формула Ейлера	182	0	13	5.0
816	Формула Муавра	69	0	9	2.0
817	Формула Ньютона — Лейбніца	156	0	11	5.0
818	Формула Остроградського	88	0	11	2.5
819	Формула повної ймовірності	152	0	12	4.0
820	Формула Фейнмана — Каца	2	0	1	0.0
821	Фрактал	558	11	25	18.0
822	Фрактальна розмірність	39	0	5	1.0
823	Франсуа Вієт	49	0	4	1.5
824	Фундаментальна група	5	0	1	0.0
825	Фундаментальна послідовність	17	0	2	1.0
826	Функтор	21	0	2	1.0
827	Функції Бесселя	44	0	5	1.0
828	Функціональна похідна	4	0	1	0.0
829	Функціональний аналіз	88	0	7	3.0
830	Функціональний ряд	60	0	7	2.0
831	Функція (математика)	1187	13	94	32.5
832	Функція внеску	20	0	4	1.0
833	Функція Ейлера	120	0	14	3.0
834	Функція Мебіуса	17	0	2	0.0
835	Функція правдоподібності	53	0	6	1.0
836	Функція розподілу (статистична фізика)	4	0	1	0.0
837	Функція розподілу ймовірностей	183	1	18	4.0
838	Характер представлення групи	2	0	1	0.0
839	Характеристика Ейлера	17	0	2	0.0
840	Характеристична функція	30	0	7	1.0
841	Хвильове рівняння	70	0	9	1.0
842	Хеш-функція	404	3	44	11.0
843	Хроматичне число	28	0	6	1.0
844	Центральна гранична теорема	94	0	9	2.0
845	Центральний момент	25	0	7	1.0
846	Циклічний підклас	0	0	0	0.0
847	Циліндрична система координат	43	0	6	1.0
848	Цифри	1067	13	49	34.0
849	Ціла функція	15	0	4	0.5
850	Цілі числа	780	6	45	23.5
851	Цілком впорядкована множина	12	0	2	0.5
852	Цілком неперервний оператор	4	0	3	0.0
853	Чарлз Сандерс Пірс	43	0	4	1.0
854	Час	757	12	43	22.0
855	Часова область	26	0	5	1.0
856	Часовий ряд	121	0	10	3.0
857	Часткова похідна	145	0	16	3.0
858	Частково впорядкована множина	59	0	8	1.0
859	Частота події	51	0	5	2.0
860	Чезаре Арцела	2	0	1	0.0
861	Чисельне інтегрування	59	0	7	2.0
862	Чисельні методи	273	2	18	8.5
863	Числа Бернуллі	41	0	6	1.0
864	Числення висловлень	99	0	11	3.0
865	Число	550	8	30	16.0
866	Число пі	2476	56	108	76.0
867	Чиста математика	21	0	3	0.0
868	Чотири арифметичні дії	648	6	64	18.0
869	Шарль Ерміт	12	0	2	0.0
870	Швидке перетворення Фур'є	108	0	14	3.0
871	Швидкість	782	11	44	22.5
872	Шинтан Яу	8	0	2	0.0
873	Шифр	82	0	7	2.0
874	Шифрування	235	2	17	6.5
875	Шіінг-Шен Черн	8	0	2	0.0
876	Шістнадцяткова система числення	530	4	37	15.5
877	Шлях (теорія графів)	38	0	4	1.0
878	Щербина Марія Володимирівна	13	0	2	1.0
879	Якобіан	41	0	5	1.0
880	Co-NP	2	0	1	0.0
881	E (число)	610	8	32	19.0
882	EXPTIME	3	0	1	0.0
883	Gnuplot	9	0	2	0.0
884	Hashcash	15	0	3	1.0
885	Maple	43	0	5	1.0
886	Mathematica	56	0	5	2.0
887	MathML	23	0	3	1.0
888	NP-повна задача	84	0	9	3.0
889	NP-складна задача	42	0	7	1.0
890	PCP-теорема	3	0	1	0.0
891	T-критерій Стьюдента	359	3	23	11.0
892	T-розподіл Стьюдента	68	0	8	2.0
