1	Абсолютна система відліку	35	0	6	1.0
2	Абсолютний нуль	329	4	21	9.0
3	Автоколивання	39	0	7	1.0
4	Автолізія	1	0	1	0.0
5	Агрегатний стан	385	3	27	11.0
6	Адіабатичне наближення	12	0	5	0.0
7	Адіабатичне розмагнічування	18	0	3	0.0
8	Адіабатичний інваріант	2	0	1	0.0
9	Адрон	159	1	10	5.0
10	Аеродинаміка	225	1	16	7.0
11	Аеромеханіка	1	0	1	0.0
12	Аксино	6	0	1	0.0
13	Аксіальний струм	4	0	2	0.0
14	Аксіон	17	0	2	1.0
15	Активна фазована антенна решітка	63	0	6	2.0
16	Акумулятор тепла	21	0	3	1.0
17	Акустика	224	2	12	7.5
18	Акустичні фонони	2	0	1	0.0
19	Акустоконцентраційний ефект	1	0	1	0.0
20	Акустооптика	7	0	2	0.0
21	Алніко	5	0	2	0.0
22	Альбедо	224	3	12	7.0
23	Альфа-спектрометр	9	0	2	0.0
24	Аматорський радіозв'язок	151	0	31	3.0
25	Амбіполярна дифузія	4	0	1	0.0
26	Американське фізичне товариство	19	0	6	0.0
27	Аморфні речовини	183	1	15	4.5
28	Амплітуда ймовірності	13	0	3	0.0
29	Амплітуда розсіяння	3	0	2	0.0
30	Амплітудна маніпуляція	35	0	5	1.0
31	Амплітудна модуляція	170	0	18	4.0
32	Аналітична механіка	7	0	2	0.0
33	Андреєвське відбиття	5	0	2	0.0
34	Анізотропний магнетоопір	2	0	1	0.0
35	Аніон	169	0	16	6.0
36	Антиматерія	336	4	20	10.5
37	Антинейтрон	17	0	2	1.0
38	Антипротон	33	0	5	1.0
39	Антисвіт	6	0	2	0.0
40	Антисегнетоелектрики	3	0	1	0.0
41	Антиферомагнетики	25	0	3	1.0
42	Аромат (квантове число)	12	0	2	1.0
43	Арсенід алюмінію	2	0	1	0.0
44	Атмосфера (одиниця вимірювання)	278	3	16	8.5
45	Атмосферна акустика	0	0	0	0.0
46	Атом	1411	30	64	43.0
47	Атомна маса	232	0	19	7.0
48	Атомна орбіталь	101	0	11	2.0
49	Атомна рефракція	1	0	1	0.0
50	Атомна теорія Дальтона	6	0	2	0.0
51	Атомна фізика	70	1	7	2.0
52	Атомна, молекулярна і оптична фізика	13	0	3	0.0
53	Атомний номер	161	0	11	5.0
54	Атомний остов	2	0	1	0.0
55	Атомний радіус	56	0	6	1.0
56	Атрактивна взаємодія	3	0	1	0.0
57	Атрактор	114	0	12	3.0
58	Аутогезія	6	0	1	0.0
59	Балістика	284	1	25	8.0
60	Баріони	70	0	6	2.0
61	Баріонний заряд	26	0	7	0.0
62	Басейн притягання	3	0	1	0.0
63	Батарея (електрика)	285	1	18	8.5
64	Безелектродна лампа	6	0	2	0.0
65	Безперервний сигнал	13	0	2	0.5
66	Бекерель	189	2	12	6.0
67	Бер	552	5	33	17.0
68	Бета-випромінювання	80	0	9	2.0
69	Бета-розпад	204	1	14	6.0
70	Бетатрон	18	0	4	1.0
71	Біекситон	2	0	1	0.0
72	Бінодаль	8	0	2	0.0
73	Біотехнічна система	6	0	2	0.0
74	Біполярний транзистор	546	6	50	13.5
75	Біфуркація Андронова — Хопфа	1	0	1	0.0
76	Біфуркація подвоєння періоду	3	0	2	0.0
77	Ближнє поле	28	0	3	1.0
78	Бозон	151	0	11	4.5
79	Бозон Ґолдстоуна	3	0	2	0.0
80	Бозон Хіггса	398	6	27	11.0
81	Болометр	18	0	4	0.0
82	Борнове наближення	2	0	1	0.0
83	Брана	22	0	3	1.0
84	Бреггівська дифракція	15	0	3	0.0
85	Бреґґівський пік	6	0	2	0.0
86	Брижі (хвилі)	23	0	2	1.0
87	Броунівський рух	407	1	47	11.0
88	Будівельна механіка	51	0	8	1.0
89	Будівельна фізика	17	0	3	1.0
90	Бульбашка Алькуб'єрре	43	0	8	1.0
91	В'язкоеластичність	8	0	3	0.0
92	Вага	592	6	67	17.0
93	Валентна зона	41	0	11	1.0
94	Варіаційний принцип	12	0	2	1.0
95	Вейлівський напівметал	7	0	1	0.5
96	Вектор Бюргерса	8	0	3	0.0
97	Вектор поляризації	48	0	7	1.0
98	Вектор стану	12	0	4	0.0
99	Векторний потенціал	30	0	4	1.0
100	Великий адронний колайдер	1052	21	55	33.0
101	Великий канонічний ансамбль	4	0	1	0.0
102	Великий термодинамічний потенціал	3	0	1	0.0
103	Верх валентної зони	2	0	1	0.0
104	Вибух	242	2	17	7.0
105	Вимушене випромінювання	30	0	5	1.0
106	Вимушені коливання	50	0	7	1.0
107	Випрямлення змінного струму	310	2	23	8.5
108	Вироджений напівпровідник	8	0	2	1.0
109	Вихрові струми	139	0	10	4.0
110	Вібронна спектроскопія	10	0	2	0.0
111	Вігнерівський кристал	8	0	2	0.0
112	Від'ємна диференційна провідність	21	0	9	0.0
113	Відбій	32	0	3	1.0
114	Віддзеркалення	22	0	2	1.0
115	Відносна густина	128	0	13	3.5
116	Відпрацьоване ядерне паливо	94	0	9	2.5
117	Відстань	220	2	14	6.5
118	Вільна енергія Гельмгольца	40	0	8	1.0
119	Вільне падіння	434	4	24	14.0
120	Вільний параметр	1	0	1	0.0
121	Віріальне рівняння стану	1	0	1	0.0
122	Віріальні коефіцієнти	3	0	1	0.0
123	Віртуальна частинка	23	0	4	1.0
124	Віртуальні переміщення	7	0	5	0.0
125	Віскер (металургія)	15	0	4	0.0
126	Вісь	152	1	10	5.0
127	Вісь обертання	28	0	5	1.0
128	Вісь часу	54	0	7	1.0
129	Вічний двигун	219	2	14	6.5
130	Власна інформація	9	0	2	0.0
131	Власний напівпровідник	41	0	4	1.0
132	Власний час	24	0	5	1.0
133	Внутрішній імпеданс	0	0	0	0.0
134	Вологість	117	1	9	4.0
135	Вольт-ампер	112	1	9	3.5
136	Впливна величина	2	0	1	0.0
137	Втомне руйнування	16	0	2	1.0
138	Вторинна електронна емісія	16	0	4	0.0
139	Вторинне квантування	5	0	1	0.0
140	Вуглецеві наноконуси	5	0	1	0.0
141	Вуглецеві нанотрубки	86	0	7	3.0
142	Газовий розряд	109	0	14	3.0
143	Газоструменевий випромінювач	11	0	2	1.0
144	Гал (фізична одиниця)	10	0	2	0.0
145	Гальванічний елемент	202	0	19	5.5
146	Гальмівний шлях	232	2	15	6.5
147	Гамільтоніан	82	0	6	3.0
148	Гамма-промені	473	5	28	14.0
149	Гамма-спалахи	37	0	3	1.0
150	Гамма-спектроскопія	7	0	4	0.0
151	Гармата Гауса	117	0	9	3.0
152	Гармонічні коливання	277	1	19	8.5
153	Генерація другої гармоніки	18	0	3	1.0
154	Генерація носіїв заряду	14	0	3	0.0
155	Геометрична оптика	47	0	6	1.0
156	Геофізика	98	0	8	3.0
157	Герц	593	10	35	15.5
158	Гетеродин	55	0	6	1.0
159	Гетероструктури	2	0	1	0.0
160	Гідроаеродинаміка	13	0	3	0.0
161	Гідрофон	7	0	2	0.0
162	Гіперболічна траєкторія	12	0	1	1.0
163	Гіперзвукова швидкість	51	0	6	1.0
164	Гіперони	9	0	2	0.0
165	Гіпотеза Ампера	16	0	5	0.0
166	Гіромагнітне співвідношення	18	0	2	1.0
167	Глісування	29	0	4	1.0
168	Глушник мобільних телефонів	13	0	3	0.5
169	Глюбол	26	0	4	1.0
170	Глюон	66	0	5	2.0
171	Головне квантове число	40	0	6	1.5
172	Голономний зв'язок	9	0	2	0.0
173	Гомопауза	8	0	3	0.0
174	Горизонт Коші	5	0	1	0.0
175	Горизонт подій	191	1	30	5.0
176	Гравітаційна сингулярність	284	3	19	9.0
177	Гравітаційне поле	48	0	5	1.0
178	Гравітаційне реліктове випромінювання	2	0	1	0.0
179	Гравітаційний радіус	67	0	8	2.0
180	Гравітино	15	0	2	0.0
181	Гравітон	90	0	8	3.0
182	Границя міцності	231	2	14	7.0
183	Гранична швидкість	25	0	3	1.0
184	Граничні умови Борна-Кармана	2	0	1	0.0
185	Графен	509	5	37	13.0
186	Групова швидкість	30	0	5	1.0
187	Густина енергії	62	0	5	2.0
188	Густина потоку частинок	20	0	2	1.0
189	Густина станів	4	0	1	0.0
190	Густина струму	87	0	7	2.5
191	Ґратка Бете	4	0	2	0.0
192	Давидівське розщеплення	2	0	1	0.0
193	Дальній порядок	14	0	3	1.0
194	Дарсі (одиниця)	15	0	3	0.0
195	Двомірна ядерна магнітно-резонансна спектроскопія	3	0	1	0.0
196	Двофотонне збудження	1	0	1	0.0
197	Дебай	26	0	4	1.0
198	Дейтрон	12	0	3	0.0
199	Декстерів перенос енергії	1	0	1	0.0
200	Делокалізований стан	5	0	1	0.0
201	Дельта-баріон	8	0	1	0.0
202	Детермінант Слейтера	4	0	1	0.0
203	Детермінований хаос	70	1	7	2.0
204	Дефект маси	87	0	8	2.0
205	Деформаційний потенціал	5	0	2	0.0
206	Деформація	344	4	28	10.0
207	Деформація згину	172	1	12	5.0
208	Деформація зсуву	66	0	9	2.0
209	Деформація кручення	109	0	10	3.0
210	Децибел	536	3	41	16.0
211	Дециметрові хвилі	78	0	4	3.0
212	Дзеркало	470	7	23	15.0
213	Дивність	11	0	2	0.0
214	Дилатон	20	0	5	1.0
215	Динамічна рівновага	25	0	4	1.0
216	Директор (рідкий кристал)	6	0	1	0.0
217	Дислокація (кристалографія)	18	0	3	1.0
218	Дисперсійні сили	16	0	3	1.0
219	Дисперсія світла	366	2	28	10.5
220	Диференціальний переріз розсіювання	23	0	3	1.0
221	Диференціатор	24	0	8	1.0
222	Дифракційна ґратка	117	0	13	3.0
223	Дифракція	403	3	23	13.0
224	Дифузійний струм	46	0	9	1.0
225	Дифузія	463	6	21	14.5
226	Дифузія за законом Арреніуса	14	0	3	1.0
227	Дифузне відбиття світла	45	0	5	1.5
228	Діаграма станів (хімія)	0	0	0	0.0
229	Діаграма Фейнмана	34	0	4	1.0
230	Діамагнетики	71	0	6	2.0
231	Діелектрична сприйнятливість	17	0	4	1.0
232	Діелектричне дзеркало	13	0	2	1.0
233	Дійсна густина	8	0	2	0.0
234	Дійсне зображення	14	0	4	0.0
235	Діод Зенера	174	1	11	5.0
236	Дірка (квазічастинка)	96	0	11	2.0
237	Дірка Фермі	0	0	0	0.0
238	Діркова телепортація	5	0	1	0.0
239	Дно зони провідності	1	0	1	0.0
240	Довгі хвилі	40	0	4	1.0
241	Довжина вільного пробігу	29	0	5	1.0
242	Довжина хвилі	500	1	39	15.0
243	Доплерівське розширення	3	0	1	0.0
244	Дослід радіоактивності Антуаном Анрі Беккерелем	15	0	3	1.0
245	Дослід Штерна-Герлаха	31	0	4	1.0
246	Доцентрове прискорення	123	0	15	4.0
247	Дробовий квантовий ефект Холла	10	0	3	0.0
248	Дроплетон	7	0	2	0.0
249	Друга в'язкість	6	0	2	0.0
250	Друга космічна швидкість	280	3	14	9.5
251	Другий звук	2	0	1	0.0
252	Дуант	2	0	1	0.0
253	Духи Фаддєєва — Попова	14	0	1	0.5
254	Еванесцентне поле	18	0	3	1.0
255	Евтектика	131	1	18	4.0
256	Ейнштейн (одиниця)	2	0	1	0.0
257	Ейрі кільця	1	0	1	0.0
258	Екзотичний атом	6	0	2	0.0
259	Екранування заряду	15	0	5	0.0
260	Ексимерна люмінесценція	1	0	1	0.0
261	Ексиплексна люмінесценція	2	0	1	0.0
262	Екситон	49	0	7	1.0
263	Екситон Ваньє-Мотта	4	0	1	0.0
264	Екситон Френкеля	6	0	2	0.0
265	Експеримент з олійними краплями	8	0	2	0.0
266	Експеримент Майкельсона — Морлі	55	0	5	2.0
267	Ексцентриситет орбіти	38	0	5	1.0
268	Електрети	22	0	4	1.0
269	Електрика	801	16	45	24.0
270	Електрична енергія	377	4	24	11.5
271	Електрична напруга	1315	16	71	39.0
272	Електричне коло	513	4	53	13.5
273	Електричне поле	428	5	33	12.0
274	Електричний дипольний момент	72	0	7	2.0
275	Електричний заряд	572	9	33	17.0
276	Електричний імпеданс	208	1	15	6.0
277	Електричний потік	25	0	7	1.0
278	Електроадгезія	3	0	1	0.0
279	Електроізоляція	78	0	8	2.5
280	Електрокалоричний ефект	8	0	1	0.5
281	Електромагнітна індукція	408	4	32	12.0
282	Електромагнітна хвиля	560	6	35	17.5
283	Електромагнітне випромінювання	304	3	18	9.5
284	Електромагнітне поле	334	2	19	9.0
285	Електрон	665	11	56	20.0
286	Електрон провідності	14	0	2	0.0
287	Електрон-діркова рідина	3	0	1	0.0
288	Електрон-фононна взаємодія	14	0	3	1.0
289	Електронна гармата	14	0	3	0.0
290	Електронна густина	7	0	3	0.0
291	Електронна енергія	0	0	0	0.0
292	Електронна лавина	20	0	4	1.0
293	Електронна оболонка	167	0	14	4.0
294	Електронна пара	26	0	4	1.0
295	Електронна спектроскопія	6	0	2	0.0
296	Електронне нейтрино	40	0	12	1.0
297	Електронний генератор	69	0	8	2.0
298	Електронний мікроскоп	135	0	10	4.0
299	Електронний парамагнітний резонанс	52	0	11	1.0
300	Електронний стан	4	0	1	0.0
301	Електронно-променева установка	1	0	1	0.0
302	Електрооптичний ефект	17	0	4	0.5
303	Електрорушійна сила	576	6	45	15.0
304	Електростатика	104	0	11	3.0
305	Електростатична індукція	24	0	3	1.0
306	Електростатична лінза	10	0	4	0.0
307	Електростатичний генератор Ван де Граафа	48	0	4	2.0
308	Електростатичний потенціал	192	1	19	5.5
309	Емітанс пучка	1	0	1	0.0
310	Енергетичний рівень	47	0	5	2.0
311	Енергетичний спектр	23	0	5	0.5
312	Енергія вакууму	34	0	4	1.0
313	Енергія зв'язку	73	0	6	2.0
314	Еніон	4	0	1	0.0
315	Ентропія змішування	13	0	2	0.0
316	Ергодична гіпотеза	6	0	2	0.0
317	Ета-мезон	6	0	1	0.0
318	Ефект Вігнера	43	0	4	1.0
319	Ефект де Гааза-ван Альфена	2	0	1	0.0
320	Ефект Джоуля-Томсона	32	0	4	1.0
321	Ефект Доплера	389	4	24	12.0
322	Ефект Зеемана	68	0	11	2.0
323	Ефект Зеєбека	100	0	9	3.0
324	Ефект Казимира	47	0	11	1.0
325	Ефект Керра	17	0	5	1.0
326	Ефект Кея	16	0	5	1.0
327	Ефект конденсатного диску	38	0	6	1.0
328	Ефект Кондо	1	0	1	0.0
329	Ефект Коттона — Мутона	5	0	1	0.0
330	Ефект Мейснера	18	0	3	0.5
331	Ефект Міхеєва — Смирнова — Вольфенштейна	3	0	1	0.0
332	Ефект Нернста	3	0	1	0.0
333	Ефект Овергаузера	1	0	1	0.0
334	Ефект Оже	60	0	28	1.0
335	Ефект Пельтьє	383	1	195	4.0
336	Ефект Перселла	7	0	1	1.0
337	Ефект Рамана	0	0	0	0.0
338	Ефект Рамзауера	8	0	1	0.0
339	Ефект Рашби	6	0	2	0.0
340	Ефект Реннера	0	0	0	0.0
341	Ефект Реннера — Теллера	3	0	1	0.0
342	Ефект Тіндаля	47	0	6	1.0
343	Ефект Томсона	48	0	8	1.0
344	Ефект Фарадея	17	0	3	1.0
345	Ефект Франца-Келдиша	3	0	1	0.0
346	Ефект Штарка	28	0	5	1.0
347	Ефективна густина станів	4	0	1	0.0
348	Ефективна маса	20	0	2	1.0
349	Ефективна площа розсіювання	64	0	6	2.0
350	Ефективна температура	23	0	2	1.0
351	Ефективний коефіцієнт розмноження нейтронів	34	0	8	1.0
352	Ехолокація	53	0	6	1.0
353	Жаропродуктивність	1	0	1	0.0
354	Загальна коваріантність	11	0	2	0.5
355	Задача трьох тіл	103	0	8	4.0
356	Закон Ампера	303	1	29	8.0
357	Закон Архімеда	689	10	32	22.0
358	Закон Беца	23	0	4	1.0
359	Закон Бугера — Ламберта — Бера	103	0	11	3.0
360	Закон всесвітнього тяжіння	510	5	27	16.0
361	Закон Гука	354	1	24	11.0
362	Закон Ґейґера — Неттола	4	0	2	0.0
363	Закон Дальтона	37	0	4	1.0
364	Закон Дебая	8	0	2	0.0
365	Закон Джоуля — Ленца	401	3	48	10.0
366	Закон дисперсії	70	0	11	1.0
367	Закон Дюлонга — Пті	32	0	5	1.0
368	Закон збереження енергії	581	9	31	17.5
369	Закон збереження імпульсу	209	0	14	6.0
370	Закон збереження маси	223	2	24	6.0
371	Закон Мозлі	22	0	10	0.0
372	Закон рівнорозподілу	12	0	2	0.0
373	Закон Снеліуса	41	0	4	1.0
374	Закони термодинаміки	248	1	15	7.0
375	Закони Фіка	97	0	14	2.5
376	Залишкова намагніченість	15	0	3	0.0
377	Залізний пік	7	0	2	0.0
378	Заломлення	182	0	12	5.0
379	Замерзання	21	0	4	1.0
380	Запізнення	17	0	3	1.0
381	Заряджена частинка	49	0	4	2.0
382	Заряджений струм	1	0	1	0.0
383	Зарядове спряження	3	0	1	0.0
384	Збіднений уран	29	0	3	1.0
385	Зброя спрямованої енергії	23	0	4	1.0
386	Збуджений стан квантовомеханічної системи	31	0	4	1.0
387	Зведена маса	14	0	3	0.0
388	Зворотність	42	0	6	1.0
389	Звукова енергія	1	0	1	0.0
390	Звуковий удар	39	0	6	1.0
391	Згасаюча хвиля	1	0	1	0.0
392	Зминання	3	0	2	0.0
393	Змінний конденсатор	26	0	5	1.0
394	Змінний струм	1407	17	86	43.0
395	Змінні дія — кут	6	0	2	0.0
396	Золото	1139	22	51	35.0
397	Зона провідності	18	0	4	1.0
398	Зонне плавлення	5	0	2	0.0
399	Зоряний нуклеосинтез	11	0	2	0.0
400	Ізобари (ядерна фізика)	17	0	3	0.0
401	Ізовалентна домішка	2	0	1	0.0
402	Ізоентропійний процес	26	0	3	1.0
403	Ізолятор Мотта	5	0	1	0.5
404	Ізотермічний процес	215	1	17	6.0
405	Ізотопи	478	3	25	16.0
406	Ізотопічний спін	29	0	6	1.0
407	Ізотопна поширеність	10	0	3	0.0
408	Імплозія (фізика)	15	0	2	1.0
409	Імпульсна модуляція	36	0	6	1.0
410	Імпульсно-кодова модуляція	126	1	11	3.0
411	Інваріант (фізика)	15	0	3	0.0
412	Інваріанти електромагнітного поля	8	0	2	0.0
413	Інверсна заселеність	27	0	5	1.0
414	Індуктивність	383	3	21	11.0
415	Індукційний струм	45	0	5	1.0
416	Інерційна система відліку	115	0	8	3.0
417	Інерція	297	3	18	8.0
418	Інжекція носіїв заряду	9	0	2	0.0
419	Інженерно-фізичний факультет НТУУ «КПІ»	36	0	5	1.0
420	Інкремент наростання	1	0	1	0.0
421	Інтеграл вздовж траєкторій	63	0	8	2.0
422	Інтеграл перекриття	6	0	2	0.0
423	Інтенсивна величина	7	0	2	0.0
424	Інтеркомбінаційна конверсія	5	0	3	0.0
425	Інтерференція хвиль	195	2	15	5.0
426	Інтерферометр Майкельсона	21	0	3	1.0
427	Інтерферометр Фабрі-Перо	33	0	4	1.0
428	Інформаційна ентропія	242	2	25	7.0
429	Інфразвук	108	1	11	3.5
430	Інфразвукова зброя	55	0	7	1.0
431	Іон	503	6	22	17.0
432	Іонізаційна рівновага	9	0	3	0.5
433	Іоністор	88	0	8	3.0
434	Іонна пастка	4	0	1	0.0
435	Іонний звук	1	0	1	0.0
436	Іпсилон-мезон	8	0	2	0.0
437	Іскрова камера	3	0	1	0.0
438	Іскровий розряд	42	0	4	1.0
439	Історія механіки	14	0	2	1.0
440	Історія телескопа	21	0	4	1.0
441	Історія фізики	59	0	5	1.5
442	Йод-131	146	1	12	4.5
443	Йодид калію	209	1	15	6.0
444	Йонний кристал	11	0	3	0.0
445	Калібрувальна інваріантність	49	0	5	1.0
446	Калібрувальний бозон	33	0	3	1.0
447	Калорія	754	12	38	24.0
448	Камера Вільсона	148	1	11	4.5
449	Каналювання	0	0	0	0.0
450	Канонічне перетворення	10	0	2	1.0
451	Канонічний ансамбль (фізика)	4	0	2	0.0
452	Каони	19	0	2	1.0
453	Капілярний ефект	78	0	8	2.0
454	Каустика	33	0	4	1.0
455	Квадратурно-амплітудна модуляція	96	0	17	2.0
456	Квадратурно-фазова модуляція	5	0	1	0.0
457	Квадрупольний момент	12	0	3	0.0
458	Квазікласичне наближення	61	0	7	2.0
459	Квазікристал	11	0	2	0.0
460	Квазічастинка	26	0	5	1.0
461	Квант магнітного потоку	17	0	4	1.0
462	Квантова гравітація	75	0	6	2.0
463	Квантова декогеренція	39	0	5	1.0
464	Квантова дротина	9	0	2	0.0
465	Квантова інформація	31	0	4	1.0
466	Квантова криптографія	57	0	5	2.0
467	Квантова логіка	12	0	4	0.0
468	Квантова механіка	545	7	31	15.0
469	Квантова телепортація	100	0	7	3.0
470	Квантова точка	36	0	3	1.0
471	Квантова тривіальність	6	0	2	0.5
472	Квантова хімія	51	0	11	2.0
473	Квантова яма	26	0	5	1.0
474	Квантовий байєсіанізм	14	0	3	0.0
475	Квантовий вихід	22	0	5	1.0
476	Квантовий ефект	1	0	1	0.0
477	Квантовий ефект Холла	33	0	4	1.0
478	Квантовий комп'ютер	355	4	30	10.0
479	Квантовий перехід	25	0	3	1.0
480	Квантовий стан	83	0	6	2.0
481	Квантовий стрибок	77	0	5	3.0
482	Квантовий хаос	4	0	1	0.0
483	Квантування Дірака	0	0	0	0.0
484	Кварк	402	5	30	12.0
485	Кварконій	8	0	2	0.0
486	Кільця Ньютона	35	0	5	1.0
487	Кінематика	229	0	17	6.5
488	Кінетична енергія	445	4	31	14.0
489	Кінетична теорія	103	0	22	2.0
490	Кінетичне рівняння	11	0	4	1.0
491	Кінцевий ефект	129	1	10	4.0
492	Класична електродинаміка	131	1	10	3.5
493	Класична фізика	21	0	3	0.0
494	Кластер (фізика)	14	0	3	0.5
495	Клин (механіка)	62	0	7	2.0
496	Клістрон	35	0	4	1.0
497	Кліщі вимірювальні	31	0	5	1.0
498	КМОН	174	1	29	4.0
499	Когезія	69	0	7	2.0
500	Когерентність	351	4	21	11.0
501	Коефіцієнт дифузії	39	0	4	1.0
502	Коефіцієнт екстинкції	25	0	3	1.0
503	Коефіцієнт жорсткості	232	2	18	7.0
504	Коефіцієнт корисної дії	498	7	29	14.0
505	Коефіцієнт підсилення антени	60	0	9	1.0
506	Коефіцієнт рекомбінації	2	0	1	0.0
507	Коефіцієнт самодифузії	2	0	1	0.0
508	Коефіцієнт теплового розширення	90	0	8	3.0
509	Колайдер	136	2	10	4.0
510	Колапс хвильової функції	42	0	3	1.0
511	Коливальний контур	318	2	24	9.5
512	Коливання	369	3	35	10.0
513	Коліматор	89	0	7	2.5
514	Колірна температура	296	2	22	9.0
515	Кольоровий заряд	35	0	3	1.0
516	Комірка Вігнера — Зейтца	5	0	2	0.0
517	Компенсований напівпровідник	1	0	1	0.0
518	Комплекс з переносом заряду	7	0	2	0.0
519	Композити	358	2	38	10.0
520	Комптонівське розсіювання	118	0	9	3.0
521	Конденсація Бозе — Ейнштейна	84	0	7	2.0
522	Контактна різниця потенціалів	51	0	6	2.0
523	Конфайнмент	167	0	49	3.5
524	Копенгагенська інтерпретація	44	0	5	2.0
525	Кореляційна енергія	4	0	1	0.0
526	Коронний розряд	87	0	7	2.5
527	Космологічна сингулярність	79	0	6	2.5
528	Космологічна стала	37	0	5	1.0
529	Космологічний масштабний фактор	12	0	2	1.0
530	Котушка Гельмгольца	9	0	2	0.0
531	Кристалізація сплавів	25	0	4	1.0
532	Критерій Ліндеманна	1	0	1	0.0
533	Критична точка	59	0	7	2.0
534	Критичний тиск	15	0	4	0.0
535	Критичні індекси	4	0	2	0.0
536	Кріоелектронна мікроскопія	5	0	1	0.0
537	Кріолюмінесценція	3	0	1	0.0
538	Крутильні ваги	5	0	2	0.0
539	Ксі-баріон	11	0	1	0.0
540	Кубічний метр	2290	37	96	77.0
541	Кулон (одиниця)	188	2	14	6.0
542	Куперівська пара	20	0	3	0.5
543	Кут Брюстера	60	0	4	2.0
544	Кут змочування	32	0	6	1.0
545	Кутова модуляція	41	0	9	1.0
546	Кутова швидкість	277	1	20	7.0
547	Кутове прискорення	62	0	13	2.0
548	Лабораторна система	4	0	1	0.0
549	Лазер на вільних електронах	14	0	3	0.0
550	Лазерна абляція	20	0	2	1.0
551	Лазерний гіроскоп	24	0	4	1.0
552	Лазерний далекомір	44	0	8	1.0
553	Лампа біжної хвилі	27	0	5	1.0
554	Ланцюгова реакція	92	0	9	2.0
555	Ларморова частота	12	0	2	1.0
556	Лембів зсув	9	0	2	0.0
557	Лептон	265	3	20	8.0
558	Лептонний заряд	24	0	4	1.0
559	Ліквідус	30	0	4	1.0
560	Лінза	373	5	25	11.0
561	Лінійне середовище	3	0	1	0.0
562	Лінійчастий спектр	32	0	5	1.0
563	Лічильник Гейгера	238	2	13	7.0
564	Лічильник сцинтиляцій	21	0	4	1.0
565	Локалізація Андерсона	8	0	2	0.0
566	Локалізований плазмон	1	0	1	0.0
567	Локалізований стан	15	0	4	1.0
568	Лоренц-коваріантність	9	0	2	0.0
569	Лужна батарейка	152	1	12	5.0
570	Луна (акустичне явище)	82	0	8	2.5
571	Людвіг Валентин Лоренц	1	0	1	0.0
572	Люмінесценція	148	0	14	4.0
573	Лямбда-баріон	9	0	2	0.0
574	Лямбда-точка	2	0	1	0.0
575	М-теорія	45	0	6	1.0
576	Магічні числа	18	0	3	1.0
577	Магічні ядра	30	0	5	1.0
578	Магнетизм	150	1	11	4.0
579	Магнетон Бора	35	0	4	1.0
580	Магнетоопір	22	0	5	0.5
581	Магнетрон	690	1	115	14.0
582	Магній	682	12	36	21.0
583	Магнітна еквівалентність	0	0	0	0.0
584	Магнітна лінза	12	0	4	0.0
585	Магнітне динамо	3	0	2	0.0
586	Магнітне екранування ядра	3	0	2	0.0
587	Магнітне квантове число	34	0	9	1.0
588	Магнітне перез'єднання	6	0	1	0.0
589	Магнітний домен	13	0	2	0.0
590	Магнітний момент	123	0	19	3.0
591	Магнітний момент протона	1	0	1	0.0
592	Магнітний монополь	32	0	6	1.0
593	Магнітний перехід	1	0	1	0.0
594	Магнітний потік	195	0	16	5.0
595	Магнітний резонанс	40	0	5	1.0
596	Магнітогідродинаміка	22	0	5	0.5
597	Магніторушійна сила	23	0	6	1.0
598	Магнон	9	0	2	0.0
599	Майорон	7	0	1	0.0
600	Майстер-рівняння	0	0	0	0.0
601	Маса електрона	70	0	6	2.0
602	Масове число	140	0	10	4.0
603	Матеріал	185	1	28	4.5
604	Матеріальна точка	138	0	18	4.0
605	Матриці Дірака	7	0	1	0.0
606	Матриця густини	15	0	5	0.0
607	Матриця жорсткості	7	0	2	0.0
608	Матриця розсіяння	14	0	4	0.5
609	Матрична механіка	20	0	3	1.0
610	Маятник	115	0	8	3.5
611	Межа Чандрасекара	32	0	4	1.0
612	Мезони	70	0	6	2.0
613	Мезоскопічна фізика	8	0	3	0.0
614	Металічний водень	27	0	4	1.0
615	Металічний зв'язок	74	0	7	1.5
616	Метастабільний стан	25	0	6	1.0
617	Метод Гартрі — Фока	15	0	3	0.0
618	Метод матриць переходу	7	0	2	0.0
619	Метод Чохральського	41	0	13	1.0
620	Метрика простору-часу	41	0	5	1.0
621	Метрика Фрідмана-Леметра-Робертсона-Вокера	20	0	3	1.0
622	Метрика Шварцшильда	53	0	5	2.0
623	Механізм Хіггса	48	0	24	1.0
624	Механічна рівновага	45	0	5	1.0
625	Міжатомна взаємодія	22	0	4	1.0
626	Міжнародний експериментальний термоядерний реактор	844	2	211	10.0
627	Мікроскопічний масштаб	7	0	3	0.0
628	Міліметрові хвилі	35	0	4	1.0
629	Мільйонна частка	368	1	23	11.5
630	Модель Габбарда	5	0	1	0.0
631	Модель Гарячого Всесвіту	7	0	2	0.0
632	Модель желе	11	0	5	0.0
633	Модель Ізінга	19	0	4	1.0
634	Модифікована ньютонівська динаміка	7	0	2	0.0
635	Модулі пружності	20	0	3	1.0
636	Модулометр	0	0	0	0.0
637	Модуль зсуву	48	0	7	1.0
638	Модуль Юнга	337	2	19	10.0
639	Модуляція (фізика)	203	1	22	5.5
640	Модуляція добротності	1	0	1	0.0
641	Молекула	768	12	40	23.5
642	Молекулярна динаміка	17	0	2	1.0
643	Молекулярна орбіталь	16	0	3	0.5
644	Молекулярна рефракція	2	0	1	0.0
645	Молекулярні кристали	8	0	2	0.0
646	Молекулярно-променева епітаксія	11	0	3	0.0
647	Момент сили	424	1	53	11.5
648	Монохроматична плоска хвиля	67	0	9	2.0
649	Монохроматор	15	0	2	0.0
650	Монохромія	138	1	15	4.0
651	Мультиплетність	11	0	4	1.0
652	Мультипольний момент	8	0	2	1.0
653	Мюон	89	0	7	3.0
654	Мюоній	10	0	1	1.0
655	Наближення ефективного середовища	1	0	1	0.0
656	Наближення сильного зв'язку	13	0	5	0.0
657	Нагніт лазера	5	0	2	0.0
658	Надвипромінювання Діке	6	0	4	0.0
659	Надґратка	3	0	1	0.0
660	Надкритична рідина	13	0	2	1.0
661	Надплинність	62	0	6	2.0
662	Надпорогова іонізація	0	0	0	0.0
663	Надтверді матеріали	19	0	4	1.0
664	Нанодротини	5	0	2	0.0
665	Наноелектромеханічні системи	18	0	4	0.0
666	Наноіоніка	3	0	1	0.0
667	Нанооболонка	5	0	2	0.0
668	Наноскопічний масштаб	1	0	1	0.0
669	Нанотехнології	478	4	27	15.0
670	Наночастинка	94	0	7	3.0
671	Напівметал (спінтроніка)	4	0	1	0.0
672	Напівпровідник	568	3	45	16.5
673	Напівпровідник p-типу	58	0	6	2.0
674	Напівтінь	36	0	9	1.0
675	Напруженість магнітного поля	204	2	19	6.0
676	Напруження	239	1	23	5.0
677	Народження пар	28	0	3	1.0
678	Насичена пара	143	0	12	4.0
679	Нат (одиниця вимірювання)	17	0	3	1.0
680	Наукова містифікація	8	0	2	0.0
681	Небо	236	1	14	7.0
682	Нейтраліно	22	0	5	1.0
683	Нейтральна частинка	15	0	4	0.0
684	Нейтрино	290	3	18	9.0
685	Нейтрон	417	6	24	12.0
686	Нейтронно-адсорбційний аналіз	2	0	1	0.0
687	Нелінійна система	43	0	4	1.0
688	Нематик	7	0	2	0.0
689	Ненасичена пара	26	0	4	1.0
690	Непрямий екситон	2	0	1	0.0
691	Нерозв'язані проблеми фізики	77	0	7	2.5
692	Нормальний порядок	3	0	1	0.0
693	Нормальні коливання	26	0	4	1.0
694	Нормальні умови	201	0	15	6.0
695	Носії заряду	171	1	14	4.5
696	Нотація бра-кет	27	0	5	1.0
697	Нуклеація	12	0	2	0.5
698	Нуклеосинтез	37	0	4	1.0
699	Нуклід	193	2	12	6.0
700	Нуклон	103	0	10	3.0
701	Нульовий звук	3	0	1	0.0
702	Нульовий стан квантової системи	9	0	3	0.0
703	Нульові коливання	71	0	8	2.0
704	Об'єднана теорія поля	24	0	2	1.0
705	Об'єднаний інститут ядерних досліджень	26	0	4	1.0
706	Обернений простір	6	0	3	0.0
707	Обернений сантиметр	22	0	7	0.0
708	Обертання	97	0	7	3.0
709	Обійдені ядра	6	0	1	0.0
710	Область збіднення	9	0	1	0.5
711	Обмінна взаємодія	11	0	3	0.0
712	Оболонкова модель ядра	21	0	5	0.5
713	Обчислювальна гідродинаміка для зміни фази матеріалів	5	0	1	1.0
714	Обчислювальна механіка	1	0	1	0.0
715	Обчислювальна фізика	21	0	4	1.0
716	Одноатомний газ	8	0	1	0.0
717	Одноелектронне наближення	18	0	6	1.0
718	Оже-рекомбінація	6	0	1	0.0
719	Оже-спектроскопія	9	0	2	0.0
720	Омега-баріон	12	0	3	0.0
721	Омега-мезон	8	0	1	0.5
722	Омічний контакт	12	0	3	0.5
723	Ондулятор	4	0	1	0.0
724	Оперативний запас реактивності	37	0	5	1.0
725	Оператор еволюції	2	0	1	0.0
726	Оператор числа частинок	2	0	1	0.0
727	Оператори народження та знищення	12	0	2	0.0
728	Операція молекулярної машини	1	0	1	0.0
729	Опорний сигнал	25	0	4	1.0
730	Опромінення	175	1	15	5.0
731	Оптика тонких плівок	3	0	1	0.0
732	Оптична активність	17	0	4	0.0
733	Оптична вісь	18	0	2	1.0
734	Оптична вісь кристалу	5	0	2	0.0
735	Оптична густина	82	0	15	2.0
736	Оптична сила	76	1	7	2.0
737	Оптична теорема	4	0	1	0.0
738	Оптичне випромінювання	124	0	19	3.0
739	Оптичний параметричний осцилятор	3	0	1	0.0
740	Оптичний стіл	4	0	2	0.0
741	Оптичний телескоп	14	0	3	0.0
742	Оптичний фонон	1	0	1	0.0
743	Оптично активні речовини	10	0	2	0.0
744	Оптоволокно	661	7	94	18.5
745	Орбітальне квантове число	41	0	9	1.0
746	Орбітон	2	0	1	0.0
747	Органічний світлодіод	207	1	11	6.0
748	Органічні напівпровідники	11	0	2	0.0
749	Освітленість	237	0	14	7.0
750	Основна фізична величина	56	0	6	2.0
751	Осцилятор Лоренца	3	0	1	0.0
752	Осциляції нейтрино	16	0	2	1.0
753	Осциляції Рабі	3	0	1	0.0
754	Осциляції Шубнікова — де Гааза	1	0	1	0.0
755	П'єзоелектрики	30	0	4	1.0
756	П'єзоефект	83	0	7	2.0
757	Пара	152	0	11	5.0
758	Парадокс близнят	78	0	11	2.0
759	Парадокс Еренфеста	17	0	3	0.5
760	Парадокс субмарини	21	0	3	0.0
761	Парамагнетики	104	0	11	4.0
762	Пасивна радіолокація	49	0	10	1.0
763	Пентакварк	25	0	7	1.0
764	Перетворення Гільберта	10	0	2	0.0
765	Перехресна ентропія	28	0	3	1.0
766	Період напіврозпаду	486	7	25	15.0
767	Питомий імпульс	23	0	4	1.0
768	Питомий коефіцієнт поглинання електромагнітної енергії	44	0	5	1.0
769	Піони	79	0	11	2.0
770	Плазмон	17	0	3	0.0
771	Плутоній-239	212	1	14	6.0
772	Повне внутрішнє відбиття	135	0	23	3.0
773	Позитрон	173	1	12	5.0
774	Позитроній	25	0	3	1.0
775	Поляритон	11	0	5	0.0
776	Полярон	14	0	2	0.0
777	Померон	9	0	2	0.0
778	Попов Олександр Степанович	216	1	15	6.5
779	Посудина Дьюара	85	0	8	2.0
780	Поширення радіохвиль	149	1	11	4.5
781	Припустиме затухання	0	0	0	0.0
782	Проект Y	18	0	3	1.0
783	Протон	618	11	40	19.0
784	Радар	370	3	23	12.0
785	Радар із синтезованою апертурою	33	0	4	1.0
786	Радіаційна аварія	219	2	12	7.0
787	Радіоелектронна протидія	40	0	6	1.0
788	Радіозв'язок	212	0	14	6.5
789	Радіолокаційні перешкоди	28	0	3	1.0
790	Радіофотонна РЛС	15	0	3	1.0
791	Реактивний рух	119	0	14	3.0
792	Рейкотрон	66	0	6	2.0
793	Рівняння Греда — Шафранова	3	0	1	0.0
794	Рідкі кристали	168	1	15	5.0
795	Ро-мезон	13	0	2	1.0
796	Розходження Кульбака — Лейблера	23	0	3	1.0
797	Ротон	12	0	3	0.0
798	Рутеній	189	1	22	5.0
799	Світлодіод	405	4	23	11.5
800	Сигма-баріон	8	0	1	0.0
801	Сигма-дельта-модуляція	40	0	5	1.0
802	Сила Лоренца	311	2	28	9.0
803	Спектральна ефективність	21	0	3	1.0
804	Спектрофотометр	77	0	6	2.0
805	Список позначень у фізиці	829	12	60	25.0
806	Спільна ентропія	9	0	2	0.0
807	Сплутані квантові стани	229	1	27	5.0
808	Стандартний стан	92	0	8	2.5
809	Статистичний шум	2	0	1	0.0
810	Стерильне нейтрино	13	0	3	1.0
811	Супергетеродинний радіоприймач	62	0	8	1.0
812	Суперсиметрія	130	1	8	4.0
813	Супутниковий зв'язок	143	1	10	4.0
814	Сферміон	6	0	1	0.0
815	Тау-лептон	35	0	5	1.0
816	Тахіони	135	0	8	4.5
817	Телур	138	0	21	4.0
818	Теорія де Бройля — Бома	22	0	3	0.0
819	Теплобачення	27	0	3	1.0
820	Термоядерна енергія	287	1	38	6.5
821	Тета-мезон	1	0	1	0.0
822	Тетракварк	10	0	4	0.0
823	Томаш Станецький	1	0	1	0.0
824	Торій	164	1	10	4.5
825	Траєкторія	192	1	13	5.5
826	Тритій	416	3	38	13.0
827	Тріон	6	0	1	0.0
828	Уран-235	703	6	37	20.5
829	Фазова модуляція	76	0	6	2.0
830	Фазована антенна решітка	78	0	7	2.5
831	Ферміон	152	0	10	5.0
832	Фі-мезон	8	0	2	0.0
833	Фізика	878	15	36	27.0
834	Фізика низьких температур (журнал)	14	0	4	1.0
835	Фонон	64	0	8	2.0
836	Формула Койде	5	0	1	0.0
837	Фотон	640	8	36	20.0
838	Фундаментальна частинка	62	0	12	2.0
839	Функція розподілу (статистична фізика)	4	0	1	0.0
840	Хронологія квантових обчислень	17	0	6	0.0
841	Циклотронна маса	4	0	3	0.0
842	Частотна модуляція	250	1	16	7.0
843	Черенковське випромінювання	340	5	26	10.0
844	Число Авогадро	487	4	87	11.0
845	Число Маха	517	7	46	15.0
846	Шипіння (ядерна зброя)	7	0	1	0.0
847	Шлях (фізика)	147	1	12	4.0
848	Ядерна енергетика	323	5	17	10.0
849	Ядерне випробування	965	1	723	5.0
850	Ядерний вибух	360	6	30	9.0
851	Ядро атома	429	5	24	13.0
852	B-кварк	15	0	2	0.0
853	B-мезон	11	0	2	0.0
854	BeamForming	54	0	7	1.0
855	C-кварк	12	0	2	0.0
856	CERN	359	3	19	10.5
857	D-кварк	34	0	3	1.0
858	D-мезон	9	0	2	0.0
859	J/ψ-мезон	9	0	2	0.0
860	Ku-діапазон	49	0	4	2.0
861	S-кварк	11	0	2	0.0
862	T-кварк	18	0	3	0.0
863	T-мезон	9	0	2	1.0
864	U-кварк	41	0	6	1.0
865	W- і Z-бозони	30	0	4	1.0
866	Wendelstein 7-X	20	0	3	1.0
867	X та Y бозони	16	0	3	0.0
