1	*-алгебра	12	0	1	1.0
2	0 (число)	936	8	77	30.0
3	0,(9)	83	0	14	2.0
4	1 (число)	359	1	24	11.0
5	2 (число)	240	2	28	6.0
6	3-сфера	11	0	2	1.0
7	4-вектор	49	0	6	1.0
8	6 (число)	163	0	13	5.0
9	Абак (рахівниця)	906	4	65	28.0
10	Абелева група	92	0	10	3.0
11	Абсолютна похибка вимірювання	4921	6	361	130.0
12	Абстрактна алгебра	94	0	8	3.0
13	Абстракція	2082	16	107	67.0
14	Азартна гра (теорія ігор)	3	0	1	0.0
15	Аксіома	2987	26	179	100.0
16	Аксіома вибору	79	0	6	2.0
17	Аксіома паралельності Евкліда	232	0	33	5.0
18	Аксіоматика Гільберта	101	1	11	2.0
19	Аксіоми Пеано	153	0	19	4.0
20	Актуарій	155	0	13	5.0
21	Актуарна математика	158	0	13	5.0
22	Алан Тюрінг	1493	23	76	53.0
23	Алгебра	2072	11	224	51.0
24	Алгебра Кліфорда	20	0	3	1.0
25	Алгебра Лі	38	0	5	1.0
26	Алгебра логіки	655	4	38	19.0
27	Алгебраїчне числове поле	8	0	2	0.0
28	Алгебраїчні числа	186	0	23	5.0
29	Алгебрична геометрія	60	0	5	2.0
30	Алгебрична топологія	11	0	1	0.5
31	Алгебричний многовид	13	0	2	0.0
32	Алгебрично замкнуте поле	16	0	2	1.0
33	Алгоритм	4408	42	232	148.0
34	Алгоритм Евкліда	1471	7	105	41.0
35	Алгоритм імітації відпалу	39	0	5	1.0
36	Александр Гротендік	18	0	3	1.0
37	Аль-Хорезмі	296	1	27	8.0
38	Альберт Ейнштейн	9471	53	540	299.0
39	Альфред Грей	3	0	1	0.0
40	Альфред Тарський	20	0	4	0.5
41	Американське математичне товариство	21	0	3	1.0
42	Аналітична геометрія	335	3	30	9.0
43	Аналітична теорія чисел	6	0	2	0.0
44	Аналітична функція	156	0	16	4.0
45	Аналогова обчислювальна машина	202	0	14	6.0
46	Андре Вейль	16	0	3	1.0
47	Анрі Леон Лебег	22	0	3	1.0
48	Анрі Пуанкаре	210	1	18	6.0
49	Антіфонт	15	0	6	1.0
50	Аполлоній Перзький	47	0	7	1.0
51	Апостеріорна ймовірність	65	0	8	1.5
52	Арифметика	416	3	26	13.0
53	Арифметична функція	62	0	14	2.0
54	Арістотель	17287	42	980	572.0
55	Арність	46	0	5	1.0
56	Арнольд Володимир Ігорович	44	0	6	1.0
57	Артур Кейлі	15	0	3	1.0
58	Архімед	5738	23	721	133.0
59	Асимптота	273	1	30	9.0
60	Асоціативність	448	4	29	14.0
61	Атлас (математика)	7	0	2	0.0
62	Атле Сельберг	4	0	1	0.0
63	Атрактор	159	1	14	4.0
64	Аттична система числення	36	0	4	1.0
65	Афінна геометрія	36	0	7	1.0
66	Багатократний інтеграл	86	0	6	3.0
67	Багатокритеріальна оптимізація	84	0	10	3.0
68	Баєсів інформаційний критерій	23	0	4	1.0
69	Баєсова ймовірність	55	0	7	1.5
70	Баєсова лінійна регресія	38	0	6	1.0
71	Баєсова мережа	171	0	21	4.0
72	Баєсова оцінка	40	0	3	1.0
73	Баєсове виведення	67	0	7	1.5
74	Банахів простір	88	0	9	3.0
75	Банахова алгебра	14	0	3	1.0
76	Басейн притягання	2	0	1	0.0
77	Безвиграшна ситуація	30	0	4	1.0
78	Безкоаліційна гра	3	0	1	0.0
79	Безмасштабна мережа	17	0	7	0.0
80	Бенуа Мандельброт	85	0	9	3.0
81	Бернгард Ріман	52	0	5	2.0
82	Бертран Расселл	376	4	21	12.0
83	Бета-функція	53	0	5	2.0
84	Бієкція	512	4	36	15.0
85	Білінійне відображення	10	0	2	0.0
86	Бінарна класифікація	40	0	5	2.0
87	Бінарна операція	351	2	29	10.0
88	Біном Ньютона	1061	7	89	32.0
89	Біноміальний коефіцієнт	235	0	15	8.0
90	Біноміальний розподіл	235	0	14	8.0
91	Блез Паскаль	1496	12	104	46.0
92	Броунівське дерево	15	0	3	1.0
93	Броунівський рух	3786	13	293	101.0
94	Булеан	631	3	39	20.0
95	Булева алгебра (структура)	174	0	15	5.0
96	Булева функція	671	4	40	20.0
97	Буняковський Віктор Якович	74	0	11	2.0
98	Варіаційне числення	92	0	8	3.0
99	Вейвлет	84	0	8	2.0
100	Вектор (математика)	1134	10	82	34.0
101	Векторне поле	103	0	9	3.0
102	Векторне числення	29	0	3	1.0
103	Векторний простір	297	1	23	10.0
104	Велика теорема Ферма	680	7	45	20.0
105	Верхня і нижня границі	116	0	17	3.0
106	Взаємна інформація	88	0	9	3.0
107	Взаємно прості числа	5188	3	498	103.0
108	Вибірка	1077	6	94	30.0
109	Визначник	3127	14	206	82.0
110	Виключна диз'юнкція	836	5	60	26.0
111	Вимірна функція	33	0	6	1.0
112	Випадкова величина	561	3	33	20.0
113	Випадкова подія	345	2	24	11.0
114	Випадкове блукання	37	0	4	1.0
115	Випадковий процес	203	0	42	5.0
116	Випадковий процес з довгою пам'яттю	3	0	2	0.0
117	Випадкові числа	41	0	4	1.0
118	Вироджений розподіл	28	0	5	1.0
119	Висковатов Василь Іванович	6	0	4	0.0
120	Висота (величина)	3	0	1	0.0
121	Від'ємне число	628	2	41	19.0
122	Відкрита множина	151	0	20	5.0
123	Відкриті математичні питання	160	1	16	4.0
124	Віднімання	1342	11	81	49.0
125	Відношення	461	3	46	14.0
126	Відношення еквівалентності	383	1	30	11.0
127	Відношення порядку	178	1	14	5.0
128	Відособлений розподіл	13	0	2	1.0
129	Відсоток	1344	11	93	38.0
130	Відстань	1523	10	88	49.0
131	Вільна група	3	0	1	0.0
132	Вільний параметр	0	0	0	0.0
133	Вільні і зв'язані змінні	53	0	5	2.0
134	Вільям Ровен Гамільтон	77	0	15	2.0
135	Вільям Терстон	9	0	3	0.0
136	Вісімкова система числення	906	4	53	31.0
137	Вісь	456	3	36	13.0
138	Вкладення Сегре	2	0	1	0.0
139	Власні вектори та власні числа	260	0	31	7.0
140	Внутрішня точка	77	0	9	3.0
141	Гамма-розподіл	101	0	13	2.0
142	Гамма-функція	191	1	16	6.5
143	Гармонічна функція	42	0	7	1.0
144	Гармонічний аналіз	25	0	3	1.0
145	Гаусові числа	109	0	11	2.0
146	Гельфанд Ізраїль Мойсейович	28	0	3	1.0
147	Генератор псевдовипадкових чисел	221	0	21	6.0
148	Генератриса	50	0	4	2.0
149	Генерація випадкових чисел	140	1	9	4.0
150	Геодезична лінія	94	0	9	2.0
151	Геометрична прогресія	1322	12	89	40.0
152	Геометричний броунівський рух	16	0	3	1.0
153	Геометрія	2292	24	236	53.0
154	Геометрія Лобачевського	288	1	24	8.0
155	Георг Кантор	82	0	7	3.0
156	Герман Вейль	27	0	4	1.0
157	Гідроаеромеханіка	79	0	9	2.0
158	Гідромеханіка	76	0	6	2.0
159	Гійом де Лопіталь	11	0	2	0.0
160	Гільбертів простір	147	0	10	4.0
161	Гіпербола (математика)	966	10	56	31.0
162	Гіпергеометричний розподіл	44	0	10	1.0
163	Гіперграф	12	0	3	0.0
164	Гіперповерхня	19	0	2	1.0
165	Гіпотеза Гольдбаха	56	0	4	2.0
166	Гіпотеза Пуанкаре	508	4	32	16.0
167	Гіпотеза Рімана	182	1	12	5.0
168	Гістограма	529	1	41	16.0
169	Голоморфна функція	58	0	6	1.0
170	Гомеоморфізм	34	0	4	1.0
171	Гомологічна алгебра	16	0	4	0.0
172	Гомоморфізм	95	0	7	3.0
173	Гомоморфізм груп	24	0	5	1.0
174	Гомоморфне шифрування	22	0	4	1.0
175	Гомотопія	21	0	3	1.0
176	Готлоб Фреге	73	0	9	2.0
177	Готфрід Вільгельм Ляйбніц	798	8	59	24.0
178	Гра без побічних платежів	2	0	1	0.0
179	Градієнтний спуск	179	1	16	5.0
180	Градієнтні методи	53	0	6	2.0
181	Границя	575	6	34	19.0
182	Границя функції в точці	529	2	31	18.0
183	Границя числової послідовності	589	4	40	15.0
184	Граф (математика)	591	7	33	17.0
185	Група (математика)	256	0	30	7.0
186	Група Галуа	17	0	4	1.0
187	Група Лі	54	0	8	2.0
188	Густина імовірності	321	0	55	7.0
189	Ґратка (порядок)	73	0	6	2.0
190	Давид Гільберт	218	0	18	6.0
191	Дванадцяткова система числення	121	0	11	3.0
192	Девід Мамфорд	17	0	4	0.0
193	Декартів добуток множин	1381	6	94	46.0
194	Декартова система координат	1584	11	106	46.0
195	Дельта-метод	21	0	3	1.0
196	Дельта-функція Дірака	154	0	19	4.0
197	Дерево (теорія графів)	281	2	20	8.0
198	Джеймс Клерк Максвелл	1021	9	148	20.0
199	Джон Конвей	24	0	3	1.0
200	Джон Мілнор	10	0	2	0.0
201	Джон фон Нейман	831	3	73	26.0
202	Джон Форбс Неш	704	2	34	24.0
203	Джордж Буль	146	0	17	4.0
204	Джуліо Асколі	1	0	1	0.0
205	Дзета-функція Рімана	94	0	11	3.0
206	Диз'юнкт Горна	15	0	3	1.0
207	Динамічна гра	9	0	2	0.0
208	Динамічна система	256	2	18	8.0
209	Дискретна група	5	0	2	0.0
210	Дискретна математика	1846	17	201	41.0
211	Дискретний логарифм	27	0	4	1.0
212	Дискримінант	814	7	70	25.0
213	Дисперсійний аналіз	257	0	18	8.0
214	Дисперсія випадкової величини	1670	18	109	49.0
215	Дистрибутивність	434	1	39	13.0
216	Дифеоморфізм	14	0	2	1.0
217	Диференціальна геометрія	73	0	6	2.0
218	Диференціальне рівняння з частинними похідними	303	2	22	9.0
219	Диференціальне та інтегральне числення	199	2	15	6.0
220	Диференціальне числення	232	1	18	7.0
221	Диференціальні рівняння	1698	8	122	52.0
222	Диференційовний многовид	23	0	5	1.0
223	Дійсне число	5338	35	338	169.0
224	Дійснозначна функція	17	0	3	1.0
225	Ділення	1067	10	68	34.0
226	Діофантові рівняння	383	2	23	12.0
227	Дія (фізика)	75	0	9	2.0
228	Добуток	4248	20	249	142.0
229	Довга арифметика	81	0	5	3.0
230	Доведення	264	1	28	7.0
231	Доведення з нульовим пізнанням	28	0	4	1.0
232	Довжина	2366	14	138	82.0
233	Довжина кривої	49	0	6	1.0
234	Довірчий інтервал	696	1	55	19.0
235	Додавання	1203	11	166	34.0
236	Дональд Кнут	205	0	39	5.0
237	Допустимий розв'язок	20	0	5	1.0
238	Досконале число	408	5	55	10.0
239	Дослідження операцій	328	3	32	8.0
240	Дотична	301	1	32	8.0
241	Дотичний простір	13	0	2	1.0
242	Дріб	5233	64	281	175.0
243	Дрінфельд Володимир Гершонович	30	0	4	1.0
244	Друга похідна	141	0	17	4.0
245	Еварист Галуа	104	0	9	3.0
246	Евклід	947	8	111	20.0
247	Евклідів простір	290	2	19	9.0
248	Евклідова геометрія	468	7	26	15.0
249	Едвард Віттен	28	0	3	1.0
250	Експоненційний розподіл	285	1	19	8.0
251	Ексцентриситет	451	1	38	12.0
252	Елементарна математика	68	0	10	2.0
253	Елі Жозеф Картан	7	0	1	0.0
254	Еліпс	898	10	62	26.0
255	Еліптична крива	74	0	10	2.0
256	Еліптична криптографія	118	1	11	3.0
257	Еліптична функція	10	0	2	0.0
258	Еммі Нетер	202	0	20	5.0
259	Емпірична функція розподілу	117	0	20	3.0
260	Ентропійна швидкість	31	0	4	1.0
261	Ентропія	2927	50	140	94.0
262	Ератосфен	5615	18	435	147.0
263	Ергодичний розподіл	4	0	1	0.0
264	Ермітова форма	6	0	2	0.0
265	Ефект метелика (математика)	473	2	28	14.0
266	Жак Соломон Адамар	11	0	2	0.0
267	Жан-П'єр Серр	10	0	2	0.0
268	Житомирська Світлана Яківна	11	0	2	1.0
269	Життя (гра)	186	1	19	5.0
270	Жозеф-Луї Лагранж	129	0	10	3.5
271	Жорданова нормальна форма	47	0	5	1.0
272	Загальна лінійна група	23	0	3	1.0
273	Загальна теорія відносності	753	9	47	23.0
274	Загальна топологія	22	0	4	1.0
275	Задання групи	16	0	4	0.0
276	Задача безумовної оптимізації	43	0	9	1.0
277	Задача дробово-лінійного програмування	12	0	5	0.0
278	Задача математичного програмування	52	0	9	2.0
279	Задача оптимізації	163	1	16	5.0
280	Задача опуклого програмування	35	0	6	1.5
281	Задача про пакування в ємності	18	0	5	0.0
282	Задача розв'язності	17	0	4	1.0
283	Задача умовної оптимізації	26	0	5	2.0
284	Закон великих чисел	328	3	27	11.0
285	Закон виключеного третього	407	2	33	11.5
286	Закони Кеплера	1417	3	120	28.0
287	Закони Ланчестера	12	0	5	0.0
288	Закони Ньютона	8112	42	513	278.0
289	Замикання (математика)	66	0	8	2.0
290	Заперечення	442	2	31	14.0
291	Зв'язність (диференціальна геометрія)	6	0	1	0.0
292	Звичайні диференціальні рівняння	147	0	19	4.0
293	Згортка (математичний аналіз)	186	1	27	4.0
294	Зірочка Кліні	11	0	2	0.0
295	Зліченна множина	433	1	34	12.0
296	Знак рівності	557	7	35	19.0
297	Зовнішня алгебра	15	0	2	1.0
298	Зовнішня похідна	14	0	3	0.0
299	Золота спіраль	128	0	9	4.0
300	Золотий перетин	2317	46	125	72.0
301	Ізометрія (математика)	46	0	5	1.0
302	Ізоморфізм	211	1	22	5.0
303	Ізоморфізм груп	33	0	7	1.0
304	Імовірнісна логіка	8	0	2	0.5
305	Імовірність	979	12	67	31.0
306	Імпульс (механіка)	1396	3	100	41.0
307	Індекс контура відносно точки	2	0	1	0.0
308	Індо-арабська система числення	793	7	59	19.0
309	Інтеграл	2212	33	142	63.0
310	Інтеграл Лебега	67	0	6	1.0
311	Інтегральна теорема Коші	71	0	6	2.0
312	Інтегральна формула Коші	48	0	6	2.0
313	Інтегральне правило Лейбніца	10	0	2	1.0
314	Інтегральне рівняння	41	0	4	2.0
315	Інтервал (математика)	259	0	25	9.0
316	Інтерполяція	580	3	43	16.0
317	Інформаційна ентропія	826	4	59	25.0
318	Інформаційний критерій Акаіке	44	0	5	1.0
319	Інформація	13678	30	840	494.0
320	Ірвінг Рід	8	0	4	0.0
321	Ірраціональні числа	2102	22	167	57.0
322	Ісаак Ньютон	6906	36	380	234.0
323	Історія геометрії	1010	2	226	11.0
324	Історія математики	1195	11	78	34.0
325	Історія математичних позначень	176	1	37	5.0
326	Істотний многовид	2	0	1	0.0
327	Ймовірнісний простір	85	0	6	3.0
328	Йоганн Кеплер	923	3	54	33.0
329	Калібрувальна інваріантність	49	0	5	2.0
330	Канонічна кореляція	29	0	4	1.0
331	Карл Вейєрштрасс	25	0	5	1.0
332	Карл Фрідріх Гаусс	423	5	31	12.0
333	Категорійна змінна	100	1	8	4.0
334	Категорійний розподіл	13	0	2	1.0
335	Квадрат	1606	13	89	51.0
336	Квадратична форма	68	0	6	2.0
337	Квадратичний закон взаємності	12	0	2	1.0
338	Квадратне рівняння	3115	24	287	87.0
339	Квадратний корінь	1766	20	100	58.0
340	Квантова електродинаміка	98	0	10	2.0
341	Квантова криптографія	57	0	6	1.0
342	Квантова логіка	17	0	2	1.0
343	Квантова механіка	998	12	59	33.0
344	Квантова хромодинаміка	51	0	6	1.0
345	Квартет Анскомбе	17	0	5	0.0
346	Китайська теорема про остачі	84	0	12	2.0
347	Кільце (алгебра)	175	0	16	5.0
348	Кільце многочленів	25	0	10	0.0
349	Кільцевий підпис	5	0	1	0.0
350	Кінематика	2613	6	160	85.0
351	Кінетична енергія	3945	18	294	112.0
352	Клавдій Птолемей	4724	4	426	116.0
353	Клас еквівалентності	161	0	18	3.0
354	Клас складності NP	54	0	4	2.0
355	Клас складності P	57	0	6	2.0
356	Клас складності PSPACE	11	0	4	0.0
357	Класична механіка	1212	3	89	39.0
358	Кластеризація методом к–середніх	276	1	27	8.0
359	Коваріація	257	2	21	8.0
360	Коефіцієнт Баєса	16	0	3	0.0
361	Коефіцієнт Жаккара	53	0	7	2.0
362	Колмогоров Андрій Миколайович	115	1	9	3.0
363	Коло	2041	17	159	57.0
364	Комбінаторика	883	5	59	29.0
365	Комбінаторна оптимізація	41	0	6	1.0
366	Комбінація (комбінаторика)	594	6	32	19.0
367	Компактний простір	80	0	8	3.0
368	Комплексна площина	115	1	14	3.0
369	Комплексне число	2027	24	133	61.0
370	Комплексний аналіз	169	1	11	5.0
371	Композиція функцій	174	1	16	5.0
372	Компонента зв'язності графа	56	0	12	2.0
373	Комутативна алгебра	19	0	4	0.0
374	Комутативне кільце	43	0	9	1.0
375	Комутативність	663	4	49	16.0
376	Кон'юнкція	851	1	47	29.0
377	Конкатенація	188	1	18	5.0
378	Континуум-гіпотеза	108	0	21	3.0
379	Контрапозиція	36	0	5	1.0
380	Кооперативна гра (теорія ігор)	16	0	7	0.0
381	Кореляція і залежність	851	8	50	28.0
382	Кортеж (інформатика)	187	1	19	6.0
383	Крайова задача	28	0	4	1.0
384	Крива	271	1	35	8.0
385	Кривина (математика)	81	0	8	2.0
386	Криві другого порядку	212	2	16	6.0
387	Криза основ математики	30	0	7	0.0
388	Криптоаналіз	240	1	26	6.0
389	Криптографічна геш-функція	108	0	9	3.0
390	Криптографічно стійкий генератор псевдовипадкових чисел	31	0	4	1.0
391	Криптографія	1200	13	96	36.0
392	Критерій Фішера	505	2	49	13.0
393	Критична точка (математика)	105	0	7	3.0
394	Куб	1452	7	86	51.0
395	Куля (геометрія)	8	0	2	0.0
396	Курт Гедель	105	0	19	3.0
397	Кут	2589	10	156	75.0
398	Кутова швидкість	3077	7	380	68.0
399	Кутовий коефіцієнт	658	4	38	21.0
400	Лагранжіан	81	0	10	2.0
401	Лазар Карно	58	0	5	2.0
402	Ланцюги Маркова	110	0	7	4.0
403	Ланцюги Маркова з неперервним часом	5	0	1	0.0
404	Ланцюговий дріб	85	0	8	2.0
405	Лейтзен Егберт Ян Брауер	21	0	8	0.0
406	Лексель Андрій Іванович	8	0	4	0.0
407	Лема Гронуолла — Беллмана	2	0	1	0.0
408	Лема Цорна	11	0	2	0.0
409	Леонард Ейлер	459	5	38	13.0
410	Лінійна алгебра	431	2	60	11.0
411	Лінійна комбінація	224	0	21	7.0
412	Лінійна регресія	687	9	70	17.0
413	Лінійна функція	1019	4	84	25.0
414	Лінійне відображення	120	0	18	3.0
415	Лінійне програмування	540	1	43	15.0
416	Лінійне рівняння	1603	11	113	55.0
417	Лінія	284	2	22	7.0
418	Логарифм	2154	22	119	67.0
419	Логарифмічно угнута функція	5	0	2	0.0
420	Логіка	4108	35	239	130.0
421	Логіка в інформатиці	155	0	14	4.0
422	Логіка другого порядку	13	0	3	0.0
423	Логіка першого порядку	168	1	11	5.0
424	Логічний сполучник	154	1	16	4.0
425	Любич Михайло Юрійович	3	0	1	0.0
426	Ляпунов Олександр Михайлович	59	0	5	2.0
427	Майже періодична функція	13	0	3	1.0
428	Майкл Атія	21	0	3	0.5
429	Максимальний ідеал	7	0	2	0.0
430	Маргуліс Григорій Олександрович	13	0	2	1.0
431	Марковська властивість	18	0	3	1.0
432	Марковська модель	44	0	4	1.0
433	Марковський момент часу	0	0	0	0.0
434	Марковський процес	89	0	13	2.0
435	Марковський процес вирішування	21	0	3	1.0
436	Мартингал	23	0	3	1.0
437	Математик	362	4	22	12.0
438	Математика	3931	49	242	121.0
439	Математична індукція	999	5	81	30.0
440	Математична константа	106	0	9	3.0
441	Математична логіка	535	2	42	16.0
442	Математична статистика	462	5	30	13.0
443	Математична фізика	154	0	17	5.0
444	Математичне моделювання	702	5	52	19.0
445	Математичне сподівання	1287	12	80	38.0
446	Математичний аналіз	1046	11	102	25.0
447	Матриця (математика)	5358	34	539	131.0
448	Матриця суміжності	199	0	24	5.0
449	Машина Тюрінга	588	7	41	18.0
450	Медаль Філдса	85	0	8	2.0
451	Медіана (статистика)	1269	12	68	40.0
452	Мероморфна функція	31	0	4	1.0
453	Метаматематика	13	0	2	0.0
454	Метамова	137	1	16	4.0
455	Метод Гауса	1812	4	116	58.0
456	Метод Гауса — Жордана	394	1	28	12.0
457	Метод головних компонент	200	3	14	5.0
458	Метод групового урахування аргументів	96	0	15	2.5
459	Метод максимальної правдоподібності	93	0	8	2.5
460	Метод матриць переходу	5	0	1	0.0
461	Метод Монте-Карло	385	3	27	11.0
462	Метод невизначених множників	58	0	10	1.5
463	Метод Ньютона	278	0	27	9.0
464	Метод скінченних різниць	92	0	17	3.0
465	Метричний простір	265	0	30	7.5
466	Метричний тензор	34	0	4	1.0
467	Механіка Гамільтона	52	0	5	2.0
468	Мимобіжні прямі	1362	5	112	40.0
469	Міжнародна математична олімпіада	97	0	7	3.0
470	Мінімальна довжина повідомлення	3	0	1	0.0
471	Мінімізація булевих функцій за допомоги дужкових форм	34	1	4	1.0
472	Міра множини	95	0	9	2.5
473	Міра Хаара	3	0	1	0.0
474	Мішаний добуток	167	0	17	4.0
475	Многовид	77	0	6	3.0
476	Многогранник	1088	4	88	33.0
477	Многокутник	1803	2	205	52.0
478	Многочлен	916	13	67	23.0
479	Множення	968	8	105	31.0
480	Множина	6542	32	394	216.0
481	Мода (статистика)	633	3	60	17.0
482	Модель Барабаші — Альберт	5	0	2	0.0
483	Модель Блека — Шоулза	58	0	6	1.0
484	Модуль (математика)	2168	9	142	70.0
485	Модуль над кільцем	53	0	4	2.0
486	Модульна арифметика	285	2	24	8.0
487	Модулярна форма	15	0	3	1.0
488	Мультиіндекс	5	0	1	0.0
489	Мультимножина	24	0	3	1.0
490	Найбільше відоме просте число	378	5	23	11.0
491	Найбільший спільний дільник	2059	7	145	57.0
492	Найменше спільне кратне	2692	12	204	77.0
493	Накриття (топологія)	7	0	1	0.0
494	Напівмартингал	3	0	1	0.0
495	Нат (одиниця вимірювання)	38	0	5	1.0
496	Натуральні числа	14461	60	1079	493.0
497	Начала Евкліда	149	1	13	4.0
498	Нго Бао Чау	11	0	1	1.0
499	Невластивий інтеграл	2	0	2	0.0
500	Недетермінований скінченний автомат	31	0	6	1.0
501	Неевклідова геометрія	164	0	15	5.0
502	Незалежність (теорія ймовірностей)	154	0	18	4.0
503	Незвідний многочлен	34	0	5	2.0
504	Неімплікація	25	0	6	1.0
505	Нелінійні диференціальні рівняння	15	0	3	1.0
506	Неперервна справа функція з лівосторонніми границями	23	0	6	1.0
507	Неперервна функція	573	1	36	19.0
508	Нерівність	1667	11	107	55.0
509	Нерівність Коші — Буняковського	499	3	28	17.0
510	Нерівність трикутника	318	2	24	10.0
511	Нерівність Чебишова	81	0	10	2.0
512	Нескінченність	552	8	31	17.0
513	Нечітка множина	106	0	10	2.0
514	Ніколя Бурбакі	44	0	6	1.0
515	Нільпотентна група	8	0	2	0.0
516	Нім (гра)	12	0	3	0.0
517	Норма (математика)	134	1	14	4.0
518	Норма (теорія полів)	9	0	2	1.0
519	Нормальна підгрупа	41	0	12	1.0
520	Нормальний розподіл	1486	15	77	51.0
521	Обернена функція	1352	5	84	45.0
522	Обернені тригонометричні функції	919	10	55	29.0
523	Область визначення	4833	15	269	157.0
524	Область значень	1884	9	136	55.0
525	Область цілісності	18	0	6	0.0
526	Обчислювальна математика	127	1	8	4.0
527	Обчислювана функція	27	0	4	1.0
528	Оґюстен-Луї Коші	182	0	17	5.0
529	Одностороння функція	53	0	15	1.0
530	Окіл	252	2	25	6.0
531	Омар Хайям	1359	17	75	44.0
532	Оператор Лапласа	206	0	16	5.0
533	Оптимізація (математика)	263	0	20	8.0
534	Оптимум Парето	276	3	37	6.0
535	Опукла комбінація	10	0	2	0.5
536	Опукла множина	102	0	8	3.0
537	Опукла функція	127	0	9	4.0
538	Ортогональна матриця	109	0	12	3.0
539	Ортогональність	214	2	13	6.0
540	Ортонормований базис	102	0	13	2.0
541	Оскар Зарицький	9	0	2	0.0
542	Основна теорема алгебри	137	0	11	4.0
543	Основна теорема арифметики	235	3	18	7.0
544	Оцінка апостеріорного максимуму	22	0	5	1.0
545	Оцінка густини	27	0	3	1.0
546	П'єр Рене Делінь	6	0	2	0.0
547	П'єр Ферма	124	0	10	3.0
548	П'єр-Симон Лаплас	185	0	16	5.0
549	П'ятикомірник	13	0	4	0.0
550	Пал Ердеш	51	0	7	1.0
551	Парабола	952	13	56	30.0
552	Парадокс Банаха — Тарського	94	0	7	3.0
553	Парадокс Расселла	176	1	18	5.0
554	Паралельність	703	6	49	23.0
555	Параметр	324	2	32	10.0
556	Переважне приєднання	4	0	2	0.0
557	Перевірка відношенням правдоподібностей	24	0	4	1.0
558	Перевірка статистичних гіпотез	210	1	18	5.5
559	Перельман Григорій Якович	557	4	31	16.0
560	Перестановка	326	2	25	10.0
561	Перетворення Гільберта	27	0	6	1.0
562	Перетворення Лапласа	206	1	19	6.0
563	Перетворення Фур'є	504	5	36	13.0
564	Перетин множин	1512	1	107	46.0
565	Перехресна ентропія	45	0	7	1.0
566	Перехресна перевірка	46	0	5	1.0
567	Периметр	716	4	55	20.0
568	Періодична функція	567	3	39	16.0
569	Періодичний стан	7	0	2	1.0
570	Підмножина	2158	7	169	60.0
571	Піднесення до степеня	4584	44	266	146.0
572	Підстановка	27	0	5	1.0
573	Піфагор	3776	23	241	124.0
574	Планування експерименту	359	4	22	12.0
575	Площа	3174	27	173	106.0
576	Площа поверхні	89	0	7	3.0
577	Площина	2145	7	173	58.0
578	Поверхневий інтеграл	64	0	5	2.0
579	Поверхня	612	2	113	9.0
580	Повний метричний простір	59	0	8	1.0
581	Подвійні числа	27	0	6	1.0
582	Подільність	355	1	24	11.0
583	Позиційні системи числення	1570	11	111	51.0
584	Показникова функція	2040	8	173	60.0
585	Пол Джозеф Коен	12	0	2	0.0
586	Поле (алгебра)	238	0	47	6.0
587	Поле Галуа	90	0	9	3.0
588	Поліноми Ерміта	44	0	6	1.0
589	Поль Дірак	222	1	24	5.0
590	Полюс (комплексний аналіз)	27	0	3	1.0
591	Полярна система координат	578	2	40	16.0
592	Помилки першого і другого роду	143	1	18	5.0
593	Порядкове число	56	0	7	1.0
594	Послідовність	581	2	41	18.0
595	Послідовність Фібоначчі	1044	14	49	33.0
596	Потужність множини	883	7	53	25.0
597	Похибки та залишки	140	0	13	4.0
598	Похідна	3745	28	271	115.0
599	Правило висновування	43	0	3	1.0
600	Правило Лопіталя	326	1	37	9.0
601	Правильний многокутник	667	4	53	21.0
602	Правильний трикутник	3126	13	166	104.0
603	Представлення групи	22	0	4	1.0
604	Приблизне баєсове обчислення	46	0	6	2.0
605	Прикладна математика	430	5	29	13.0
606	Принцип детальної рівноваги	11	0	2	1.0
607	Принцип Діріхле	254	1	21	7.0
608	Принцип максиміну	19	0	4	1.0
609	Припущення	490	1	69	10.0
610	Прискорення	14033	23	1141	308.0
611	Пристосованість (статистика)	30	0	3	1.0
612	Проблема зупинки	56	0	11	1.0
613	Проблема чотирьох фарб	90	0	7	3.0
614	Проблеми Гільберта	130	1	9	4.0
615	Проективна геометрія	63	0	6	2.0
616	Проективний простір	20	0	3	0.5
617	Проста група	8	0	2	0.0
618	Просте число	4947	38	260	156.0
619	Простий ідеал	10	0	2	0.0
620	Простір Мінковського	63	0	8	2.0
621	Простір Шварца	7	0	1	0.0
622	Простір Lp	81	0	12	2.0
623	Просторово-часовий інтервал	119	0	14	3.0
624	Протокол узгодження ключів	28	0	3	1.0
625	Процес Леві	16	0	4	1.0
626	Пряма	2854	12	181	82.0
627	Пряма секретність	25	0	6	1.0
628	Прямий кут	476	2	31	14.0
629	Прямокутний трикутник	11200	65	633	374.0
630	Псевдотріангуляція	5	0	1	0.0
631	Пучок (математика)	8	0	2	0.0
632	Радіальна базисна функція	29	0	4	1.0
633	Радіан	949	12	61	26.0
634	Радіус	1573	14	94	53.0
635	Раціональна функція	68	0	14	2.0
636	Раціональні числа	3529	33	248	107.0
637	Регістр зсуву з лінійним зворотним зв'язком	38	0	8	1.0
638	Регресійний аналіз	652	1	45	20.0
639	Регуляризація (математика)	25	0	5	1.0
640	Рене Декарт	2073	20	149	63.0
641	Рене Том	18	0	3	1.0
642	Рерайтинг (математика)	8	0	4	0.0
643	Римська система числення	9557	113	581	318.0
644	Рівність класів P і NP	128	0	9	4.0
645	Рівновага Неша	153	0	14	4.0
646	Рівномірна збіжність	61	0	6	2.0
647	Рівномірна обмеженість	9	0	2	0.5
648	Рівностепенева неперервність	20	0	2	1.0
649	Рівняння	1329	10	109	41.0
650	Рівняння Дірака	84	0	11	2.0
651	Рівняння конвекції-дифузії	156	0	18	6.5
652	Рівняння Лапласа	88	0	9	3.0
653	Рівняння Максвелла	608	2	39	18.0
654	Рівняння Нав'є — Стокса	267	2	26	8.0
655	Рівняння Пелля	28	0	5	1.0
656	Рівняння Смолюховського	9	0	2	1.0
657	Рівняння теплопровідності	107	0	8	3.0
658	Рівняння Фоккера-Планка	30	0	7	1.0
659	Рівняння Чепмена — Колмогорова	18	0	4	1.0
660	Рівняння четвертого степеня	246	2	16	8.0
661	Рівняння Шредінгера	354	5	20	11.0
662	Ріманова поверхня	31	0	4	1.0
663	Ріхард Дедекінд	24	0	5	1.0
664	Річард Евен Борхердс	2	0	1	0.0
665	Роджер Пенроуз	49	0	5	1.0
666	Розбиття множини	262	0	25	8.0
667	Розв'язна група	9	0	2	0.0
668	Розвідувальний аналіз	45	0	7	1.0
669	Роздрібнена множина	25	0	4	1.0
670	Розмірність простору	105	0	7	4.0
671	Розподіл ймовірностей	430	4	24	15.0
672	Розподіл Коші	45	0	5	2.0
673	Розподіл Пуассона	349	1	30	8.0
674	Розподіл хі-квадрат	101	0	8	3.0
675	Розфарбовування ребер	15	0	2	1.0
676	Розходження Кульбака — Лейблера	39	0	5	1.0
677	Розширений фільтр Калмана	18	0	2	1.0
678	Розширення поля	21	0	2	1.0
679	Рональд Фішер	52	0	6	1.5
680	Ряд (математика)	302	2	25	9.0
681	Ряд Тейлора	1068	7	65	37.0
682	Ряд Фур'є	462	1	41	15.0
683	Саймон Дональдсон	11	0	4	0.0
684	Середнє арифметичне	1313	11	66	45.0
685	Середнє значення	846	5	46	27.0
686	Сигма-алгебра	95	0	9	3.0
687	Символ Кронекера	60	0	5	2.0
688	Символ Похгаммера	9	0	2	1.0
689	Симетрична група	45	0	7	1.5
690	Симетрія	1129	10	65	37.0
691	Симетрія в математиці	155	0	14	5.0
692	Симплекс	100	0	10	3.0
693	Симплекс-метод	314	1	22	10.0
694	Сингулярний розклад матриці	70	0	9	1.5
695	Сингулярні гомології	3	0	1	0.0
696	Система координат	2372	10	155	77.0
697	Система лінійних алгебраїчних рівнянь	1863	7	148	57.0
698	Система числення	3404	20	207	99.0
699	Сімеон-Дені Пуассон	49	0	7	1.5
700	Скаляр	402	4	30	12.0
701	Скалярний добуток	968	4	49	33.0
702	Скінченна множина	416	0	39	13.0
703	Скінченні різниці	50	0	6	1.0
704	Складано-ножева перевибірка	23	0	3	1.0
705	Складене число	2096	6	139	69.0
706	Соломон Лефшец	9	0	2	1.0
707	Спектральна теорема	10	0	2	0.0
708	Спеціальна теорія відносності	583	5	37	18.0
709	Список математичних категорій	93	0	15	2.0
710	Список тригонометричних тотожностей	1460	11	105	46.0
711	Спільна ентропія	29	0	4	1.0
712	Спінор	17	0	3	1.0
713	Спліт-кватерніони	11	0	4	0.0
714	Спрямований ациклічний граф	33	0	4	1.0
715	Срініваса Рамануджан	221	1	18	6.0
716	Стандартна модель	263	1	28	7.0
717	Стандартне відхилення	2303	18	178	72.0
718	Статистика	3710	29	204	126.0
719	Статистична дисперсія	272	1	26	8.0
720	Статистична значущість	431	5	31	13.0
721	Статистична механіка	73	0	10	2.0
722	Статистичне висновування	83	0	7	3.0
723	Стаціонарна точка	82	1	6	3.0
724	Степеневий ряд	126	1	9	4.0
725	Степінь трансцендентності	2	0	1	0.0
726	Стефан Банах	245	2	24	7.0
727	Стівен Смейл	5	0	1	0.0
728	Стохастична гра	8	0	1	0.0
729	Стохастична матриця	18	0	2	1.0
730	Стохастична модель	100	0	8	3.0
731	Стохастичне числення Іто	9	0	3	0.0
732	Сума	1905	7	160	59.0
733	Сфера	542	7	34	17.0
734	Сфера Рімана	28	0	4	1.0
735	Сферична система координат	327	3	32	9.0
736	Сюр'єкція	448	2	49	12.0
737	Таблиця множення	427	3	26	13.0
738	Теза Черча — Тюрінга	22	0	5	0.0
739	Тензорний добуток	42	0	7	1.0
740	Теорема	502	5	33	16.0
741	Теорема Асколі — Арцела	28	0	3	1.0
742	Теорема Баєса	592	3	42	17.0
743	Теорема Банаха про нерухому точку	41	0	4	2.0
744	Теорема Гамільтона — Келі	22	0	3	1.0
745	Теорема Гана — Банаха	15	0	2	1.0
746	Теорема Кантора	107	0	18	2.0
747	Теорема косинусів	3360	6	201	119.0
748	Теорема Лагранжа	193	1	11	6.0
749	Теорема Лагранжа (теорія груп)	46	0	6	2.0
750	Теорема Льовенгейма — Сколема	6	0	2	0.0
751	Теорема Піфагора	5968	75	448	193.0
752	Теорема про планарне розбиття	21	0	3	1.0
753	Теорема про розподіл простих чисел	55	0	7	1.0
754	Теорема Рамсея	11	0	3	1.0
755	Теорема Рімана — Роха	5	0	2	0.0
756	Теорема синусів	1632	8	106	59.0
757	Теорема Скорохода про вкладення	0	0	0	0.0
758	Теорема Стокса	101	0	8	3.0
759	Теореми Веєрштраса у банахових просторах	4	0	1	0.0
760	Теореми Геделя про неповноту	221	2	15	7.0
761	Теореми про ізоморфізми	22	0	6	1.0
762	Теоретична інформатика	173	0	20	5.0
763	Теорія алгоритмів	376	3	40	11.0
764	Теорія Вапника — Червоненкіса	7	0	1	0.0
765	Теорія випадкових процесів	28	0	4	1.0
766	Теорія відносності	1358	23	69	43.0
767	Теорія Галуа	41	0	6	1.5
768	Теорія графів	492	3	32	15.0
769	Теорія груп	117	1	12	3.5
770	Теорія ігор	930	10	53	30.0
771	Теорія інваріантів	21	0	3	1.0
772	Теорія інформації	1021	4	72	31.0
773	Теорія ймовірностей	1792	20	115	57.0
774	Теорія категорій	86	0	8	2.0
775	Теорія керування	177	0	17	4.0
776	Теорія кодування	389	0	37	10.0
777	Теорія масового обслуговування	87	0	7	3.0
778	Теорія мереж	72	0	7	2.0
779	Теорія множин	952	4	91	30.0
780	Теорія множин Цермело — Френкеля	81	0	12	2.0
781	Теорія наближень	13	0	2	0.0
782	Теорія обчислюваності	23	0	3	1.0
783	Теорія порядку	25	0	3	1.0
784	Теорія представлень	7	0	2	0.0
785	Теорія Серфа	5	0	1	1.0
786	Теорія складності обчислень	155	1	10	5.0
787	Теорія статистичного навчання	7	0	2	0.0
788	Теорія хаосу	352	4	22	11.0
789	Теорія чисел	241	2	20	7.0
790	Теплокарта	18	0	3	0.0
791	Теренс Тао	71	0	11	2.0
792	Тесеракт	187	1	12	5.0
793	Тімоті Гауерс	5	0	2	0.0
794	Тоді й лише тоді	49	0	3	2.0
795	Топологічна група	25	0	3	1.0
796	Топологічний векторний простір	5	0	2	0.0
797	Топологічний простір	114	0	11	3.0
798	Топологія	420	3	33	14.0
799	Топологія Зариського	8	0	2	0.0
800	Тотожне відображення	40	0	5	1.0
801	Тотожність	1775	13	98	58.0
802	Тотожність Ейлера	113	1	9	3.0
803	Точка	2259	8	915	29.0
804	Точність до	12	0	3	1.0
805	Трансцендентне число	169	0	25	4.0
806	Трапеція	3775	25	264	107.0
807	Тривимірний опис об'єкта	257	2	23	8.0
808	Тригонометричні функції	5872	63	385	173.0
809	Тригонометрія	763	8	52	24.0
810	Трикутник	3726	31	280	118.0
811	Трикутник Рело	159	1	12	4.0
812	Тріангуляція (геометрія)	77	0	10	2.0
813	Узагальнена функція	21	0	7	0.0
814	Умови Коші — Рімана	49	0	8	1.0
815	Умовна ентропія	134	0	15	3.0
816	Умовне математичне сподівання	61	0	29	1.0
817	Унарна операція	143	1	13	3.0
818	Уявна одиниця	292	2	19	9.0
819	Фазовий простір	72	0	8	2.0
820	Факторгрупа	40	0	4	2.0
821	Факторизація	128	0	8	4.0
822	Факторпростір	13	0	3	1.0
823	Фелікс Гаусдорф	6	0	2	0.0
824	Фелікс Кляйн	30	0	4	1.0
825	Фібоначчі	432	7	26	14.0
826	Фізика	12728	40	1330	331.0
827	Філософія математики	82	0	11	3.0
828	Фільтр Калмана	185	0	28	4.0
829	Формальний степеневий ряд	24	0	3	1.0
830	Формула	440	2	33	12.0
831	Формула Гауса — Бонне	49	0	5	1.5
832	Формула Ейлера	445	4	27	15.0
833	Формула Муавра	380	2	22	11.0
834	Формула Ньютона — Лейбніца	281	2	18	9.0
835	Формула Остроградського	204	1	16	6.0
836	Формула повної ймовірності	349	3	31	9.0
837	Формула Фейнмана — Каца	4	0	2	0.0
838	Фрактал	1877	17	223	33.0
839	Фрактальна розмірність	41	0	10	1.0
840	Франсуа Вієт	241	0	21	5.0
841	Фундаментальна група	5	0	2	0.0
842	Фундаментальна послідовність	114	0	11	3.5
843	Функтор	17	0	3	1.0
844	Функції Бесселя	71	0	6	2.0
845	Функціональна похідна	10	0	3	0.0
846	Функціональний аналіз	236	1	34	6.0
847	Функціональний ряд	110	0	9	3.0
848	Функція (математика)	6538	27	544	180.0
849	Функція внеску	18	0	2	1.0
850	Функція Ейлера	182	2	15	5.0
851	Функція Мебіуса	25	0	8	1.0
852	Функція правдоподібності	75	0	7	2.0
853	Функція розподілу (статистична фізика)	14	0	4	1.0
854	Функція розподілу ймовірностей	292	0	25	9.0
855	Характер представлення групи	5	0	1	0.0
856	Характеристика Ейлера	17	0	2	1.0
857	Характеристична функція	50	0	5	1.0
858	Хвильове рівняння	89	0	7	3.0
859	Хеш-функція	581	3	46	19.0
860	Хроматичне число	32	0	8	1.0
861	Центральна гранична теорема	197	2	18	6.0
862	Центральний момент	41	0	3	1.0
863	Циклічний підклас	2	0	1	0.0
864	Циліндрична система координат	128	0	19	4.0
865	Цифри	2380	31	183	61.0
866	Ціла функція	24	0	5	1.0
867	Цілі числа	3057	16	185	101.0
868	Цілком впорядкована множина	48	0	14	1.0
869	Цілком неперервний оператор	2	0	2	0.0
870	Чарлз Сандерс Пірс	92	0	9	2.0
871	Час	3124	20	208	102.0
872	Часова область	38	0	3	1.0
873	Часовий ряд	241	1	14	8.0
874	Часткова похідна	443	1	33	14.0
875	Частково впорядкована множина	115	0	13	3.0
876	Частота події	83	0	12	2.0
877	Чезаре Арцела	1	0	1	0.0
878	Чисельне інтегрування	85	0	14	2.0
879	Чисельні методи	648	1	57	18.0
880	Числа Бернуллі	88	1	11	3.0
881	Числення висловлень	197	0	21	5.0
882	Число	1610	14	111	54.0
883	Число пі	3386	66	173	111.0
884	Чиста математика	48	0	11	1.0
885	Чотири арифметичні дії	3031	30	320	93.0
886	Шарль Ерміт	9	0	2	0.0
887	Швидке перетворення Фур'є	151	1	14	5.0
888	Швидкість	9003	13	565	260.0
889	Шинтан Яу	7	0	3	0.0
890	Шифр	172	1	13	5.0
891	Шифрування	721	7	55	22.0
892	Шіінг-Шен Черн	10	0	2	0.0
893	Шістнадцяткова система числення	1642	10	94	57.0
894	Шлях (теорія графів)	48	0	5	1.0
895	Щербина Марія Володимирівна	13	0	4	1.0
896	Якобіан	92	0	10	3.0
897	Co-NP	5	0	1	0.0
898	E (число)	1494	19	76	45.0
899	EXPTIME	5	0	1	0.0
900	Gnuplot	13	0	3	0.0
901	Hashcash	6	0	1	0.0
902	Maple	158	1	14	5.0
903	Mathematica	116	0	15	3.0
904	MathML	24	0	3	1.0
905	NP-повна задача	115	0	11	3.0
906	NP-складна задача	35	0	4	1.0
907	PCP-теорема	1	0	1	0.0
908	T-критерій Стьюдента	1111	10	81	34.0
909	T-розподіл Стьюдента	214	1	33	5.0
