1	Аврора біла	66	0	8	2.0
2	Аґапантіїні	2	0	1	0.0
3	Аґапантія	4	0	1	0.0
4	Акантоліда жовтоголова	5	0	2	0.0
5	Акантоліда сланцева	4	0	1	0.0
6	Акарапідоз	11	0	2	1.0
7	Акариформні кліщі	29	0	4	1.0
8	Акарициди	88	1	6	3.0
9	Акарологія	156	0	21	3.0
10	Американський білий метелик	707	1	89	18.0
11	Анадримадуза Ретовського	39	0	10	1.0
12	Анатомія комах	646	6	59	17.0
13	Андрена велика	9	0	2	0.0
14	Андрена золотонога	13	0	3	1.0
15	Андрена ошатна	8	0	1	1.0
16	Андрена степова	7	0	1	0.5
17	Андрена червоноплямиста	5	0	1	0.0
18	Андреніди	23	0	4	1.0
19	Аністиди	1	0	1	0.0
20	Аноплій самарський	53	0	7	2.0
21	Антени (біологія)	94	0	9	3.0
22	Антофора коренаста	15	0	4	0.5
23	Антофора чорновійчаста	5	0	1	0.0
24	Апростема Карпентера	2	0	1	0.0
25	Апростема Пелетьє	4	0	2	0.0
26	Аранеоморфні	30	0	5	1.0
27	Арахнологія	523	2	77	11.0
28	Аргасові кліщі	59	0	5	2.0
29	Арге Беккера	7	0	2	1.0
30	Арге Фрівальдського	3	0	1	0.0
31	Аргіопа тигрова	2858	27	346	70.0
32	Артроплевра	157	0	35	4.0
33	Архіметаболія	2	0	1	0.0
34	Архостемати	4	0	1	0.0
35	Аскалаф строкатий	16	0	2	1.0
36	Аскалафові	1	0	1	0.0
37	Афелінус	5	0	2	0.0
38	Африканізована бджола	44	0	4	2.0
39	Бабка перев'язана	58	0	9	2.0
40	Бабки	678	10	40	21.0
41	Багатозв'яз гірський український	30	0	5	1.0
42	Барвниця грушева	33	0	4	1.0
43	Бджола (геральдика)	31	0	4	1.0
44	Бджола (рід)	558	4	65	15.0
45	Бджола велика	30	0	6	1.0
46	Бджола східна	18	0	3	1.0
47	Бджола-муляр Лефебвра	13	0	3	1.0
48	Бджоли	3998	33	390	115.0
49	Бджолині	99	0	11	3.0
50	Бджоловидка	78	0	16	2.0
51	Бджоловидка звичайна	114	0	14	2.5
52	Бджоловидка лісова	6	0	2	0.0
53	Безвусикові	13	0	2	1.0
54	Бей-Бієнко Григорій Якович	24	0	5	1.0
55	Білан брукв'яний	29	0	4	1.0
56	Білан гірський	12	0	3	1.0
57	Білан жилкуватий	54	0	7	1.0
58	Білан капустяний	767	0	66	20.0
59	Білан ріпаковий	43	0	4	1.0
60	Біланові	62	0	9	2.0
61	Білокрилки	22	0	3	1.0
62	Білюх ріпаковий	33	0	19	1.0
63	Білюх степовий	11	0	3	0.5
64	Білюшок гірчичник	14	0	3	1.0
65	Білюшок Дюпоншеля	11	0	4	1.0
66	Білюшок Морзе	7	0	2	0.5
67	Бірміт	9	0	1	1.0
68	Бірроїдні	0	0	0	0.0
69	Бластобазиди	0	0	0	0.0
70	Блискітники	6	0	2	0.0
71	Блідий луговий метелик	4	0	2	0.0
72	Блідонога садова мурашка	16	0	2	1.0
73	Блішка бурякова звичайна	15	0	2	1.0
74	Блішка бурякова південна	10	0	4	1.0
75	Блішка льонова синя	16	0	5	1.0
76	Блішка смугаста хлібна	22	0	5	1.0
77	Блішки лляні	3	0	1	0.0
78	Блохи	1513	20	87	45.0
79	Богомол звичайний	2758	45	161	85.0
80	Богомоли	1755	17	113	51.0
81	Богомольчик Гельдрейха	20	0	3	1.0
82	Богомольчик кримський	100	1	10	2.5
83	Боліварія короткокрила	54	0	6	2.0
84	Больбелязм однорогий	8	0	1	0.0
85	Борошнистий червець	14	0	2	1.0
86	Борошнисті червеці	28	0	6	1.0
87	Борошняний кліщ	29	0	5	1.0
88	Бражник дубовий	71	0	11	2.0
89	Бражник карликовий	3	0	1	0.0
90	Бражник Комарова	1	0	1	0.0
91	Бражник Маака	4	0	2	0.0
92	Бражник мертва голова	265	1	23	7.0
93	Бражник олеандровий	47	0	4	1.0
94	Бражник очкастий	51	0	6	2.0
95	Бражник південний молочайний	28	0	4	1.0
96	Бражник підмаренниковий	49	0	10	1.0
97	Бражник прозерпіна	44	0	14	1.0
98	Бражник скабіозовий	21	0	3	1.0
99	Бражник тополевий	41	0	5	1.0
100	Бражник тютюновий	46	0	14	1.0
101	Бражник хорватський	13	0	2	1.0
102	Бражникові	637	6	46	20.0
103	Браконіди	10	0	3	0.0
104	Брахіцерус зморшкуватий	0	0	0	0.0
105	Бренівкові	9	0	1	0.5
106	Бронзівка волохата	49	0	5	1.0
107	Бронзівка гладка	24	0	4	1.0
108	Бронзівка мармурова	8	0	3	0.0
109	Бронзівка особлива	9	0	2	1.0
110	Бронзівки	28	0	5	1.0
111	Бронтоскорпіо	12	0	4	0.0
112	Букарка	34	0	4	1.0
113	Бупрестоїдні	2	0	1	0.0
114	Буравниця борщевична	8	0	2	1.0
115	Буряковий довгоносик-стеблоїд	12	0	3	1.0
116	Ванесса чорно-руда	26	0	4	1.0
117	Ведмедиці	303	1	62	4.5
118	Ведмедиця велика	160	0	20	4.0
119	Ведмедиця Геба	21	0	3	1.0
120	Ведмедиця Гера	116	0	19	2.0
121	Ведмедиця кайя	35	0	5	1.0
122	Ведмедиця-господиня	63	0	7	2.0
123	Велетенський мурашиний лев західний	16	0	2	1.0
124	Великий в'язовий заболонник	29	0	6	1.0
125	Великокрильці	5	0	2	0.0
126	Веслокрилі	4	0	2	0.0
127	Веснянка велика	26	0	4	1.0
128	Веснянки (комахи)	44	0	5	1.0
129	Віллі Хенніг	38	0	9	1.0
130	Вільгельм Фердинанд Еріхсон	1	0	1	0.0
131	Віялокрилі	18	0	3	0.0
132	Вовчок звичайний	1205	12	109	30.0
133	Вогнівка акацієва	14	0	3	0.5
134	Вогнівка інжирна	49	0	5	2.0
135	Вогнівка яблунева	6	0	2	0.0
136	Вогнівки	26	0	4	1.0
137	Вогнівки-трав'янки	6	0	2	0.0
138	Водомірки	204	0	22	5.0
139	Водяні скорпіони	41	0	9	1.0
140	Волохокрилець звичайний	14	0	3	1.0
141	Волохокрильці	96	0	27	2.5
142	Воші	2203	39	149	70.0
143	Всеїдні жуки	13	0	2	0.0
144	Вузьконадкрил	0	0	0	0.0
145	Вузьконадкрил рудий	0	0	0	0.0
146	Вусач дубовий	15	0	4	1.0
147	Вусач дубовий великий західний	43	0	5	2.0
148	Вусач дубовий малий	32	0	4	1.0
149	Вусач земляний Мокржецького	0	0	0	0.0
150	Вусач ліщиновий	36	0	4	1.0
151	Вусач пахучий	5	0	2	0.0
152	Вусач пахучий мускусний	38	0	5	1.0
153	Вусач сірий кленовий	34	0	4	1.0
154	Вусач-великозуб оленерогий	1	0	1	0.0
155	Вусач-коренеїд	10	0	2	0.0
156	Вусач-коренеїд елегантний	7	0	2	1.0
157	Вусач-коренеїд кримський	2	0	2	0.0
158	Вусач-коренеїд хрестоносець	15	0	2	1.0
159	Вусач-пурпуронадкрил Келера	2	0	2	0.0
160	Вусач-стенокор дубовий	0	0	0	0.0
161	Вусач-титан	1	0	1	0.0
162	Вусач-титан велетенський	29	0	4	1.0
163	Вусач-товстун	2	0	1	0.0
164	Вусач-товстун вербовий	11	0	3	1.0
165	Вусачик-акмеопс	1	0	1	0.0
166	Вусачик-акмеопс семикрапковий	11	0	3	1.0
167	Вусачі	190	1	13	6.0
168	Вусачі Українських Карпат	14	0	3	0.0
169	Вуховертка звичайна	175	1	11	5.0
170	Вуховертки	70	0	14	2.0
171	Гал (біологія)	299	0	37	7.0
172	Галеруцини	9	0	2	1.0
173	Галиці	28	0	7	1.0
174	Галиця виноградна	5	0	1	0.0
175	Галиця вічкова	9	0	1	0.0
176	Галиця пагонова смородинова	5	0	1	1.0
177	Галиця плодова грушева	5	0	1	1.0
178	Гармонія азійська	65	0	8	2.0
179	Гарячка паппатачі	54	0	5	2.0
180	Гемолімфа	114	0	16	3.0
181	Гемоціанін	151	0	14	4.0
182	Гігантський азійський шершень	154	1	16	4.0
183	Гілл-топпінг	8	0	3	1.0
184	Гіляров Меркурій Сергійович	24	0	3	1.0
185	Гіперметаморфоз	13	0	4	0.0
186	Гірняк Евриала	6	0	3	0.5
187	Гірняк полонинець	4	0	2	0.0
188	Гірняк Проноя	5	0	2	0.0
189	Гірняк темнорудий	6	0	2	0.0
190	Гниди	543	7	29	17.0
191	Гнойовик звичайний	75	0	10	2.0
192	Гнус	175	1	13	5.0
193	Голова комах	102	0	12	3.0
194	Головогруди	28	0	5	1.0
195	Головотрубка	6	0	2	0.0
196	Головчак Актеон	6	0	2	0.0
197	Головчак Андромеда	8	0	2	0.0
198	Головчак великий рожаний	17	0	3	1.0
199	Головчак гратчастий	8	0	2	1.0
200	Головчак жилкуватий	16	0	3	1.0
201	Головчак карчоховий	10	0	2	1.0
202	Головчак кома	14	0	4	1.0
203	Головчак крокісовий	6	0	2	0.0
204	Головчак кружало	9	0	2	1.0
205	Головчак лісовий	14	0	3	1.0
206	Головчак мальвовий	13	0	4	1.0
207	Головчак мозаїчний	8	0	2	1.0
208	Головчак Морфей	7	0	2	0.0
209	Головчак Палемон	6	0	2	1.0
210	Головчак поцяткований	12	0	2	1.0
211	Головчак Прото	5	0	2	0.0
212	Головчак серпійний	7	0	2	0.0
213	Головчак сида	5	0	3	0.0
214	Головчак строкатий	8	0	2	0.5
215	Головчак східний	27	0	7	1.0
216	Головчак Таґес	6	0	2	0.0
217	Головчак тире	11	0	2	1.0
218	Головчак французький	6	0	2	0.5
219	Головчак чистецевий	11	0	2	1.0
220	Головчак-лісовик	7	0	3	0.0
221	Головчаки	20	0	6	0.0
222	Голометабола	13	0	2	0.0
223	Горохова попелиця	15	0	3	1.0
224	Гохгут Йоганн Хайнріх	8	0	5	0.0
225	Гребенников Віктор Степанович	27	0	3	1.0
226	Грибоподібні тіла	11	0	4	0.0
227	Грилоблатиди	5	0	1	0.0
228	Груди комах	63	0	15	1.0
229	Губоногі	102	0	10	2.0
230	Гусениця	835	6	81	21.0
231	Густав Майр	0	0	0	0.0
232	Ґедзі	992	14	68	30.0
233	Ґедзь бичачий	73	0	6	2.5
234	Давньокрилі	27	0	3	1.0
235	Данаєць Хрисипп	14	0	2	1.0
236	Данилевський Олександр Сергійович	15	0	3	1.0
237	Двокрилі	204	1	18	6.0
238	Двопарноногі багатоніжки	28	0	3	1.0
239	Двопорі	5	0	2	0.0
240	Дендрометріни	1	0	1	0.0
241	Деревинник дубовий	15	0	2	1.0
242	Деревний богомол закавказький	61	0	7	2.0
243	Дерновинні молі	3	0	2	0.5
244	Джміль	971	13	109	26.0
245	Джміль альпійський	1	0	1	0.0
246	Джміль золотисто-підперезаний	6	0	1	0.0
247	Джміль мінливий	1	0	1	0.0
248	Джміль полярний	4	0	2	0.0
249	Джон Обадія Вествуд	3	0	1	0.0
250	Джордж Генрі Горн	1	0	1	0.0
251	Дзвінцеві	20	0	3	1.0
252	Дзюрчалки	111	0	11	3.5
253	Дибка степова	53	0	12	1.0
254	Династес	3	0	1	0.0
255	Династес Мая	5	0	5	0.0
256	Династес титис	0	0	0	0.0
257	Дихальце	12	0	2	1.0
258	Діапауза	90	0	10	3.0
259	Діаприїди	0	0	0	0.0
260	Довговус	2	0	1	0.0
261	Довговусі	17	0	4	1.0
262	Довговусі прямокрилі	11	0	2	0.0
263	Довговуска білоплямиста	7	0	2	1.0
264	Довгоніжка шкідлива	16	0	2	0.5
265	Довгоносик бульбочковий сірий щетинистий	19	0	3	1.0
266	Довгоносик бульбочковий смугастий	21	0	3	1.0
267	Довгоносик буряковий звичайний	43	0	6	1.0
268	Довгоносик візерунковий	6	0	2	0.0
269	Довгоносик грушевий листковий	10	0	3	0.0
270	Довгоносик двокільовий	15	0	5	1.0
271	Довгоносик землистий	12	0	3	0.5
272	Довгоносик комірний	218	2	13	7.0
273	Довгоносик ліщиновий	35	0	5	1.0
274	Довгоносик малиново-суничний	29	0	3	1.0
275	Довгоносик рисовий	27	0	3	1.0
276	Довгоносик сірий бруньковий	13	0	2	1.0
277	Довгоносик сірий буряковий	25	0	5	1.0
278	Довгоносик стебловий	8	0	2	0.0
279	Довгоносики	151	1	10	5.0
280	Довгоносикоподібні	22	0	3	0.0
281	Дозорець-імператор	62	0	15	1.0
282	Домашній чорний павук	241	3	15	7.0
283	Дріофториди	2	0	1	0.0
284	Дрозофіла чорночерева	209	2	15	6.0
285	Дрозофіли	751	14	49	22.0
286	Дукачик блакитнуватий	6	0	2	0.0
287	Дукачик бурий	16	0	3	1.0
288	Дукачик ватрак	9	0	2	0.0
289	Дукачик непарний	24	0	6	1.0
290	Дукачик обочень	14	0	3	1.0
291	Дукачик Терсамон	8	0	2	0.0
292	Дукачик фіялковий	16	0	4	1.0
293	Дядечко Микола Платонович	27	0	5	1.0
294	Евцера вірменська	1	0	1	0.0
295	Евцера далматська	9	0	2	1.0
296	Ейлія іржава	5	0	2	0.0
297	Екдізон	5	0	2	0.0
298	Екологія комах	186	1	13	5.0
299	Елія гостроголова	16	0	3	1.0
300	Ембії	13	0	4	1.0
301	Емпуза	3	0	2	0.0
302	Емпуза піщана	43	0	5	1.0
303	Емпуза смугаста	70	0	9	2.0
304	Емпузові	5	0	3	0.0
305	Ентомологічна зброя	39	0	5	1.0
306	Ентомологічний сачок	4	0	1	0.0
307	Ентомологія	751	5	75	17.0
308	Ентомохорія	7	0	2	0.0
309	Ентоцид (Метаризин)	118	0	7	4.0
310	Еребіди	23	0	5	1.0
311	Ернст Людвиг Ташенберг	5	0	4	0.0
312	Євген Йоганн Крістоф Еспер	0	0	0	0.0
313	Жалібниця	44	0	7	1.0
314	Жало (тварин)	138	0	11	4.0
315	Жан Анрі Фабр	47	0	10	1.0
316	Жан Гійом Авдінет-Сервіль	1	0	1	0.0
317	Жирове тіло	243	0	27	4.5
318	Життєвий цикл комах	481	4	32	14.0
319	Жовтюх	86	0	19	2.0
320	Жовтюх альфакарець	16	0	2	1.0
321	Жовтюх осьмак	13	0	2	1.0
322	Жовтюх помаранчик	25	0	5	1.0
323	Жовтюх торфовищний	85	0	13	1.0
324	Жовтюх шапранець	9	0	2	0.0
325	Жужелиця дама	9	0	3	0.0
326	Жужелиця Шеврола	0	0	0	0.0
327	Жук малиновий	28	0	3	1.0
328	Жук музейний	13	0	2	1.0
329	Жук хлібний	66	0	13	2.0
330	Жук-Геркулес	46	0	6	2.0
331	Жук-носоріг європейський	246	1	15	8.0
332	Жук-олень	2001	8	271	31.0
333	Жук-самітник	21	0	3	1.0
334	Жуки-бомбардири	46	1	4	2.0
335	Жуки-гнойовики	157	2	14	5.0
336	Жуки-точильники	206	1	19	6.0
337	Жуки-хижаки	17	0	3	1.0
338	Заболонник	8	0	2	0.5
339	Заболонник грабовий	13	0	2	1.0
340	Західна бурякова муха	13	0	3	0.0
341	Західний квітковий трипс	20	0	3	1.0
342	Зегрис Евфема	15	0	2	1.0
343	Зелена цитрусова попелиця	1	0	1	0.0
344	Зеленоочка	7	0	3	0.0
345	Земледухи	306	2	18	10.0
346	Зернова міль	83	0	8	2.0
347	Зерноїд гороховий	25	0	4	1.0
348	Златка блискуча	4	0	1	0.0
349	Златка бронзова дубова	16	0	3	1.0
350	Златка смородинова вузькотіла	15	0	3	1.0
351	Златка чорна	16	0	3	1.0
352	Златки	33	0	6	1.0
353	Знойко Дмитро Васильович	3	0	1	0.0
354	Золотогуз	27	0	4	1.0
355	Золотоочки	37	0	4	1.0
356	Зораптери	11	0	2	1.0
357	Зоряниця Аврора	26	0	4	1.0
358	Зубарик стегнуватий	1	0	1	0.0
359	Зубарик чорнолапий	3	0	1	0.0
360	Іксодові кліщі	394	3	34	10.0
361	Імаго	252	2	19	7.0
362	Інсектициди	545	7	42	17.0
363	Ірис плямистий	89	0	8	3.0
364	Історія диптерології	4	0	1	0.0
365	Їздці	122	0	12	3.0
366	Їздці-іхневмоніди	22	0	4	1.0
367	Йоганн Зігфрід Хуфнагель	0	0	0	0.0
368	Йоганн Ігнац Шіффермюллер	4	0	1	0.0
369	Йоганн Карл Вільгельм Іллігер	5	0	1	0.0
370	Йоганн Каспар Фюсслі	2	0	2	0.0
371	Йоганн Фрідріх Вільгельм Гербст	0	0	0	0.0
372	Казарка (комаха)	24	0	4	1.0
373	Каліфориди	55	0	5	2.0
374	Каптурники	6	0	3	0.0
375	Карадрина	11	0	2	0.5
376	Каракурт	1810	29	153	50.0
377	Карл Пенеке	5	0	1	0.0
378	Касти комах	22	0	4	1.0
379	Катаптерикс кримський	6	0	2	0.0
380	Квіткоїд грушевий	15	0	5	1.0
381	Квіткоїд ріпаковий	16	0	2	1.0
382	Квіткоїд яблуневий	20	0	3	1.0
383	Кененії	14	0	2	1.0
384	Кератофаги	4	0	1	0.0
385	Кержнер Ізяслав Мойсейович	2	0	1	0.0
386	Кириченко Олександр Миколайович	20	0	8	0.0
387	Ківсяки	66	0	6	2.0
388	Кістянки	22	0	4	1.0
389	Клітра	3	0	2	0.0
390	Клітрини	1	0	1	0.0
391	Кліщ собачий	157	0	16	4.5
392	Кліщі	1060	11	94	24.0
393	Клоп грушевий	7	0	3	0.0
394	Клоп маврський	16	0	3	1.0
395	Клоп шкідлива черепашка	98	0	11	3.0
396	Клоп щавлевий	15	0	2	1.0
397	Клоп-арлекін	5	0	2	0.0
398	Клопи	857	14	43	26.0
399	Книжковий скорпіон	112	0	34	1.5
400	Кобилка (Прямокрилі)	18	0	3	1.0
401	Кобилка хрестова	21	0	7	1.0
402	Ковалик смугастий	30	0	4	1.0
403	Ковалики	197	1	11	5.0
404	Коконопряди	12	0	2	1.0
405	Коконопрядоподібні	1	0	1	0.0
406	Колемболи	45	0	5	1.0
407	Колорадський жук	1063	9	96	25.0
408	Кольпа Клюге	3	0	1	0.0
409	Комар блискучий	1	0	1	0.0
410	Комар звичайний	499	8	29	14.0
411	Комарик черенковий	9	0	3	0.0
412	Комарі	1969	42	91	65.0
413	Комахи	3717	44	236	106.0
414	Комахи в культурі	116	0	10	3.0
415	Комахозапилення	215	0	17	6.0
416	Коник блакитнокрилий	18	0	3	1.0
417	Коник зелений	715	8	49	18.0
418	Кордулегастер кільчастий	3	0	2	0.0
419	Коренегриз звичайний	12	0	2	1.0
420	Коретра	9	0	2	1.0
421	Корнєєв Валерій Олексійович	40	0	8	1.0
422	Короїд	117	0	10	3.0
423	Короїд зморшкуватий	14	0	2	1.0
424	Короїд непарний багатоїдний	27	0	4	1.0
425	Короїд непарний західний	32	0	4	1.0
426	Короїди	97	0	13	3.0
427	Коромисла	14	0	2	1.0
428	Коромисло (рід)	13	0	2	1.0
429	Коротковусі двокрилі	21	0	4	1.0
430	Коротковусі прямокрилі	11	0	3	0.0
431	Кортодера волохата	3	0	2	0.0
432	Коршунов Юрій Петрович	2	0	1	0.0
433	Косарики (ентомологія)	202	0	16	6.0
434	Косатцеві	51	0	7	1.0
435	Косатці	3	0	1	0.0
436	Косатцюваті	22	0	5	0.0
437	Костянтин Гормузакі	9	0	2	0.0
438	Краброніди	20	0	8	1.0
439	Кравчик-головач	37	0	7	1.0
440	Красновуска Маккара	0	0	0	0.0
441	Красотіл пахучий	37	0	8	1.0
442	Красуня блискуча кримська	5	0	1	0.5
443	Красуня діва	39	0	12	1.0
444	Кривовусі крихітки-молі	8	0	3	1.0
445	Крила комах	315	2	24	9.0
446	Крилаті комахи	68	0	8	1.0
447	Круглошовні мухи	6	0	1	0.0
448	Круліковський Леонід Костянтинович	3	0	1	0.0
449	Крупноголови	1	0	1	0.0
450	Ксєнжопольський Антон Владиславович	14	0	2	1.0
451	Ксилокопа	32	0	8	1.0
452	Ксилокопа звичайна	165	1	20	4.0
453	Ксилокопа райдужна	11	0	3	0.0
454	Ксилокопа фіолетова	70	0	9	2.0
455	Ктир велетенський	22	0	2	1.0
456	Ктир шершенеподібний	20	0	3	1.0
457	Кубіталія чорна	4	0	2	0.0
458	Кукуїформні	1	0	1	0.0
459	Кукуйоїдні	2	0	1	0.0
460	Кутикула безхребетних	143	0	27	2.0
461	Левкоринія білолоба	13	0	2	1.0
462	Легіт березовий	13	0	4	1.0
463	Легіт дубовий	7	0	2	0.5
464	Лептура	3	0	1	0.0
465	Лептура етіопка	0	0	0	0.0
466	Лептура золотиста	11	0	2	0.5
467	Лептура кривонога	0	0	0	0.0
468	Лептура червоноспинкова	3	0	1	0.0
469	Лептура чотирисмуга	3	0	1	0.0
470	Лептурини	5	0	2	0.0
471	Листоблішка грушева	14	0	3	1.0
472	Листоблішка зонтична	4	0	1	0.0
473	Листоблішка яблунева	6	0	1	1.0
474	Листоблішки	8	0	3	0.0
475	Листоїд в'язовий	22	0	5	1.0
476	Листоїд рудий	2	0	2	0.0
477	Листоїд фіолетовий вільховий	21	0	2	1.0
478	Листоїди	62	0	10	1.0
479	Листокрутка брунькова	16	0	4	1.0
480	Листокрутка вербова кривовуса	7	0	2	0.0
481	Листокрутка виноградна	11	0	2	1.0
482	Листокрутка вишнева	9	0	2	0.0
483	Листокрутка кривовуса ліщинова	9	0	3	0.0
484	Листокрутка кривовуса смородинова	0	0	0	0.0
485	Листокрутка полохлива	7	0	2	0.0
486	Листокрутка різноколірна плодова	8	0	3	0.0
487	Листокрутка розанова	9	0	3	0.0
488	Листокрутка свинцевосмугаста	4	0	2	0.0
489	Листокрутка сітчаста	8	0	2	0.0
490	Листокрутка строкато-золотиста	7	0	2	0.0
491	Листокрутка сунична	9	0	2	0.0
492	Лівшиц Іссахар Зельманович	6	0	2	0.0
493	Ліксус катрановий	1	0	1	0.0
494	Лімнефіліди	0	0	0	0.0
495	Лук'янович Федір Костянтинович	4	0	2	0.0
496	Лунка срібляста	14	0	3	1.0
497	Луски	127	0	10	4.0
498	Лускокрилі	2271	18	176	66.0
499	Лускокрилі на поштових марках СРСР	311	1	19	10.0
500	Лусочниця звичайна	135	1	9	4.0
501	Людвіг Гангльбауер	2	0	1	0.0
502	Людовико ді Капоріакко	1	0	1	0.0
503	Лялечка	154	0	13	5.0
504	Ляміїні	1	0	1	0.0
505	М'якотілки	10	0	3	0.0
506	Макрофія тевтонська	0	0	0	0.0
507	Максили	25	0	4	1.0
508	Мальпігієві судини	117	0	14	3.5
509	Малярійні комарі	407	1	64	9.0
510	Мандибули	78	0	6	3.0
511	Мантиспові	3	0	1	0.0
512	Мариковський Павло Іустинович	84	0	6	3.0
513	Маріо Бецці	1	0	1	0.0
514	Матка (бджільництво)	209	3	13	6.0
515	Махаон (комаха)	1010	4	86	25.0
516	Мацумура Шенен	2	0	2	0.0
517	Мегалара гаруда	1	0	1	0.0
518	Мегахілиди	6	0	2	0.0
519	Мей Беренбаум	6	0	1	0.0
520	Мереживниця Галатея	18	0	3	1.0
521	Мереживниця російська	6	0	2	1.0
522	Мертвоїди	81	0	10	2.5
523	Метелівкові	23	0	5	1.0
524	Міксофаги	2	0	1	0.0
525	Міль бурякова мінуюча	15	0	3	1.0
526	Міль довговуса зелена	5	0	2	0.0
527	Міль довговуса фіолетова	7	0	2	1.0
528	Міль зонтична	19	0	2	1.0
529	Міль капустяна	37	0	4	1.0
530	Міль листкова	7	0	2	0.0
531	Міль плодова	27	0	4	1.0
532	Міль серпокрила персикова	15	0	4	1.0
533	Міль цибулева	14	0	2	1.0
534	Міль яблунева	38	0	4	1.0
535	Мінери	22	0	4	1.0
536	Мінливець великий	42	0	6	1.0
537	Мінливець малий	25	0	5	1.0
538	Мінливець Метис	8	0	2	0.5
539	Мокреці	33	0	4	2.0
540	Мокржецький Сигізмунд Олександрович	13	0	2	0.5
541	Молі довговусі	2	0	1	0.0
542	Молі-строкатки	12	0	3	1.0
543	Мольорх малий	0	0	0	0.0
544	Монарх (метелик)	674	4	88	16.0
545	Морімус	6	0	2	0.0
546	Морімус блакитний	13	0	2	0.0
547	Морімус справжній	10	0	2	0.5
548	Морфо	123	1	33	2.0
549	Москіт	64	0	6	2.0
550	Москіти	104	1	11	2.0
551	Мотиль	157	1	11	5.0
552	Мурахи	2323	23	160	62.0
553	Мурашиний лев звичайний	62	0	7	2.0
554	Мурашині леви	42	0	4	2.0
555	Муха вишнева	20	0	3	1.0
556	Муха гессенська	18	0	2	1.0
557	Муха капустяна весняна	13	0	2	1.0
558	Муха кімнатна	1610	12	134	45.0
559	Муха морквяна	20	0	3	1.0
560	Мухи	585	8	42	18.0
561	Мухи-стрічкокрилки	11	0	2	1.0
562	Мухоловка звичайна	1098	17	67	34.0
563	Надкрила	79	0	9	2.0
564	Наличник (біологія)	8	0	2	0.0
565	Настінні павуки-краби	6	0	3	0.0
566	Непарний шовкопряд	77	0	9	3.0
567	Неуротома фауста	1	0	1	0.0
568	Нівелія кров'янистонадкрила	12	0	3	1.0
569	Німфа (біологія)	84	0	7	3.0
570	Новокрилі	46	0	4	1.0
571	Ноги комах	326	1	32	10.0
572	Ноліди	3	0	1	0.0
573	Носатки	5	0	3	0.0
574	Носачка-листовидка	21	0	4	1.0
575	Носачки	3	0	1	0.0
576	Нотум	11	0	1	0.0
577	Образцов Микола Сергійович	3	0	2	0.0
578	Оводи	262	3	18	8.0
579	Оглоблін Дмитро Олексійович	4	0	1	0.0
580	Оглоблін Олександр Олексійович	13	0	3	0.0
581	Одноденки	96	0	10	2.0
582	Однопорі	4	0	1	0.0
583	Оксамитниця аретуса	11	0	2	1.0
584	Оксамитниця Тарпея	9	0	2	1.0
585	Оксамитниця Ютта	12	0	2	1.0
586	Оліготоміди	2	0	1	0.0
587	Онтофаг	3	0	1	0.0
588	Опариш	285	2	22	9.0
589	Опістосома	2	0	2	0.0
590	Опостегіди	1	0	1	0.0
591	Орусус паразитичний	8	0	1	1.0
592	Орхідейний богомол	69	0	8	2.0
593	Оса	1389	26	72	43.0
594	Осадець білозір	8	0	3	0.5
595	Осадець великий	16	0	5	1.0
596	Осадець Егерія	12	0	2	0.0
597	Осадець Мегера	20	0	4	1.0
598	Осмія руда	58	0	6	2.0
599	Очняк волове око	14	0	2	1.0
600	Очняк жовтогарячий	16	0	2	1.0
601	Очняк квітковий	9	0	2	1.0
602	Очняк Лікаон	7	0	2	1.0
603	Очняк ферульний	6	0	2	1.0
604	П'явиця синя	35	0	5	1.0
605	П'ядун аґрусовий	32	0	5	1.0
606	П'ядун березовий	69	0	12	2.0
607	П'ядун зимовий	37	0	5	1.0
608	П'ядун обведений	9	0	2	1.0
609	П'ядун щавлевий	8	0	2	0.0
610	П'ядуни	48	0	4	2.0
611	Павук жовтий	625	6	32	20.0
612	Павук-краб	16	0	3	1.0
613	Павук-сріблянка	617	7	41	18.0
614	Павук-хрестовик	3277	39	221	97.0
615	Павуки	2736	44	217	81.0
616	Павуки роду Argiope	9	0	4	0.0
617	Павуки-краби	211	1	22	4.0
618	Павуки-тенетники	159	0	12	5.0
619	Павуки-шовкопряди	0	0	0	0.0
620	Павукоподібні	1093	11	149	27.0
621	Павутинні кліщі	59	0	4	2.0
622	Панцирні кліщі	17	0	5	1.0
623	Паперові оси	98	1	13	3.0
624	Паразитоформні кліщі	28	0	3	1.0
625	Пасманець струмковий	10	0	2	1.0
626	Пауроподи	22	0	5	1.0
627	Пахіта	1	0	1	0.0
628	Пахіта смугаста	3	0	1	0.0
629	Пахіта чотириплямиста	0	0	0	0.0
630	Пацюкова блоха	106	0	39	2.0
631	Педикульоз	2074	43	101	66.0
632	Пелекоцера широколоба	1	0	1	0.0
633	Первиннобезкрилі комахи	45	0	6	1.0
634	Передньоспинка	6	0	2	0.0
635	Перетинчастокрилі	273	3	17	8.0
636	Періодичні цикади	75	0	9	2.0
637	Перлівець Геката	4	0	2	0.0
638	Перлівець Дафна	4	0	2	0.0
639	Перлівець Евномія	7	0	2	0.0
640	Перлівець Єфросина	8	0	4	0.0
641	Перлівець Іно	4	0	2	0.0
642	Перлівець малий	5	0	2	0.0
643	Перлівець північний	6	0	2	0.0
644	Перлівець Селена	4	0	2	0.0
645	Перлівець Титанія	4	0	2	0.0
646	Петрункевич Олександр Іванович	3	0	1	0.0
647	Печерний коник кавказький	1	0	1	0.0
648	Пилкоротиця південна	0	0	0	0.0
649	Пилкохвіст	1	0	1	0.0
650	Пилкохвіст Болдирева	20	0	6	1.0
651	Пилкохвіст український	20	0	4	1.0
652	Пилові кліщі	279	3	16	8.0
653	Пильщик березовий	6	0	1	0.0
654	Пильщики	52	0	8	2.0
655	Північна бурякова муха	17	0	3	1.0
656	Піґулочники	2	0	2	0.0
657	Підсрібник Адиппа	11	0	2	0.0
658	Підсрібник великий	22	0	5	1.0
659	Підсрібник габовий	13	0	3	0.0
660	Підсрібник Лаодіка	6	0	2	0.0
661	Підсрібник Латонія	12	0	2	1.0
662	Підсрібник Ніобея	10	0	3	0.5
663	Підсрібник Пандора	13	0	4	1.0
664	Плавунець облямований	164	0	16	4.0
665	Плавунець широкий	14	0	4	1.0
666	Плавунцеві	198	1	22	4.0
667	Плавунці	19	0	3	0.5
668	Пластинчастовусі	61	0	11	1.0
669	Платтяна воша	349	2	52	9.0
670	Плішивий шершень	27	0	3	1.0
671	Плодожерка яблунева	58	0	8	2.0
672	Плоский червоний кліщ	22	0	4	1.0
673	Плоскотілка червона	7	0	2	0.0
674	Плоскотілки	10	0	1	1.0
675	Політ комах	49	0	5	2.0
676	Пономаренко Олександр Георгійович	0	0	0	0.0
677	Попелиці	304	2	20	9.0
678	Попелиця баштанна	22	0	3	1.0
679	Порчинський Йосип Алоїзович	4	0	1	0.0
680	Постільний клоп	1106	18	77	32.0
681	Примарові	141	2	11	4.0
682	Прихованохоботник стебловий капустяний	12	0	2	1.0
683	Прихованощелепні	19	0	4	1.0
684	Прочанок	2	0	2	0.0
685	Прочанок Арканія	5	0	2	0.0
686	Прочанок Глікеріон	2	0	2	0.0
687	Прочанок Едип	3	0	2	0.0
688	Прочанок Леандр	4	0	2	0.0
689	Прочанок памфіл	15	0	4	0.0
690	Прус італійський	41	0	6	1.0
691	Прусак	148	0	13	5.0
692	Прусак рудий	334	2	28	11.0
693	Прямокрилі	156	1	14	5.0
694	Псарус черевастий	5	0	2	0.0
695	Псевдоскорпіони	81	0	9	3.0
696	Псевдофаенопс Якобсона	1	0	1	0.0
697	Псевдощитівки	4	0	1	0.0
698	Птахокрилка королеви Олександри	25	0	4	1.0
699	Птеростих	7	0	2	0.0
700	Пухоїди	44	0	6	1.0
701	Ранатра звичайна	18	0	3	1.0
702	Рафідофориди	21	0	7	1.0
703	Рицинулеї	5	0	2	0.0
704	Рівнокрилі	51	0	6	1.0
705	Рівнокрилі бабки	45	0	6	1.0
706	Різнокрилі	43	0	7	1.0
707	Рогач малий	52	0	5	2.0
708	Рогачі	44	0	5	1.0
709	Рогохвіст-авгур	8	0	1	1.0
710	Рогохвости	29	0	4	1.0
711	Родендорф Борис Борисович	1	0	1	0.0
712	Ротовий апарат комах	518	1	50	14.0
713	Руднєв Дмитро Федорович	0	0	0	0.0
714	Рябець Аврелія	3	0	2	0.0
715	Рябець Авринія	6	0	3	0.0
716	Рябець арденнський	3	0	2	0.0
717	Рябець Аталія	5	0	2	0.0
718	Рябець Бритомартида	7	0	2	0.0
719	Рябець великий	3	0	2	0.0
720	Рябець діаміна	6	0	2	0.0
721	Рябець звичайний	7	0	2	0.0
722	Рябець рудий	5	0	2	0.0
723	Рябець червоний	7	0	2	0.0
724	Сарана	453	6	31	14.0
725	Сарана марокська	12	0	2	1.0
726	Сарана перелітна	212	1	16	6.0
727	Саранові	37	0	3	1.0
728	Сатир боровий	10	0	3	0.0
729	Сатир боровий південний	2	0	2	0.0
730	Сатир Брісеїда	10	0	3	0.0
731	Сатир буковий	3	0	2	0.0
732	Сатир Герміона	11	0	5	0.0
733	Сатир Дріада	13	0	4	0.0
734	Сатир Персефона	3	0	2	0.0
735	Сатир Цирцея	13	0	5	0.0
736	Сатурнієві	13	0	3	0.0
737	Сатурнія (метелик)	8	0	2	0.5
738	Сатурнія велика	98	0	14	2.0
739	Світлякові	138	1	9	4.0
740	Сидячечеревні	13	0	2	0.0
741	Сизириди	2	0	1	0.0
742	Симфіли	17	0	2	1.0
743	Синдром руйнування колоній	39	0	4	1.0
744	Синявець Алькон	8	0	2	0.0
745	Синявець Альцет	5	0	2	0.0
746	Синявець Антерос	7	0	2	0.0
747	Синявець Аргирогномон	9	0	2	0.0
748	Синявець Аргіад	6	0	2	0.0
749	Синявець Аргус	10	0	2	1.0
750	Синявець Аріон	14	0	2	1.0
751	Синявець вицвілий	4	0	2	0.0
752	Синявець Вікрама	4	0	2	0.0
753	Синявець голуб'як	11	0	3	1.0
754	Синявець гороховий	5	0	2	0.0
755	Синявець Дамон	6	0	2	0.0
756	Синявець Дамоне	5	0	2	1.0
757	Синявець евмедон	6	0	3	0.0
758	Синявець Ідас	6	0	3	0.0
759	Синявець Ікар	31	0	3	1.0
760	Синявець карликовий	4	0	1	0.0
761	Синявець конюшиновий	7	0	1	0.0
762	Синявець Коридон	6	0	1	0.0
763	Синявець кримський	2	0	2	0.0
764	Синявець крушиновий	5	0	2	0.0
765	Синявець Мелеагр	5	0	1	0.0
766	Синявець Озиріс	3	0	1	0.0
767	Синявець Оріон	2	0	1	0.0
768	Синявець Піритой	2	0	1	0.0
769	Синявець приязний	4	0	2	0.0
770	Синявець Рипарта	1	0	1	0.0
771	Синявець Телей	4	0	1	0.0
772	Синявець темно-синій	9	0	3	0.0
773	Синявець Терсит	3	0	2	0.0
774	Синявець торфовищний	3	0	1	0.0
775	Синявець туркусовий	1	0	1	0.0
776	Синявець хазарський	2	0	1	0.0
777	Синявець чорнуватий	3	0	1	0.0
778	Синявцеві	57	0	9	1.0
779	Система Комстока-Нідема	2	0	1	0.0
780	Систематичний перелік родин жуків світу	20	0	3	1.0
781	Сінниця Геро	2	0	1	0.0
782	Сіноїди	42	0	4	1.5
783	Сітчастокрилі	23	0	4	1.0
784	Скарабей	40	0	4	1.0
785	Скарабей священний	641	9	40	19.0
786	Сколія-гігант	144	0	18	3.5
787	Сколопендра	527	6	30	16.0
788	Сколопендра гігантська	81	0	6	3.0
789	Сколопендра кільчаста	40	0	4	2.0
790	Сколопендра товста	4	0	1	0.0
791	Скорпіон кримський	69	0	7	2.0
792	Скорпіони	995	14	77	27.0
793	Скорпіонові мухи	25	0	4	1.0
794	Слимакоїд кримський	96	0	22	1.5
795	Сліпняк буряковий	13	0	3	1.0
796	Сліпняк люцерновий	17	0	3	1.0
797	Слоник люцерновий	14	0	2	1.0
798	Совинський Вадим Васильович	1	0	1	0.0
799	Совка Агриппіна	13	0	2	1.0
800	Совка капустяна	32	0	5	1.0
801	Совка озима	76	0	7	3.0
802	Совка пірамідальна	9	0	2	1.0
803	Совка соснова	14	0	2	1.0
804	Совка-гамма	58	0	6	1.0
805	Совки	175	0	14	5.0
806	Совки-п'ядуни	3	0	2	0.0
807	Сольпуга звичайна	39	0	4	1.0
808	Сольпуги	167	0	14	4.0
809	Соміти	139	0	16	4.0
810	Сонечка	1248	14	104	41.0
811	Сонечко двокрапкове	100	0	9	2.0
812	Сонечко семикрапкове	445	2	35	12.0
813	Сонцевик адмірал	143	0	20	4.0
814	Сонцевик будяковий	128	0	11	4.0
815	Сонцевик кропив'яний	104	0	12	2.0
816	Сонцевик павиче око	585	2	67	12.0
817	Сонцевик фау-біле	2	0	1	0.0
818	Сонцевики	123	0	12	3.5
819	Сонцевичок змінний	13	0	4	0.0
820	Список аністид України	2	0	2	0.0
821	Список бабок Польщі	2	0	1	0.0
822	Список бабок Росії	3	0	1	0.0
823	Список бабок України	108	0	11	3.5
824	Список богомолів Алжиру	6	0	1	1.0
825	Список богомолів В'єтнаму	1	0	1	0.0
826	Список богомолів Європи	36	0	6	1.0
827	Список богомолів Непалу	1	0	1	0.0
828	Список богомолів Північної Македонії	12	0	8	1.0
829	Список богомолів України	570	5	53	16.0
830	Список богомолів Шрі-Ланки	2	0	1	0.0
831	Список видів бджіл Ізраїлю	4	0	4	0.0
832	Список видів бджіл Швеції	5	0	2	0.0
833	Список видів джмелів України	117	1	9	3.0
834	Список видів мурах Грузії	15	0	8	1.0
835	Список видів мурах Данії	5	0	2	0.5
836	Список видів мурах Польщі	10	0	6	0.0
837	Список видів мурах роду Camponotus	5	0	1	0.5
838	Список видів мурах роду Crematogaster	2	0	1	0.0
839	Список видів мурах Росії	5	0	1	0.5
840	Список видів мурах України	162	0	15	4.0
841	Список видів мурах Швеції	3	0	1	0.0
842	Список видів мурах Шрі-Ланки	2	0	1	0.0
843	Список видів роду джміль	38	0	6	1.0
844	Список видів роду Aedes	7	0	2	0.5
845	Список видів роду Cicindela	3	0	1	1.0
846	Список двокрилих Польщі	31	0	5	1.0
847	Список денних метеликів Азербайджану	2	0	1	0.0
848	Список денних метеликів Алжиру	1	0	1	0.0
849	Список денних метеликів Вірменії	4	0	1	0.5
850	Список денних метеликів Ірану	1	0	1	0.0
851	Список денних метеликів Намібії	4	0	3	0.0
852	Список денних метеликів Російської Федерації	2	0	1	0.0
853	Список денних метеликів Санкт-Петербурга і Ленінградської області	1	0	1	0.0
854	Список денних метеликів Туреччини	1	0	1	0.0
855	Список денних метеликів України	970	11	119	24.0
856	Список денних метеликів Швеції	2	0	1	0.0
857	Список комах, занесених до Червоної книги України	150	0	13	4.0
858	Список лускокрилих Австрії	1	0	1	0.0
859	Список лускокрилих Албанії	1	0	1	0.0
860	Список лускокрилих Андорри	2	0	1	0.0
861	Список лускокрилих Бельгії	1	0	1	0.0
862	Список лускокрилих Білорусі	1	0	1	0.0
863	Список лускокрилих Болгарії	3	0	1	0.0
864	Список лускокрилих Боснії і Герцеговини	3	0	1	0.0
865	Список лускокрилих Греції	2	0	1	0.0
866	Список лускокрилих Данії	2	0	1	0.0
867	Список лускокрилих Естонії	2	0	1	0.0
868	Список лускокрилих Ірану	0	0	0	0.0
869	Список лускокрилих Кіпру	2	0	1	0.0
870	Список лускокрилих Латвії	2	0	1	0.0
871	Список лускокрилих Литви	1	0	1	0.0
872	Список лускокрилих Ліхтенштейну	2	0	1	0.0
873	Список лускокрилих Люксембургу	1	0	1	0.0
874	Список лускокрилих Молдови	5	0	1	0.0
875	Список лускокрилих Намібії	2	0	1	0.0
876	Список лускокрилих Норвегії	1	0	1	0.0
877	Список лускокрилих Острова Пасхи	1	0	1	0.0
878	Список лускокрилих Островів Святої Єлени, Вознесіння і Тристан-да-Кунья	1	0	1	0.0
879	Список лускокрилих Північної Македонії	69	0	43	0.0
880	Список лускокрилих Польщі	2	0	1	0.0
881	Список лускокрилих Російської Федерації	29	0	5	1.0
882	Список лускокрилих Румунії	3	0	1	0.0
883	Список лускокрилих Сербії, Чорногорії та Косова	2	0	2	0.0
884	Список лускокрилих Словаччини	9	0	5	0.0
885	Список лускокрилих Танзанії	5	0	1	1.0
886	Список лускокрилих Угорщини	2	0	1	0.0
887	Список лускокрилих України	121	0	21	2.0
888	Список лускокрилих Фінляндії	2	0	1	0.0
889	Список лускокрилих Хорватії	3	0	2	0.0
890	Список лускокрилих Чехії	4	0	1	0.0
891	Список лускокрилих Швеції	5	0	2	0.0
892	Список лускокрилих Шрі-Ланки	8	0	1	1.0
893	Список метеликів родини Coleophoridae Туреччини	0	0	0	0.0
894	Список молей Туреччини	1	0	1	0.0
895	Список павуків Польщі	83	0	8	3.0
896	Список павуків Шрі-Ланки	1	0	1	0.0
897	Список прямокрилих України	49	0	6	1.0
898	Список скорпіонів Шрі-Ланки	3	0	1	0.0
899	Список совок Туреччини	2	0	1	0.0
900	Список тарганів Польщі	2	0	1	0.0
901	Список турунів Білорусі	1	0	1	0.0
902	Список турунів Естонії	1	0	1	0.0
903	Список турунів Молдови	4	0	3	0.0
904	Справжні ківсяки	11	0	3	0.5
905	Справжні клопи	147	1	14	5.0
906	Справжні коники	571	8	32	18.0
907	Справжні оси	61	0	6	2.0
908	Справжні попелиці	26	0	4	1.0
909	Справжні цвіркуни	96	0	8	3.0
910	Стафілін волохатий	6	0	1	1.0
911	Стафілін пахучий	32	0	5	1.0
912	Стебельчасточеревні	21	0	4	1.0
913	Стенурелла	3	0	2	0.0
914	Стерніт	37	0	5	1.0
915	Странгалія	1	0	1	0.0
916	Странґаліна вузькотіла	8	0	2	1.0
917	Стрибуни	3	0	1	0.0
918	Стрілка (бабка)	10	0	2	1.0
919	Стрілка Ліндена	5	0	1	0.0
920	Стрілка Меркурія	12	0	3	0.0
921	Стрілки (родина)	18	0	4	0.0
922	Стрільчатка псі	6	0	3	0.0
923	Стрільчатка тризубець	5	0	2	0.0
924	Стрільчатка щавлева	4	0	1	0.0
925	Стрічкарка диз'юнктивна	26	0	5	1.5
926	Стрічкарка Камілла	4	0	2	0.0
927	Стрічкарка орденська малинова	25	0	7	1.0
928	Стрічкарка тополева	22	0	4	1.0
929	Стрічкарка червоно-жовта	2	0	1	0.0
930	Стрічкарки	8	0	3	0.0
931	Строкатки (метелики)	38	0	5	1.0
932	Строкатокрилки	16	0	3	1.0
933	Тагма	11	0	2	1.0
934	Тарантул	884	9	64	27.0
935	Тарантул південноруський	1190	11	130	34.0
936	Тарган чорний	188	1	19	6.5
937	Таргани	1151	21	51	37.0
938	Тарганові перегони	8	0	1	1.0
939	Тарганоподібні	79	0	14	2.0
940	Твердокрилі	555	6	41	15.0
941	Теленга Микола Абрамович	12	0	4	0.0
942	Тельсон	17	0	2	1.0
943	Тенебріоноїдні	2	0	1	0.0
944	Теодор Генрі Фрісон	0	0	0	0.0
945	Тер-Мінасян Маргарита Єрвандівна	2	0	1	0.0
946	Тергіт	24	0	4	1.0
947	Терміти	268	4	18	8.0
948	Тетригіди	2	0	1	0.0
949	Томарес Каллімах	0	0	0	0.0
950	Томас Волластон	0	0	0	0.0
951	Тонкі ківсяки	2	0	1	0.0
952	Тонкопряди	3	0	1	0.0
953	Тонкочеревець Фонсколомба	7	0	2	0.0
954	Торакс (зоологія)	48	0	9	1.0
955	Трахеї	67	0	6	2.0
956	Трахейнодишні	16	0	3	0.0
957	Триктенотоміди	4	0	1	0.0
958	Трипси	91	0	8	3.0
959	Тріскачка ширококрила	4	0	1	0.0
960	Тромбідіформні кліщі	20	0	8	1.0
961	Трубкокрут дубовий	16	0	2	1.0
962	Трубкокрути	8	0	2	0.0
963	Трубконосики	1	0	1	0.0
964	Трутень	577	7	29	19.0
965	Турун	124	0	19	3.0
966	Турун бесарабський	4	0	2	0.0
967	Турун Менетріє	5	0	1	0.0
968	Турун печерний Дублянського	0	0	0	0.0
969	Турун угорський	9	0	2	1.0
970	Турун Фабра	1	0	1	0.0
971	Турун Фабра український	33	0	5	1.0
972	Турун хлібний	50	0	5	2.0
973	Турун Щеглова	0	0	0	0.0
974	Туруни	173	0	19	4.0
975	Туруноїдні	2	0	1	0.0
976	Уваров Борис Петрович	0	0	0	0.0
977	Фасеткове око	103	0	9	3.0
978	Філоксера виноградна	90	0	8	2.0
979	Фредерік Мур	3	0	2	0.0
980	Френсіс Песко	1	0	1	0.0
981	Хвостюшки	2	0	1	0.0
982	Хвостюшок акацієвий	6	0	1	1.0
983	Хвостюшок в'язовий	8	0	2	0.0
984	Хвостюшок падубник	3	0	2	0.0
985	Хвостюшок підзелень	4	0	1	0.0
986	Хвостюшок сливовий	4	0	1	0.0
987	Хвостюшок терновий	7	0	4	0.0
988	Хижі жуки	14	0	2	1.0
989	Хітин	1689	4	117	46.0
990	Хоботкові метелики	41	0	7	1.5
991	Хореутиди	30	0	27	0.0
992	Хребтоплав звичайний	13	0	2	1.0
993	Хризоліна	2	0	1	0.0
994	Хризомеліни	2	0	1	0.0
995	Хрущ	291	2	31	9.0
996	Хрущ волохатий	28	0	5	1.0
997	Хрущ мармуровий	49	0	5	2.0
998	Хрущ травневий	1159	7	94	32.0
999	Хрущак борошняний	68	0	5	2.0
1000	Хрущі	84	0	8	2.5
1001	Царічкова Діана Борисівна	2	0	1	0.0
1002	Цвіркун польовий	280	1	22	8.0
1003	Цвіркуни	196	0	14	7.0
1004	Целонітес абревіатус кримський	3	0	1	0.0
1005	Церамбікоїдні	4	0	1	0.0
1006	Цератофій багаторогий	16	0	2	1.0
1007	Цеце	446	5	48	12.0
1008	Цикади	578	5	52	16.0
1009	Цикадки	31	0	3	1.0
1010	Чарльз Ротшильд	1	0	1	0.0
1011	Чекініола пластисцелідина	15	0	4	1.0
1012	Червеці	22	0	3	1.0
1013	Червець	172	0	22	5.0
1014	Червиця пахуча	54	0	8	1.0
1015	Червневий хрущ	29	0	4	1.0
1016	Червоноклоп червоний	639	8	40	22.0
1017	Червонолоб	1	0	1	0.0
1018	Червчик Комстока	8	0	3	0.0
1019	Черевце	46	0	6	2.0
1020	Черевце комах	91	0	16	3.0
1021	Чорнотілки	56	0	11	1.0
1022	Чубатка пишновуса	9	0	3	0.0
1023	Шапіро Дора Самійлівна	2	0	1	0.0
1024	Шведські мухи	19	0	6	0.0
1025	Шелюжко Лев Андрійович	12	0	3	0.0
1026	Шершень	1203	18	81	37.0
1027	Шершень звичайний	333	1	18	11.0
1028	Шершень східний	36	0	6	1.0
1029	Шизоміди	15	0	3	1.0
1030	Шкіроїди	44	0	4	1.0
1031	Шовкопряд шовковичний	517	5	51	14.0
1032	Шовкопряди	22	0	5	1.0
1033	Шовкопряди похідні	7	0	2	0.0
1034	Щербатка c-біле	28	0	3	1.0
1035	Щетинкохвості	24	0	6	1.0
1036	Щитівки	27	0	3	1.0
1037	Щитники	27	0	4	1.0
1038	Щупальця	53	0	6	1.0
1039	Явище флюоресценції у скорпіонів	0	0	0	0.0
1040	Яйцеклад	34	0	4	1.0
1041	Aaaba	4	0	1	0.0
1042	Aaata finchi	2	0	1	0.0
1043	Abax	9	0	2	0.0
1044	Abiromorphus anceyi	4	0	3	0.0
1045	Acalyptratae	1	0	1	0.0
1046	Acanthaeschna victoria	4	0	2	0.0
1047	Acanthopsychops triaina	2	0	2	1.0
1048	Acanthopteroctetidae	1	0	1	0.0
1049	Aconurella	0	0	0	0.0
1050	Acorius	0	0	0	0.0
1051	Acostemminae	0	0	0	0.0
1052	Acraea horta	2	0	1	0.0
1053	Acromyrmex	1	0	1	0.0
1054	Acronicta	6	0	1	0.0
1055	Actenicerus	0	0	0	0.0
1056	Adela croesella	1	0	1	0.0
1057	Adela cuprella	3	0	1	0.0
1058	Adelowalkeria	0	0	0	0.0
1059	Adelpholeon lithophorus	3	0	2	0.0
1060	Adosomus	9	0	2	0.0
1061	Adosomus roridus	13	0	3	1.0
1062	Adrapsa	0	0	0	0.0
1063	Adrapsoides	1	0	1	0.0
1064	Aedes	34	0	5	1.0
1065	Aedes aegypti	29	0	5	1.0
1066	Aedes albopictus	62	0	7	2.0
1067	Aedes dorsalis	1	0	1	0.0
1068	Aedes nigromaculis	1	0	1	0.0
1069	Aenictus	0	0	0	0.0
1070	Aethiocarenus burmanicus	5	0	5	0.0
1071	Afghanocleonus	1	0	1	0.0
1072	Afrolarinus	0	0	0	0.0
1073	Agabinae	1	0	1	0.0
1074	Agapanthia amicula	0	0	0	0.0
1075	Agapanthia angelicae	0	0	0	0.0
1076	Agapanthia annularis	0	0	0	0.0
1077	Agapanthia asphodeli	0	0	0	0.0
1078	Agapanthia detrita	0	0	0	0.0
1079	Agapanthia pesarinii	0	0	0	0.0
1080	Agelenidae	18	0	4	1.0
1081	Agelenoidea	0	0	0	0.0
1082	Ageleradix	1	0	1	0.0
1083	Ageleradix cymbiforma	1	0	1	0.0
1084	Ageleradix otiforma	0	0	0	0.0
1085	Agonum	3	0	2	0.0
1086	Agonum dolens	0	0	0	0.0
1087	Agonum ericeti	3	0	1	0.0
1088	Agonum gracilipes	3	0	1	0.0
1089	Agonum lugens	0	0	0	0.0
1090	Agonum sexpunctatum	1	0	1	0.0
1091	Agonum versutum	0	0	0	0.0
1092	Agraeciini	1	0	1	0.0
1093	Agraulis vanillae	1	0	1	0.0
1094	Aguriahana	1	0	1	0.0
1095	Albicostella	0	0	0	0.0
1096	Alebra	0	0	0	0.0
1097	Aleocharinae	3	0	1	0.0
1098	Allantinae	1	0	1	0.0
1099	Allolarinus	1	0	1	0.0
1100	Alobaldia	0	0	0	0.0
1101	Alucita bulgaria	1	0	1	0.0
1102	Alucita karadagica	1	0	1	0.0
1103	Alucita pliginskii	1	0	1	0.0
1104	Alysiinae	0	0	0	0.0
1105	Amarixys	3	0	1	0.0
1106	Amarixys gracilis	1	0	1	0.0
1107	Ameles	12	0	3	0.0
1108	Ameles decolor	8	0	3	1.0
1109	Ameles fasciipennis	10	0	2	1.0
1110	Ameles spallanzania	4	0	2	0.0
1111	Amelinae	1	0	1	0.0
1112	Amelini	0	0	0	0.0
1113	Amimenus	0	0	0	0.0
1114	Ammocleonus	0	0	0	0.0
1115	Amselina cedestiella	17	0	16	0.0
1116	Anareolatae	0	0	0	0.0
1117	Aneuretus simoni	0	0	0	0.0
1118	Anomala binotata	0	0	0	0.0
1119	Anomaloninae	6	0	4	0.0
1120	Anopheles	129	0	28	3.0
1121	Anopheles (підрід)	4	0	2	0.0
1122	Anopheles freeborni	1	0	1	0.0
1123	Anopheles minor	1	0	1	0.0
1124	Anoplognathini	0	0	0	0.0
1125	Anoplura	84	0	6	2.0
1126	Anthrenus	4	0	2	0.0
1127	Apamea	2	0	1	0.0
1128	Apamea barbara	1	0	1	0.0
1129	Apamea glenura	0	0	0	0.0
1130	Apameini	0	0	0	0.0
1131	Aparotopus	0	0	0	0.0
1132	Aphelinidae	3	0	2	0.0
1133	Aphidiinae	0	0	0	0.0
1134	Aphidoletes	0	0	0	0.0
1135	Aphis	3	0	1	0.0
1136	Aphis baccharicola	0	0	0	0.0
1137	Aphthartopsychops scutatus	3	0	2	0.0
1138	Aphthona herbigrada	0	0	0	0.0
1139	Aphthona melancholica	0	0	0	0.0
1140	Aplesilus	0	0	0	0.0
1141	Apleurus	0	0	0	0.0
1142	Apoditrysia	2	0	1	0.0
1143	Apoidea	30	0	3	1.0
1144	Aprosthema	6	0	4	0.0
1145	Aptenoperissus	5	0	5	0.0
1146	Aptenoperissus etius	2	0	2	0.0
1147	Aptenoperissus magnifemoris	2	0	2	0.0
1148	Aptenoperissus pusillus	2	0	2	0.0
1149	Apteromantis aptera	3	0	1	0.0
1150	Araneoidea	1	0	1	0.0
1151	Arbelana	0	0	0	0.0
1152	Arboridia	0	0	0	0.0
1153	Archaeocercus schuvachinae	3	0	3	0.0
1154	Archaeolepis mane	3	0	1	0.0
1155	Archiearinae	6	0	1	0.0
1156	Archiinocellia oligoneura	4	0	4	0.0
1157	Architendipedidae	3	0	2	0.0
1158	Archizelmiridae	4	0	2	0.0
1159	Archocyrtus	7	0	3	0.0
1160	Archocyrtus kovalevi	19	0	9	1.0
1161	Arctiinae	4	0	1	0.0
1162	Arctoperlaria	0	0	0	0.0
1163	Arge pallidinervis	0	0	0	0.0
1164	Argema	2	0	1	0.0
1165	Argema mittrei	7	0	2	0.0
1166	Argiope	69	0	6	2.0
1167	Argiope aemula	5	0	3	0.0
1168	Argiope aetheroides	0	0	0	0.0
1169	Argiope amoena	12	0	2	1.0
1170	Argiope anasuja	1	0	1	0.0
1171	Argiope argentata	3	0	1	0.0
1172	Argiope aurantia	37	0	5	2.0
1173	Argiope boesenbergi	0	0	0	0.0
1174	Argiope catenulata	5	0	2	0.0
1175	Argiope chloreis	3	0	1	0.0
1176	Argiope dang	0	0	0	0.0
1177	Argiope doleschalli	0	0	0	0.0
1178	Argiope hoiseni	0	0	0	0.0
1179	Argiope lobata	429	4	27	13.0
1180	Argiope mangal	0	0	0	0.0
1181	Argiope minuta	2	0	1	0.0
1182	Argiope modesta	3	0	1	0.0
1183	Argiope ocula	1	0	1	0.0
1184	Argiope perforata	6	0	2	0.0
1185	Argiope picta	20	0	14	0.5
1186	Argiope pulchella	7	0	3	0.0
1187	Argiope reinwardti	4	0	1	0.0
1188	Argiope trifasciata	4	0	1	0.0
1189	Argynnini	4	0	1	0.0
1190	Argyresthia albistria	1	0	1	0.0
1191	Argyresthia bergiella	1	0	1	0.0
1192	Argyresthia bonnetella	5	0	2	0.0
1193	Argyresthia conjugella	2	0	1	0.0
1194	Argyresthia illuminatella	1	0	1	0.0
1195	Argyresthia ivella	1	0	1	0.0
1196	Argyresthia laevigatella	2	0	1	0.0
1197	Argyresthia praecocella	2	0	1	0.0
1198	Argyresthia pruniella	1	0	1	0.0
1199	Argyresthia pygmaeella	1	0	1	0.0
1200	Argyresthia retinella	1	0	1	0.0
1201	Argyresthia semifusca	2	0	1	0.0
1202	Argyrotaenia brimuncus	0	0	0	0.0
1203	Aricia artaxerxes	10	0	3	1.0
1204	Arractocetus	0	0	0	0.0
1205	Aruena apicimaculata	1	0	1	0.0
1206	Asiarge	0	0	0	0.0
1207	Asiarge centralis	0	0	0	0.0
1208	Asiarge regeli	0	0	0	0.0
1209	Asinocleonus	0	0	0	0.0
1210	Asiochaoboridae	2	0	2	0.0
1211	Aspidiotinae	0	0	0	0.0
1212	Asproparthenis	11	0	2	1.0
1213	Atactogaster	1	0	1	0.0
1214	Atherigoninae	5	0	2	0.0
1215	Athysanella	0	0	0	0.0
1216	Athysanopsis	1	0	1	0.0
1217	Athysanus	2	0	1	0.0
1218	Atolmis rubricollis	0	0	0	0.0
1219	Atrax sutherlandi	1	0	1	0.0
1220	Atta	13	0	5	0.5
1221	Atta cephalotes	3	0	2	0.0
1222	Atta colombica	2	0	2	0.0
1223	Atta texana	1	0	1	0.0
1224	Atta vollenweideri	1	0	1	0.0
1225	Attacus atlas	32	0	4	1.0
1226	Attercopus fimbriunguis	2	0	1	0.0
1227	Austroasca	0	0	0	0.0
1228	Aztecarpalus	1	0	1	0.0
1229	Balclutha	0	0	0	0.0
1230	Balinskycercella	2	0	1	0.0
1231	Bambusana	0	0	0	0.0
1232	Bangasternus	2	0	2	0.0
1233	Barbitistes constrictus	11	0	3	1.0
1234	Barbitistini	1	0	1	0.0
1235	Bathyphlebia	0	0	0	0.0
1236	Batrachedra praeangusta	6	0	2	0.0
1237	Batrachedridae	4	0	1	0.0
1238	Batrisini	0	0	0	0.0
1239	Bellinympha	5	0	3	0.0
1240	Besuchetiella	0	0	0	0.0
1241	Blaberidae	19	0	5	0.5
1242	Blastobasis phycidella	4	0	1	1.0
1243	Blastobasis ponticella	2	0	1	0.0
1244	Blattellidae	10	0	2	0.0
1245	Blattuloidea	1	0	1	0.0
1246	Blepharodinae	0	0	0	0.0
1247	Blepharopsis mendica	5	0	4	0.0
1248	Bobacella	0	0	0	0.0
1249	Bodemeyeria	0	0	0	0.0
1250	Boganiidae	3	0	1	0.0
1251	Boletobiinae	1	0	1	0.0
1252	Bolivaria	0	0	0	0.0
1253	Bombus transversalis	0	0	0	0.0
1254	Bombus tricornis	0	0	0	0.0
1255	Bombus trinominatus	0	0	0	0.0
1256	Bothriurus olaen	0	0	0	0.0
1257	Bothrogonia	0	0	0	0.0
1258	Bothynoderes	11	0	2	1.0
1259	Brachodes pumila	17	0	15	1.0
1260	Brachyceridae	3	0	1	0.0
1261	Brachycerinae	2	0	1	0.0
1262	Brachycerini	2	0	2	0.0
1263	Brachycerus	12	0	3	1.0
1264	Brachycleonus	2	0	2	0.0
1265	Brachysternus	0	0	0	0.0
1266	Brachysternus angustus	0	0	0	0.0
1267	Brachysternus germaini	0	0	0	0.0
1268	Brachysternus marginatus	0	0	0	0.0
1269	Brachysternus patagoniensis	0	0	0	0.0
1270	Brachysternus prasinus	0	0	0	0.0
1271	Brachysternus solier	1	0	1	0.0
1272	Brachysternus spectabilis	0	0	0	0.0
1273	Bracon hebetor	3	0	1	0.0
1274	Broconius	5	0	1	1.0
1275	Bryodemella	0	0	0	0.0
1276	Bubas bubalus	0	0	0	0.0
1277	Bubopsis agrionoides	1	0	1	0.5
1278	Buccinatormyia	17	0	17	8.5
1279	Bucculatrix albedinella	5	0	2	1.0
1280	Bucculatrix anthemidella	1	0	1	0.0
1281	Bucculatrix artemisiella	2	0	1	0.0
1282	Bucculatrix frangutella	27	0	19	1.0
1283	Bucculatrix gnaphaliella	11	0	8	3.0
1284	Bucculatrix infans	23	0	13	1.0
1285	Bucculatrix maritima	21	0	20	1.0
1286	Bucculatrix noltei	17	0	10	1.0
1287	Bucculatrix paliuricola	20	0	11	0.0
1288	Bucculatrix thoracella	19	0	15	0.5
1289	Bucculatrix ulmella	2	0	1	0.0
1290	Bulbitermes	3	0	3	0.0
1291	Buprestinae	3	0	2	0.0
1292	Buprestis	5	0	3	0.0
1293	Burmocorynus jarzembowski	3	0	3	0.0
1294	Burmogramma liui	2	0	2	0.0
1295	Burmomacer kirejtshuki	2	0	2	0.0
1296	Burmopsychops	4	0	3	0.0
1297	Cacopsylla	2	0	1	0.0
1298	Cacopsylla costalis	0	0	0	0.0
1299	Cacopsylla crataegi	0	0	0	0.0
1300	Cacopsylla cretica	0	0	0	0.0
1301	Cacopsylla curta	1	0	1	0.0
1302	Cacopsylla difficilis	0	0	0	0.0
1303	Cacopsylla dilonchi	0	0	0	0.0
1304	Cacopsylla elegantula	0	0	0	0.0
1305	Cacopsylla exima	0	0	0	0.0
1306	Calamoceratidae	1	0	1	0.0
1307	Caligula	21	0	3	1.0
1308	Callistolixus	6	0	1	1.0
1309	Calodemas	0	0	0	0.0
1310	Calopterygoidea	1	0	1	0.0
1311	Calyptratae	1	0	1	0.0
1312	Camponotus	16	0	4	1.0
1313	Camponotus vagus	31	0	5	1.0
1314	Camptopterohelea odora	2	0	2	0.0
1315	Carabinae	2	0	1	0.0
1316	Carparachne aureoflava	11	0	3	1.0
1317	Catocalini	1	0	1	0.0
1318	Cauchas fibulella	16	0	13	1.0
1319	Cecidomyiinae	0	0	0	0.0
1320	Centrocleonus	0	0	0	0.0
1321	Cerambyx welensii	1	0	1	0.0
1322	Ceratocampinae	1	0	1	0.0
1323	Chalcophora mariana	22	0	5	1.0
1324	Charaxes candiope	1	0	1	0.0
1325	Chauliognathus pensylvanicus	0	0	0	0.0
1326	Cheiracanthium inclusum	13	0	3	1.0
1327	Chilocorus bipustulatus	1	0	1	0.0
1328	Chilognatha	3	0	1	0.0
1329	Chimerarachne yingi	2	0	1	0.0
1330	Chironomoidea	3	0	2	0.0
1331	Chorthippus dorsatus	2	0	1	0.0
1332	Chromonotus	4	0	2	0.0
1333	Chromosomus	3	0	1	0.0
1334	Chrysididae	18	0	7	0.0
1335	Chrysidoidea	3	0	1	0.0
1336	Chrysis comparata	0	0	0	0.0
1337	Chrysis fulgida	3	0	1	0.0
1338	Chrysis pulchella	0	0	0	0.0
1339	Chrysis zetterstedti	0	0	0	0.0
1340	Chrysolina (підрід)	0	0	0	0.0
1341	Chrysops	10	0	4	0.0
1342	Chthonioidea	2	0	1	0.0
1343	Cicadula	0	0	0	0.0
1344	Cicindela	4	0	1	0.0
1345	Cicindela hybrida	8	0	2	0.5
1346	Cicindelina	1	0	1	0.0
1347	Cicindelinae	3	0	1	0.0
1348	Cicindelini	1	0	1	0.0
1349	Cimicoidea	3	0	1	0.0
1350	Cimicomorpha	3	0	1	0.0
1351	Citheronia	0	0	0	0.0
1352	Citioica	0	0	0	0.0
1353	Cladofer huangi	2	0	2	0.0
1354	Cleonini	4	0	2	0.0
1355	Cleonis	4	0	1	1.0
1356	Cleonolithus	2	0	2	0.0
1357	Cleridae	8	0	2	0.0
1358	Clistopyga crassicaudata	0	0	0	0.0
1359	Clitumninae	0	0	0	0.0
1360	Clytra appendicina	1	0	1	0.0
1361	Clytra atraphaxidis	1	0	1	0.0
1362	Cnemodontus	1	0	1	0.0
1363	Coccidulinae	6	0	1	0.0
1364	Coccinellinae	7	0	2	0.0
1365	Coccophagus	0	0	0	0.0
1366	Coccophagus lycimnia	2	0	1	0.0
1367	Coccophagus maculipennis	0	0	0	0.0
1368	Coccophagus malthusi	0	0	0	0.0
1369	Coccophagus margaritatus	1	0	1	0.0
1370	Coelidiinae	0	0	0	0.0
1371	Coenagrionoidea	1	0	1	0.0
1372	Coleophora adjunctella	19	0	19	9.5
1373	Colladonus	0	0	0	0.0
1374	Compsolixus	5	0	2	0.5
1375	Coniocleonus	7	0	2	0.0
1376	Conocephalinae	11	0	4	1.0
1377	Conorhynchus	5	0	2	0.0
1378	Coptera anka	8	0	6	0.0
1379	Coreana raphaelis	6	0	6	0.0
1380	Coreoidea	2	0	1	0.0
1381	Cornupalpatum burmanicum	2	0	1	0.0
1382	Cosmogaster	0	0	0	0.0
1383	Cosmophasis bitaeniata	2	0	1	1.0
1384	Cotesia glomerata	6	0	1	0.5
1385	Coulinus	0	0	0	0.0
1386	Creatonotos gangis	94	0	19	2.0
1387	Crematogaster	3	0	1	0.0
1388	Crematogaster schmidti	9	0	2	1.0
1389	Creobroter	1	0	1	0.0
1390	Creoleon lugdunensis	0	0	0	0.0
1391	Cretanallachius magnificus	4	0	4	0.0
1392	Cretogramma engeli	3	0	2	0.0
1393	Cretoparacucujus cycadophilus	3	0	3	0.0
1394	Cryphopus	2	0	2	0.0
1395	Ctenurella	1	0	1	0.0
1396	Cuculliinae	0	0	0	0.0
1397	Culicomorpha	8	0	2	0.0
1398	Cupiennius	2	0	1	0.0
1399	Cupiennius salei	8	0	2	0.0
1400	Curculioididae	3	0	2	0.0
1401	Curculioninae	0	0	0	0.0
1402	Curculionites	5	0	2	0.0
1403	Cybister lateralimarginalis	7	0	2	0.0
1404	Cylindera	2	0	2	0.0
1405	Cylindera germanica	0	0	0	0.0
1406	Cylindera glabra	0	0	0	0.0
1407	Cymothoe sangaris	3	0	2	0.0
1408	Cynthia	8	0	2	0.0
1409	Cyphocleonus	6	0	2	0.0
1410	Danainae	13	0	3	0.0
1411	Daphnusa	0	0	0	0.0
1412	Daphnusa ailanti	0	0	0	0.0
1413	Daphnusa sinocontinentalis	0	0	0	0.0
1414	Darwinylus marcosi	2	0	2	0.0
1415	Dasineura	1	0	1	0.0
1416	Dasystoma salicella	2	0	1	0.0
1417	Deinocroton draculi	2	0	1	0.0
1418	Deltocephalus	0	0	0	0.0
1419	Demodex cyonis	0	0	0	0.0
1420	Desis bobmarleyi	0	0	0	0.0
1421	Diaea	1	0	1	0.0
1422	Diaea dorsata	3	0	2	0.0
1423	Diaea ergandros	2	0	2	0.0
1424	Diaea evanida	3	0	1	0.5
1425	Diaea giltayi	1	0	1	0.0
1426	Diaeini	4	0	1	0.0
1427	Dikraneura	0	0	0	0.0
1428	Dilixellus	5	0	1	1.0
1429	Diodontognathus papillatus	0	0	0	0.0
1430	Dipteromantispidae	3	0	2	0.0
1431	Dolichopoda	1	0	1	0.0
1432	Dolichopoda geniculata	1	0	1	0.0
1433	Dolichopoda graeca	0	0	0	0.0
1434	Dolichopoda hussoni	0	0	0	0.0
1435	Dolichopoda makrykapa	0	0	0	0.0
1436	Dolomedes	12	0	4	0.0
1437	Donacia semicuprea	0	0	0	0.0
1438	Doratura	0	0	0	0.0
1439	Dorcadion cinerarium	0	0	0	0.0
1440	Dorcadion fuliginator	0	0	0	0.0
1441	Dorcadion mokrzeckii	8	0	2	0.0
1442	Dorcadion pedestre	0	0	0	0.0
1443	Dorcadion sareptanum	2	0	1	0.0
1444	Dryocampa	1	0	1	0.0
1445	Dryops	2	0	1	0.0
1446	Dysaphis	0	0	0	0.0
1447	Eacles	0	0	0	0.0
1448	Eacles barnesi	0	0	0	0.0
1449	Eacles oslari	0	0	0	0.0
1450	Eciton	0	0	0	0.0
1451	Ecitophya	0	0	0	0.0
1452	Ectinogonia buqueti	0	0	0	0.0
1453	Ederranus	0	0	0	0.0
1454	Edessena	0	0	0	0.0
1455	Eduardoxenus unicus	2	0	2	0.0
1456	Edwardsiana	0	0	0	0.0
1457	Elaea	0	0	0	0.0
1458	Elaterinae	3	0	1	0.0
1459	Electrocaptivus xui	3	0	2	0.5
1460	Elymana	2	0	1	0.0
1461	Emblemasoma erro	1	0	1	0.0
1462	Empoa	1	0	1	0.0
1463	Empoasca	3	0	2	0.0
1464	Empusa guttula	1	0	1	0.0
1465	Empusa hedenborgii	0	0	0	0.0
1466	Empusa longicollis	0	0	0	0.0
1467	Empusa pennata	16	0	7	0.0
1468	Empusa uvarovi	0	0	0	0.0
1469	Endoxyla cinereus	1	0	1	0.0
1470	Entiminae	4	0	3	0.0
1471	Entymetopus	0	0	0	0.0
1472	Eocleonus	4	0	2	0.0
1473	Eophyllium messelensis	2	0	2	0.0
1474	Epexochus	2	0	2	0.0
1475	Ephimeronotus	0	0	0	0.0
1476	Epiacanthus	1	0	1	0.0
1477	Epimeces	3	0	2	0.0
1478	Epiocheirata	3	0	1	1.0
1479	Episyrphus balteatus	6	0	2	0.0
1480	Eremiaphila	1	0	1	0.0
1481	Eremiaphilidae	5	0	1	0.0
1482	Eremoplana	1	0	1	0.0
1483	Eriovixia gryffindori	6	0	2	0.0
1484	Eristalis bardus	0	0	0	0.0
1485	Erythracarinae	1	0	1	0.0
1486	Erythromma	3	0	1	0.0
1487	Euacanthellinae	1	0	1	0.0
1488	Eugeniodecus	0	0	0	0.0
1489	Euhypnorna grata	1	0	1	0.0
1490	Eukoenenia	1	0	1	0.0
1491	Eukoenenia christiani	0	0	0	0.0
1492	Eukoenenia strinatii	0	0	0	0.0
1493	Eukoeneniidae	1	0	1	0.0
1494	Eulixus	4	0	2	0.0
1495	Eumecops	2	0	1	0.0
1496	Eumesocampa	0	0	0	0.0
1497	Euophrys omnisuperstes	1	0	1	0.0
1498	Eupelix	0	0	0	0.0
1499	Eupithecia basurmanca	1	0	1	0.0
1500	Eupteryx	2	0	1	0.0
1501	Eurhadina	0	0	0	0.0
1502	Eurycleonus	2	0	2	0.0
1503	Eurythyrea	8	0	2	0.0
1504	Euscelis	0	0	0	0.0
1505	Euscorpius beroni	3	0	1	0.0
1506	Eusparassus dufouri	0	0	0	0.0
1507	Eustenopus	0	0	0	0.0
1508	Eutulomatus	0	0	0	0.0
1509	Evacanthus	1	0	1	0.0
1510	Extatosoma tiaratum	8	0	2	0.0
1511	Fagina silvatica	0	0	0	0.0
1512	Fallomyrma	3	0	2	0.0
1513	Fallomyrma anodonta	2	0	2	0.0
1514	Fallomyrma marginata	2	0	2	0.0
1515	Fallomyrma robusta	3	0	2	1.0
1516	Fideliinae	0	0	0	0.0
1517	Filistata maguirei	0	0	0	0.0
1518	Forcipata	1	0	1	0.0
1519	Formiciinae	10	0	3	0.0
1520	Formicini	3	0	2	0.0
1521	Furcantenna yangi	0	0	0	0.0
1522	Gasteroclisus	1	0	1	0.0
1523	Gastrophysa	1	0	1	0.0
1524	Geomantis	0	0	0	0.0
1525	Geomantis larvoides	1	0	1	0.0
1526	Georginus	0	0	0	0.0
1527	Girtesma	0	0	0	0.0
1528	Glebius	1	0	1	0.0
1529	Gluphisia	3	0	3	0.0
1530	Gluphisia crenata	4	0	1	0.0
1531	Gluphisia lintneri	0	0	0	0.0
1532	Gluphisia oxiana	0	0	0	0.0
1533	Goliathus regius	2	0	1	0.0
1534	Gondwanascorpio emzantsiensis	18	0	3	1.0
1535	Gonioctena	0	0	0	0.0
1536	Gonocleonus	0	0	0	0.0
1537	Gonometa postica	0	0	0	0.0
1538	Grant viridifluvius	2	0	2	0.0
1539	Gromphadorhina portentosa	64	0	7	2.0
1540	Gyranusoidea iranica	0	0	0	0.0
1541	Habralictus	0	0	0	0.0
1542	Hadeninae	4	0	4	0.0
1543	Halter halteratus	0	0	0	0.0
1544	Halteriomantispa grimaldii	3	0	2	0.0
1545	Haplocampa wagnelli	3	0	2	0.0
1546	Haplopelma schmidti	4	0	1	0.0
1547	Harmonia (комаха)	13	0	2	1.0
1548	Harpalinae	1	0	1	0.0
1549	Hedychrum nobile	0	0	0	0.0
1550	Helaeomyia petrolei	4	0	1	0.0
1551	Helichus ussuriensis	0	0	0	0.0
1552	Heliconiinae	9	0	2	0.0
1553	Heliconius erato	1	0	1	0.0
1554	Helicoverpa zea	10	0	3	1.0
1555	Heliozona	2	0	2	0.0
1556	Helminthomorpha	0	0	0	0.0
1557	Hepsidera	3	0	3	0.0
1558	Hermetia illucens	51	0	10	2.0
1559	Heterocleonus	4	0	4	0.0
1560	Heteropterinae	4	0	2	0.0
1561	Hexarthrius	5	0	4	0.0
1562	Hierodula	10	0	4	0.0
1563	Holaptilon	0	0	0	0.0
1564	Holaptilon pusillulum	0	0	0	0.0
1565	Hololixus	4	0	3	0.0
1566	Hovalarinus	0	0	0	0.0
1567	Hybomitra	3	0	1	0.0
1568	Hybomitra altaica	0	0	0	0.0
1569	Hybomitra alticola	0	0	0	0.0
1570	Hydrillodes	0	0	0	0.0
1571	Hyles	4	0	2	0.0
1572	Hylobius abietis	12	0	2	1.0
1573	Hymenopodidae	8	0	2	0.0
1574	Hypatopa binotella	1	0	1	0.0
1575	Hypatopa inunctella	1	0	1	0.5
1576	Hypatopa segnella	2	0	1	0.0
1577	Hypoechana fuliginosa	5	0	4	0.0
1578	Hypogastruroidea	1	0	1	0.0
1579	Hypolixus	0	0	0	0.0
1580	Hypsicorypha gracilis	4	0	4	0.0
1581	Idia	4	0	3	0.0
1582	Idolomantis diabolica	20	0	4	0.5
1583	Ileomus	3	0	2	0.0
1584	Ilybius	3	0	3	0.0
1585	Insolentipalpus	3	0	3	0.0
1586	Integripalpia	0	0	0	0.0
1587	Iolana iolas	1	0	1	0.0
1588	Iris	9	0	2	1.0
1589	Iris oratoria	8	0	3	0.0
1590	Isomerops	1	0	1	0.0
1591	Isotogastrura	3	0	3	0.0
1592	Isotomidae	1	0	1	0.0
1593	Ixodida	63	0	6	2.0
1594	Julodinae	0	0	0	0.0
1595	Junonia coenia	4	0	2	0.0
1596	Junonia lemonias	1	0	1	0.0
1597	Kalligramma	1	0	1	0.0
1598	Kalligramma paradoxum	3	0	2	0.0
1599	Kalligrammatidae	3	0	1	0.0
1600	Kallima inachus	7	0	5	0.0
1601	Katha	0	0	0	0.0
1602	Katha depressa	0	0	0	0.0
1603	Katha laevis	0	0	0	0.0
1604	Katha magnata	0	0	0	0.0
1605	Katha moorei	0	0	0	0.0
1606	Katha nankunshanica	0	0	0	0.0
1607	Katha nigropoda	0	0	0	0.0
1608	Katha prabana	1	0	1	0.0
1609	Katha suffusa	0	0	0	0.0
1610	Kekveus jason	2	0	2	0.0
1611	Klassius	0	0	0	0.0
1612	Koenigius	1	0	1	0.0
1613	Labidura riparia	2	0	1	0.0
1614	Lachnaeus	3	0	1	0.0
1615	Lagonomegopidae	0	0	0	0.0
1616	Lambula	0	0	0	0.0
1617	Lambula aethalocis	0	0	0	0.0
1618	Lambula agraphia	0	0	0	0.0
1619	Lambula aroa	0	0	0	0.0
1620	Lambula bilineata	0	0	0	0.0
1621	Lambula bivittata	0	0	0	0.0
1622	Lambula buergersi	0	0	0	0.0
1623	Larentiinae	1	0	1	0.0
1624	Larinodontes	0	0	0	0.0
1625	Larinomesius	1	0	1	0.0
1626	Larinus	8	0	3	0.0
1627	Larinus (підрід)	1	0	1	0.0
1628	Larinus turbinatus	2	0	1	0.0
1629	Larinus vulpes	4	0	3	0.0
1630	Lasiocampinae	1	0	1	0.0
1631	Lasiommata	6	0	3	1.0
1632	Latrodectinae	1	0	1	0.0
1633	Lepismachilis eocaenica	4	0	2	0.0
1634	Leptopodomorpha	2	0	1	0.0
1635	Lestremiinae	0	0	0	0.0
1636	Lestremiini	0	0	0	0.0
1637	Lethocerus deyrollei	2	0	1	0.0
1638	Lethocerus grandis	2	0	1	0.0
1639	Lethocerus indicus	24	0	3	1.0
1640	Leucochromus	2	0	2	0.0
1641	Leucomigus	1	0	1	0.0
1642	Leucophyes	2	0	1	0.0
1643	Libelloides italicus	4	0	2	1.0
1644	Libelluloidea	4	0	2	0.0
1645	Limnephilus antiquastepposus	2	0	2	0.0
1646	Limnephilus kaspievi	2	0	2	0.0
1647	Limnephilus metakaspievi	2	0	2	0.0
1648	Limnephilus parakaspievi	2	0	2	0.0
1649	Limnephilus valliculacerasinus	2	0	2	0.0
1650	Limnichidae	0	0	0	0.0
1651	Linguatormyia teletacta	11	0	11	5.5
1652	Liocleonus	0	0	0	0.0
1653	Lithosiina	3	0	1	0.0
1654	Lithosiinae	0	0	0	0.0
1655	Lithosiini	7	0	4	0.0
1656	Lixinae	98	1	7	3.0
1657	Lixini	3	0	1	0.0
1658	Lixocleonus	0	0	0	0.0
1659	Lixoglyptus	2	0	2	0.0
1660	Lixomorphus	2	0	1	0.0
1661	Lixopachys	0	0	0	0.0
1662	Lixus	5	0	2	0.0
1663	Lixus (підрід)	6	0	2	0.0
1664	Lophocorona	4	0	1	0.0
1665	Lucaninae	6	0	3	0.0
1666	Lucanus	44	0	7	1.0
1667	Lucanus placidus	3	0	2	0.0
1668	Luciliinae	2	0	1	0.0
1669	Lycosa aragogi	18	0	3	1.0
1670	Lysibia nana	2	0	1	0.0
1671	Machaerotypus sibiricus	0	0	0	0.0
1672	Macleodiella electrina	3	0	3	0.0
1673	Macroglossinae	1	0	1	0.0
1674	Macrolepidoptera	0	0	0	0.0
1675	Macrosiphini	0	0	0	0.0
1676	Macrotermes	3	0	1	0.0
1677	Macrotermes gilvus	1	0	1	0.0
1678	Macroxiphus	1	0	1	0.0
1679	Macroxiphus nasicornis	0	0	0	0.0
1680	Macroxiphus sumatranus	0	0	0	0.0
1681	Manica	2	0	1	0.0
1682	Mantidae	34	0	5	1.0
1683	Mantis	26	0	8	1.0
1684	Maratus personatus	2	0	1	0.0
1685	Marumba spectabilis	0	0	0	0.0
1686	Marumba tigrina	1	0	1	0.0
1687	Maximus	6	0	2	0.0
1688	Mecaspis	1	0	1	0.0
1689	Medaurini	0	0	0	0.0
1690	Medauroidea	0	0	0	0.0
1691	Megachilinae	1	0	1	0.0
1692	Megaphragma	0	0	0	0.0
1693	Megatominae	0	0	0	0.0
1694	Melitaea acentria	0	0	0	0.0
1695	Melitaea ornata	2	0	1	0.0
1696	Menecleonus	0	0	0	0.0
1697	Menthastriella	1	0	1	0.0
1698	Mesocleonus	0	0	0	0.0
1699	Mesostigmata	7	0	2	0.0
1700	Mesothelae	10	0	3	0.0
1701	Metacucujus	0	0	0	0.0
1702	Metacucujus encephalarti	0	0	0	0.0
1703	Metallyticus	4	0	2	0.0
1704	Metopininae	1	0	1	0.0
1705	Metriocampa	0	0	0	0.0
1706	Microcleonus	0	0	0	0.0
1707	Microlarinus	0	0	0	0.0
1708	Microlixus	0	0	0	0.0
1709	Microplitis croceipes	1	0	1	0.0
1710	Micropterix calthella	2	0	1	0.0
1711	Microthespis	0	0	0	0.0
1712	Mionycha	1	0	1	0.0
1713	Misumena vatia	475	4	27	15.0
1714	Misumenoides formosipes	3	0	2	0.0
1715	Molytinae	2	0	1	0.0
1716	Mongolocleonus	0	0	0	0.0
1717	Monolophus	1	0	1	0.0
1718	Morphini	5	0	1	1.0
1719	Morpho rhetenor	3	0	1	0.0
1720	Muschampia	0	0	0	0.0
1721	Muscoidea	5	0	1	0.0
1722	Mycotrichus	0	0	0	0.0
1723	Myrmarachne	6	0	2	0.0
1724	Myrmarachne assimilis	0	0	0	0.0
1725	Myrmarachne caliraya	0	0	0	0.0
1726	Myrmarachne plataleoides	4	0	1	0.0
1727	Myrmekiaphila neilyoungi	0	0	0	0.0
1728	Myrmeleon fasciatus	0	0	0	0.0
1729	Myrmeleon quinquemaculatus	0	0	0	0.0
1730	Myrmeleontiformia	6	0	2	0.0
1731	Myrmica angulata	1	0	1	0.0
1732	Myrmicini	6	0	1	1.0
1733	Myrmozercon cyrusi	1	0	1	0.0
1734	Mystrium camillae	0	0	0	0.0
1735	Myzocallis	0	0	0	0.0
1736	Nastus (жуки)	3	0	1	0.0
1737	Nauphoeta cinerea	8	0	2	1.0
1738	Naxa seriaria	0	0	0	0.0
1739	Nefis	0	0	0	0.0
1740	Negastriinae	3	0	3	0.0
1741	Neivamyrmex	1	0	1	0.0
1742	Nemaspela ladae	1	0	1	0.0
1743	Nematopogon metaxella	19	0	18	0.0
1744	Nemophora degeerella	3	0	3	0.0
1745	Nemophora dumerilella	1	0	1	0.0
1746	Nemopteridae	2	0	1	0.0
1747	Nemopteroidea	1	0	1	0.0
1748	Neocleonus	4	0	4	0.0
1749	Neodermaptera	2	0	1	0.0
1750	Nepa cinerea	10	0	3	0.0
1751	Nicrophorinae	2	0	1	0.0
1752	Nicrophorus	22	0	7	1.0
1753	Nicrophorus interruptus	0	0	0	0.0
1754	Nicrophorus investigator	0	0	0	0.0
1755	Nicrophorus japonicus	0	0	0	0.0
1756	Nipponaphis monzeni	16	0	13	0.0
1757	Nomimonyx	0	0	0	0.0
1758	Notiothauma reedi	1	0	1	0.0
1759	Nudobius lentus	5	0	2	0.0
1760	Nuttalliella namaqua	0	0	0	0.0
1761	Nymphavus progenitor	3	0	3	0.0
1762	Nymphidae	4	0	2	0.0
1763	Obtectomera	0	0	0	0.0
1764	Ochyrocera aragogue	0	0	0	0.0
1765	Oecophylla	12	0	4	0.0
1766	Oecophylla taurica	2	0	2	0.0
1767	Oestroidea	2	0	2	0.0
1768	Oligochlora semirugosa	2	0	2	0.0
1769	Oligopsychopsis	3	0	2	0.0
1770	Oligotrophini	0	0	0	0.0
1771	Oniticellini	0	0	0	0.0
1772	Onthophagini	0	0	0	0.0
1773	Onthophagus vacca	2	0	2	0.0
1774	Opostega	0	0	0	0.0
1775	Opostegoides	3	0	3	0.0
1776	Oramiella wisei	1	0	1	0.0
1777	Orsunius electronefelus	2	0	2	0.0
1778	Orthodera novaezealandiae	4	0	1	0.0
1779	Ortholixus	4	0	2	0.0
1780	Oryctes	7	0	3	0.0
1781	Oryctes agamemnon	3	0	2	0.0
1782	Oryctes rhinoceros	1	0	1	0.0
1783	Osmia cornuta	2	0	1	0.0
1784	Osmylops	1	0	1	0.0
1785	Othorene	2	0	2	0.0
1786	Pachycerus	3	0	1	0.0
1787	Pachyiulus humicola	0	0	0	0.0
1788	Pachymerium tabacarui	2	0	2	0.0
1789	Paederinae	6	0	3	0.0
1790	Pajnisoodes	0	0	0	0.0
1791	Palaeortona quercyensis	6	0	4	0.0
1792	Palaeotendipes alexii	2	0	2	0.0
1793	Palomena prasina	71	0	10	2.5
1794	Paracucujus rostratus	0	0	0	0.0
1795	Paradoxosisyra groehni	2	0	2	0.0
1796	Paraponera	3	0	2	0.0
1797	Parastrachiidae	1	0	1	0.0
1798	Paratarsotomus	1	0	1	0.0
1799	Paratarsotomus sabulosus	1	0	1	0.0
1800	Parileomus	0	0	0	0.0
1801	Parnopes grandior	1	0	1	0.0
1802	Pedanoptera arachnophila	3	0	2	0.5
1803	Peltosyne triassica	0	0	0	0.0
1804	Pemphigidae	0	0	0	0.0
1805	Pentatominae	2	0	1	0.0
1806	Pentatomoidea	9	0	2	0.0
1807	Pentatomomorpha	7	0	3	0.0
1808	Pentatropis	0	0	0	0.0
1809	Perlamantis allibertii	0	0	0	0.0
1810	Permarachne novokshonovi	5	0	2	0.0
1811	Phaneropterinae	5	0	1	0.0
1812	Phasmatidae	4	0	2	0.0
1813	Phaulosomus	0	0	0	0.0
1814	Philidris nagasau	0	0	0	0.0
1815	Phillixus	4	0	2	0.5
1816	Phlebotomus papatasi	6	0	2	0.0
1817	Phlebotomus papuensis	1	0	1	0.0
1818	Phlebotomus pedifer	1	0	1	0.0
1819	Phlebotomus perfiliewi	1	0	1	0.0
1820	Phlebotomus perniciosus	4	0	2	0.0
1821	Phlebotomus pexopharynx	2	0	1	0.0
1822	Phlebotomus sergenti	3	0	2	0.0
1823	Phobaeticus chani	1	0	1	0.0
1824	Phobaeticus kirbyi	1	0	1	0.0
1825	Phyllochrysa huangi	3	0	2	0.5
1826	Phyllodromica	0	0	0	0.0
1827	Phyllodromica merrakescha	0	0	0	0.0
1828	Phyllonomeus	2	0	1	0.0
1829	Phyllonorycter ivani	0	0	0	0.0
1830	Phytotelmatrichis osopaddington	1	0	1	0.0
1831	Pisaura mirabilis	405	4	26	12.0
1832	Pison	1	0	1	0.0
1833	Planodiscus	1	0	1	0.0
1834	Planodiscus foreli	0	0	0	0.0
1835	Planodiscus furcatus	0	0	0	0.0
1836	Platyscelidini	3	0	1	0.0
1837	Pleurocleonus	3	0	1	0.0
1838	Pliocleonus	0	0	0	0.0
1839	Poduromorpha	4	0	2	0.0
1840	Poecilimon ampliatus	1	0	1	0.0
1841	Poecilimon elegans	0	0	0	0.0
1842	Poecilimon gracilis	0	0	0	0.0
1843	Poliochera	3	0	2	0.0
1844	Poliochera cretacea	2	0	2	0.0
1845	Poliochera gibbsi	2	0	2	0.0
1846	Poliochera glabra	3	0	2	0.0
1847	Poliochera punctulata	2	0	2	0.0
1848	Poliochera pustulatus	2	0	2	0.0
1849	Poliocheridae	1	0	1	0.0
1850	Polyneoptera	5	0	1	0.0
1851	Polyommatus eros	1	0	1	0.0
1852	Polyommatus pljushtchi	8	0	4	1.0
1853	Ponomarenkia belmonthensis	2	0	2	0.0
1854	Porocleonus	0	0	0	0.0
1855	Prionolixus	0	0	0	0.0
1856	Prionorhinus	0	0	0	0.0
1857	Pristomyrmex elmesi	2	0	2	0.0
1858	Pritha garfieldi	1	0	1	0.0
1859	Prochoreutis pseudostellaris	18	0	15	0.5
1860	Prochoreutis sehestediana	0	0	0	0.0
1861	Prodryas persephone	5	0	3	0.0
1862	Prohamitermes	1	0	1	0.5
1863	Prokoenenia	0	0	0	0.0
1864	Prokoeneniidae	2	0	1	0.0
1865	Proleptothorax primitivus	2	0	2	0.0
1866	Prostigmata	6	0	1	0.0
1867	Psectra diptera	0	0	0	0.0
1868	Psephenidae	2	0	1	0.0
1869	Pseudeumecops	0	0	0	0.0
1870	Pseudisomerus	0	0	0	0.0
1871	Pseudochazara cingovskii	24	0	20	1.0
1872	Pseudocleonus	4	0	1	0.0
1873	Pseudopostega	0	0	0	0.0
1874	Pseudopulex	1	0	1	0.0
1875	Pseudoyersinia	0	0	0	0.0
1876	Pseudoyersinia betancuriae	2	0	1	0.0
1877	Pseudoyersinia brevipennis	6	0	2	0.5
1878	Pseudoyersinia canariensis	0	0	0	0.0
1879	Pseudoyersinia lagrecai	1	0	1	0.0
1880	Pseudoyersinia paui	1	0	1	0.0
1881	Pseudoyersinia pilipes	4	0	2	0.0
1882	Pseudoyersinia subaptera	3	0	1	0.0
1883	Pseudoyersinia teydeana	0	0	0	0.0
1884	Psychodomorpha	0	0	0	0.0
1885	Psychopsidae	3	0	1	0.0
1886	Psyllobora	2	0	1	0.0
1887	Pterocroce capillaris	3	0	2	0.0
1888	Pteromalidae	3	0	1	0.0
1889	Pterostichinae	2	0	1	0.0
1890	Pterostichus alexeji	0	0	0	0.0
1891	Pterostichus burkhan	1	0	1	0.0
1892	Pterostichus rodionovi	0	0	0	0.0
1893	Ptilodon	0	0	0	0.0
1894	Ptilodoninae	0	0	0	0.0
1895	Ptilophora	0	0	0	0.0
1896	Ptiloscola	0	0	0	0.0
1897	Puer maculatus	0	0	0	0.0
1898	Pycnodactylopsis	0	0	0	0.0
1899	Pygaerinae	2	0	1	0.0
1900	Rachesa	3	0	2	0.0
1901	Reclinervellus nielseni	2	0	1	0.0
1902	Rhabdorrhynchus	6	0	2	0.0
1903	Rhinocyllus	8	0	3	0.0
1904	Rhinocyllus conicus	4	0	1	0.0
1905	Rhizoglyphus robini	0	0	0	0.0
1906	Rhopalocera	63	0	9	2.0
1907	Rhopalosomatidae	1	0	1	0.0
1908	Rhynchophorus	7	0	2	1.0
1909	Rhynchophorus ferrugineus	5	0	1	0.0
1910	Ricinoides	0	0	0	0.0
1911	Ricinoides feae	0	0	0	0.0
1912	Ricinoides hanseni	0	0	0	0.0
1913	Ricinoides karschii	0	0	0	0.0
1914	Ricinoides leonensis	0	0	0	0.0
1915	Ricinoides megahanseni	0	0	0	0.0
1916	Ricinoides olounoua	0	0	0	0.0
1917	Ricinoides sjostedtii	0	0	0	0.0
1918	Ricinoididae	2	0	1	0.0
1919	Rivetina	2	0	1	0.0
1920	Rivetinini	0	0	0	0.0
1921	Rophalis relicta	2	0	2	0.0
1922	Rovnoholoneurus	2	0	1	1.0
1923	Sabatinca	1	0	1	0.0
1924	Sahastata sinuspersica	1	0	1	0.0
1925	Samia	1	0	1	0.0
1926	Saturnia pinratanai	0	0	0	0.0
1927	Saturniini	1	0	1	0.0
1928	Satyrus virbius	1	0	1	0.0
1929	Saurophthirus	3	0	2	0.0
1930	Saurophthirus longipes	0	0	0	0.0
1931	Scaphomorphus	6	0	1	1.0
1932	Scarabaeinae	0	0	0	0.0
1933	Scarabaeus fraterculus	1	0	1	0.0
1934	Schausiella	0	0	0	0.0
1935	Schizophora	1	0	1	0.0
1936	Sciaroidea	2	0	1	0.0
1937	Scymninae	3	0	1	0.0
1938	Selandriinae	0	0	0	0.0
1939	Sepsidae	1	0	1	0.0
1940	Sericomyrmex	2	0	1	0.0
1941	Sericomyrmex radioheadi	5	0	2	0.0
1942	Sicarius hahni	6	0	2	0.0
1943	Sipalinus gigas	6	0	1	0.5
1944	Sitophilus	3	0	2	0.0
1945	Smerinthini	5	0	5	0.0
1946	Sphaerites	0	0	0	0.0
1947	Sphecomyrminae	4	0	1	0.0
1948	Sphingonotini	1	0	1	0.0
1949	Sphodromantis	2	0	2	0.0
1950	Sphodromantis viridis	5	0	4	0.0
1951	Stalagtia skadarensis	0	0	0	0.0
1952	Steatoda grossa	54	0	19	2.0
1953	Stenurella sennii	0	0	0	0.0
1954	Stephanocleonus	8	0	2	0.0
1955	Stephanoidea	7	0	1	0.0
1956	Sterrhinae	0	0	0	0.0
1957	Stethophyma grossum	16	0	3	1.0
1958	Stilbum cyanurum	1	0	1	0.0
1959	Streblote	0	0	0	0.0
1960	Streblote fainae	0	0	0	0.0
1961	Streblote finitorum	0	0	0	0.0
1962	Stromboscerinae	2	0	1	0.0
1963	Stromboscerus	2	0	1	0.0
1964	Sublarinus	0	0	0	0.0
1965	Supraserphites draculi	12	0	3	0.0
1966	Surchania	0	0	0	0.0
1967	Symphypleona	1	0	1	0.0
1968	Syndesinae	0	0	0	0.0
1969	Syntomini	5	0	2	0.0
1970	Syssphinx	0	0	0	0.0
1971	Tabaninae	0	0	0	0.0
1972	Taeniopterygidae	1	0	1	0.0
1973	Taeniopteryx	1	0	1	0.0
1974	Taeniopteryx lita	0	0	0	0.0
1975	Taeniopteryx lonicera	0	0	0	0.0
1976	Taeniopteryx maura	0	0	0	0.0
1977	Taeniopteryx mercuryi	0	0	0	0.0
1978	Taeniopteryx metequi	0	0	0	0.0
1979	Taeniopteryx nebulosa	1	0	1	0.0
1980	Tanymecus	2	0	2	0.0
1981	Taurodemus	1	0	1	0.0
1982	Temnorhinus	6	0	1	0.0
1983	Temnothorax nylanderi	4	0	2	0.0
1984	Tenthredininae	2	0	2	0.0
1985	Tenthredinoidea	4	0	2	0.0
1986	Terminasiania	0	0	0	0.0
1987	Terpsicroton alticeps	2	0	1	0.0
1988	Tetragnatha	21	0	5	1.0
1989	Tetragonothorax	0	0	0	0.0
1990	Teyia branislav	2	0	2	0.0
1991	Thermesiini	1	0	1	0.0
1992	Thomisinae	15	0	3	1.0
1993	Thomisoidea	5	0	2	0.0
1994	Thysania	0	0	0	0.0
1995	Tibiceninae	1	0	1	0.0
1996	Tilloidea	1	0	1	0.0
1997	Timarcha lugens	1	0	1	0.0
1998	Timema cristinae	2	0	2	0.0
1999	Timogenes elegans	1	0	1	0.0
2000	Tineoidea	6	0	1	0.0
2001	Tortricinae	0	0	0	0.0
2002	Trachydemus	0	0	0	0.0
2003	Triatoma sanguisuga	30	0	23	1.0
2004	Trichocleonus	1	0	1	0.0
2005	Trichopria	2	0	1	0.0
2006	Trichotocleonus	0	0	0	0.0
2007	Trigonopterus yoda	16	0	16	0.0
2008	Trigonotarbida	10	0	2	0.0
2009	Trjapitzion cylindrocerus	3	0	2	0.0
2010	Trychopeplus laciniatus	0	0	0	0.0
2011	Tylogonus (павуки)	19	0	11	1.0
2012	Ulomoides dermestoides	12	0	4	0.0
2013	Umma gumma	2	0	1	0.0
2014	Uraraneida	6	0	1	0.5
2015	Uroballus carlei	26	0	25	0.5
2016	Verophasmatodea	3	0	1	0.0
2017	Vespa basalis	17	0	2	1.0
2018	Vestalis amethystina	0	0	0	0.0
2019	Wasmanniella	1	0	1	0.0
2020	Whiteheadia	3	0	3	0.0
2021	Xanthochelus	6	0	3	0.0
2022	Xanthopan morganii	1	0	1	0.0
2023	Xanthorhoe	4	0	2	0.0
2024	Xanthorhoe fluctuata	2	0	1	0.0
2025	Xanthorhoe heliopharia	1	0	1	0.0
2026	Xanthorhoini	2	0	1	0.0
2027	Xenomacrus	0	0	0	0.0
2028	Xenomorphia	8	0	4	0.0
2029	Xenomorphia handschini	4	0	4	0.0
2030	Xenomorphia resurrecta	5	0	4	0.0
2031	Xyleborini	1	0	1	0.0
2032	Xylodromus affinis	1	0	1	0.0
2033	Yponomeutoidea	5	0	2	0.0
2034	Zerynthia	2	0	1	0.0
2035	Zhangsolvidae	19	0	19	0.0
2036	Zygaena carniolica	15	0	4	0.5
