1	Абсолютна система відліку	43	0	5	1.0
2	Абсолютний нуль	581	6	36	16.0
3	Автоколивання	130	0	11	4.0
4	Автолізія	3	0	2	0.0
5	Агрегатний стан	6714	19	1205	164.0
6	Адіабатичне наближення	8	0	2	0.0
7	Адіабатичне розмагнічування	33	0	5	1.0
8	Адіабатичний інваріант	6	0	2	0.0
9	Адрон	167	1	15	5.0
10	Аеродинаміка	407	4	31	13.0
11	Аеромеханіка	3	0	1	0.0
12	Азот	6116	44	333	178.0
13	Аксино	6	0	1	0.0
14	Аксіальний струм	2	0	1	0.0
15	Аксіон	12	0	2	0.0
16	Активна фазована антенна решітка	29	0	3	1.0
17	Актиній	150	1	13	4.0
18	Актиноїди	758	3	62	20.0
19	Акумулятор тепла	36	0	3	1.0
20	Акустика	485	4	28	17.0
21	Акустичні фонони	7	0	2	0.5
22	Акустоконцентраційний ефект	0	0	0	0.0
23	Акустооптика	7	0	2	0.0
24	Алніко	21	0	4	1.0
25	Альбедо	549	1	50	12.0
26	Альфа-спектрометр	3	0	1	0.0
27	Алюміній	8221	45	740	253.0
28	Аматорський радіозв'язок	86	0	13	2.0
29	Амбіполярна дифузія	6	0	1	0.5
30	Американське фізичне товариство	17	0	3	0.0
31	Америцій	119	0	13	3.0
32	Аморфні речовини	1281	3	108	33.0
33	Амплітуда ймовірності	19	0	2	1.0
34	Амплітуда розсіяння	4	0	1	0.5
35	Амплітудна маніпуляція	35	0	6	1.0
36	Амплітудна модуляція	191	1	16	6.0
37	Аналітична механіка	10	0	5	0.0
38	Андреєвське відбиття	3	0	1	0.0
39	Анізотропний магнетоопір	2	0	1	0.0
40	Аніон	1162	7	82	38.0
41	Антиматерія	419	4	27	12.0
42	Антинейтрон	30	0	3	1.0
43	Антипротон	49	0	6	1.5
44	Антисвіт	5	0	1	0.5
45	Антисегнетоелектрики	3	0	1	0.0
46	Антиферомагнетики	61	0	7	2.0
47	Аргон	1962	11	117	62.0
48	Аромат (квантове число)	23	0	3	1.0
49	Арсен	2157	13	129	73.0
50	Арсенід алюмінію	7	0	1	1.0
51	Астат	539	1	37	15.0
52	Атмосфера (одиниця вимірювання)	422	5	30	13.0
53	Атмосферна акустика	0	0	0	0.0
54	Атом	17500	68	954	598.0
55	Атомна маса	3075	5	189	115.0
56	Атомна орбіталь	2813	8	181	89.0
57	Атомна рефракція	6	0	2	0.0
58	Атомна теорія Дальтона	43	0	5	1.0
59	Атомна фізика	244	1	23	6.0
60	Атомна, молекулярна і оптична фізика	40	0	5	1.0
61	Атомний номер	1347	4	93	40.0
62	Атомний остов	8	0	2	1.0
63	Атомний радіус	1545	1	114	38.0
64	Атрактивна взаємодія	6	0	1	0.0
65	Атрактор	159	1	14	4.0
66	Аутогезія	8	0	3	0.0
67	Балістика	572	4	33	19.0
68	Барій	1241	3	71	41.0
69	Баріони	90	0	12	2.0
70	Баріонний заряд	68	0	9	2.0
71	Басейн притягання	2	0	1	0.0
72	Батарея (електрика)	575	5	33	19.0
73	Безелектродна лампа	3	0	1	0.0
74	Безперервний сигнал	40	0	3	1.0
75	Бекерель	204	1	16	6.0
76	Бер	229	1	14	8.0
77	Берилій	2245	15	163	75.0
78	Берклій	49	0	4	1.0
79	Бета-випромінювання	386	1	41	9.0
80	Бета-розпад	426	2	40	12.0
81	Бетатрон	52	0	14	1.0
82	Біекситон	2	0	1	0.0
83	Бінодаль	6	0	2	0.0
84	Біотехнічна система	15	0	7	0.0
85	Біполярний транзистор	1002	9	86	29.0
86	Бісмут	527	4	38	15.0
87	Біфуркація Андронова — Хопфа	6	0	2	1.0
88	Біфуркація подвоєння періоду	5	0	1	0.0
89	Ближнє поле	20	0	3	1.0
90	Бозон	193	1	20	5.0
91	Бозон Ґолдстоуна	4	0	1	0.0
92	Бозон Хіггса	552	4	47	17.0
93	Болометр	30	0	4	1.0
94	Бор	2284	17	149	70.0
95	Борій	137	0	16	3.0
96	Борнове наближення	5	0	1	1.0
97	Брана	17	0	2	1.0
98	Бреггівська дифракція	30	0	4	1.0
99	Бреґґівський пік	35	0	7	1.5
100	Брижі (хвилі)	25	0	3	1.0
101	Бром	3112	8	196	77.0
102	Броунівський рух	3786	13	293	101.0
103	Будівельна механіка	116	0	31	2.0
104	Будівельна фізика	89	0	20	2.0
105	Бульбашка Алькуб'єрре	29	0	3	2.0
106	В'язкоеластичність	12	0	2	0.0
107	Вага	1848	13	109	60.0
108	Валентна зона	64	0	7	2.0
109	Ванадій	834	4	65	25.0
110	Варіаційний принцип	9	0	5	0.0
111	Вейлівський напівметал	10	0	2	1.0
112	Вектор Бюргерса	12	0	2	1.0
113	Вектор поляризації	52	0	7	1.0
114	Вектор стану	16	0	3	1.0
115	Векторний потенціал	54	0	7	2.0
116	Великий адронний колайдер	1836	20	106	58.0
117	Великий канонічний ансамбль	15	0	3	1.0
118	Великий термодинамічний потенціал	6	0	1	0.0
119	Верх валентної зони	5	0	1	0.0
120	Вибух	444	5	36	14.0
121	Вимушене випромінювання	63	0	8	2.0
122	Вимушені коливання	420	0	29	12.0
123	Випрямлення змінного струму	605	3	50	18.0
124	Вироджений напівпровідник	30	0	4	1.0
125	Вихрові струми	403	0	40	10.0
126	Вібронна спектроскопія	8	0	2	1.0
127	Вігнерівський кристал	10	0	2	0.0
128	Від'ємна диференційна провідність	16	0	4	1.0
129	Відбій	37	0	8	1.0
130	Віддзеркалення	39	0	6	1.0
131	Відносна густина	1115	1	85	33.0
132	Відпрацьоване ядерне паливо	67	0	5	2.0
133	Відстань	1523	10	88	49.0
134	Вільна енергія Гельмгольца	145	0	13	4.0
135	Вільне падіння	4064	12	422	86.0
136	Вільний параметр	0	0	0	0.0
137	Віріальне рівняння стану	0	0	0	0.0
138	Віріальні коефіцієнти	3	0	2	0.0
139	Віртуальна частинка	37	0	6	1.0
140	Віртуальні переміщення	8	0	2	0.5
141	Віскер (металургія)	11	0	2	1.0
142	Вісь	456	3	36	13.0
143	Вісь обертання	152	1	13	4.0
144	Вісь часу	158	0	18	5.0
145	Вічний двигун	386	4	21	12.0
146	Власна інформація	43	0	6	1.0
147	Власний напівпровідник	153	0	19	4.0
148	Власний час	28	0	3	1.0
149	Внутрішній імпеданс	1	0	1	0.0
150	Водень	7226	34	408	229.0
151	Вологість	297	0	20	9.0
152	Вольт-ампер	151	0	13	5.0
153	Вольфрам	824	12	45	27.0
154	Впливна величина	17	0	7	1.0
155	Всеросійський науково-дослідний інститут експериментальної фізики	12	0	2	1.0
156	Втомне руйнування	51	0	8	2.0
157	Вторинна електронна емісія	73	0	8	2.0
158	Вторинне квантування	8	0	2	0.0
159	Вуглецеві наноконуси	7	0	2	0.0
160	Вуглецеві нанотрубки	237	1	33	6.0
161	Вуглець	7081	48	374	240.0
162	Гадоліній	115	0	9	4.0
163	Газовий розряд	1586	3	250	28.0
164	Газоструменевий випромінювач	16	0	4	0.5
165	Гал (фізична одиниця)	20	0	3	1.0
166	Галій	860	7	56	25.0
167	Гальванічний елемент	1267	4	105	35.0
168	Гальмівний шлях	862	3	65	21.0
169	Гамільтоніан	119	1	7	4.0
170	Гамма-промені	1030	10	74	29.0
171	Гамма-спалахи	48	0	5	1.0
172	Гамма-спектроскопія	7	0	1	1.0
173	Гармата Гауса	241	1	21	6.0
174	Гармонічні коливання	1993	6	160	54.0
175	Гасій	92	0	9	2.0
176	Гафній	204	1	16	6.0
177	Гелій	2716	16	147	83.0
178	Гелій-3	116	1	10	3.5
179	Гелій-4	31	0	3	1.0
180	Генерація другої гармоніки	40	0	4	1.0
181	Генерація носіїв заряду	34	0	4	1.0
182	Геометрична оптика	119	0	11	3.0
183	Геофізика	252	1	31	6.0
184	Германій	730	2	50	24.0
185	Герц	975	10	52	32.0
186	Гетеродин	41	0	4	2.0
187	Гетероструктури	3	0	1	0.0
188	Гідроаеродинаміка	15	0	4	0.0
189	Гідрофон	8	0	2	0.0
190	Гіперболічна траєкторія	15	0	2	0.0
191	Гіперзвукова швидкість	78	0	8	3.0
192	Гіперони	13	0	2	0.0
193	Гіпотеза Ампера	2647	0	217	84.0
194	Гіромагнітне співвідношення	35	0	4	1.0
195	Глісування	17	0	4	1.0
196	Глушник мобільних телефонів	69	0	10	2.0
197	Глюбол	41	0	6	1.0
198	Глюон	92	0	9	3.0
199	Головне квантове число	292	0	22	9.0
200	Голономний зв'язок	12	0	2	1.0
201	Гольмій	50	0	5	1.5
202	Гомопауза	7	0	2	0.0
203	Горизонт Коші	0	0	0	0.0
204	Горизонт подій	229	3	13	7.0
205	Гравітаційна сингулярність	214	1	20	7.0
206	Гравітаційне поле	552	0	122	13.0
207	Гравітаційне реліктове випромінювання	3	0	2	0.0
208	Гравітаційний радіус	96	0	8	3.0
209	Гравітація	2265	31	168	71.0
210	Гравітино	23	0	7	0.0
211	Гравітон	80	0	5	3.0
212	Границя міцності	616	4	53	16.0
213	Гранична швидкість	40	0	6	1.0
214	Граничні умови Борна-Кармана	6	0	1	0.0
215	Графен	737	11	39	23.0
216	Групова швидкість	58	0	9	1.0
217	Густина енергії	184	1	17	5.0
218	Густина потоку частинок	30	0	7	1.0
219	Густина станів	38	0	5	1.0
220	Густина струму	709	1	58	23.0
221	Ґратка Бете	3	0	1	0.0
222	Давидівське розщеплення	9	0	2	0.0
223	Дальній порядок	34	0	4	2.0
224	Дармштадтій	132	0	11	4.0
225	Дарсі (одиниця)	6	0	1	0.0
226	Двомірна ядерна магнітно-резонансна спектроскопія	12	0	3	1.0
227	Двофотонне збудження	4	0	1	0.0
228	Дебай	118	0	11	4.0
229	Дейтерій	555	3	46	18.0
230	Дейтрон	20	0	2	1.0
231	Декстерів перенос енергії	4	0	2	0.0
232	Делокалізований стан	27	0	4	1.0
233	Дельта-баріон	3	0	1	0.0
234	Детермінант Слейтера	17	0	2	1.0
235	Детермінований хаос	89	0	9	2.0
236	Дефект маси	115	0	12	3.0
237	Деформаційний потенціал	5	0	1	0.0
238	Деформація	1541	14	120	44.0
239	Деформація згину	250	0	23	6.0
240	Деформація зсуву	261	1	23	6.0
241	Деформація кручення	279	1	21	9.0
242	Децибел	662	8	44	22.0
243	Дециметрові хвилі	92	0	9	2.0
244	Дзеркало	723	11	43	22.0
245	Дивність	25	0	4	1.0
246	Дилатон	25	0	4	1.0
247	Динамічна рівновага	160	1	14	4.5
248	Директор (рідкий кристал)	25	0	3	1.0
249	Дислокація (кристалографія)	64	0	11	1.0
250	Дисперсійні сили	24	0	7	1.0
251	Дисперсія світла	845	5	55	26.0
252	Диспрозій	64	0	6	2.0
253	Диференціальний переріз розсіювання	34	0	8	1.0
254	Диференціатор	48	0	5	1.0
255	Дифракційна ґратка	495	3	78	13.0
256	Дифракція	1143	7	100	29.0
257	Дифузійний струм	49	0	5	2.0
258	Дифузія	8686	15	1223	212.0
259	Дифузія за законом Арреніуса	12	0	2	0.5
260	Дифузне відбиття світла	86	1	7	3.0
261	Діаграма станів (хімія)	1	0	1	0.0
262	Діаграма Фейнмана	33	0	4	1.0
263	Діамагнетики	1457	3	120	46.0
264	Діелектрична сприйнятливість	37	0	6	1.0
265	Діелектричне дзеркало	7	0	3	0.0
266	Дійсна густина	12	0	2	1.0
267	Дійсне зображення	93	0	14	2.0
268	Діод Зенера	482	2	45	13.0
269	Дірка (квазічастинка)	249	1	22	7.0
270	Дірка Фермі	0	0	0	0.0
271	Діркова телепортація	8	0	2	0.0
272	Дно зони провідності	2	0	1	0.0
273	Довгі хвилі	92	0	8	3.0
274	Довжина вільного пробігу	105	1	17	2.0
275	Довжина хвилі	1694	10	105	56.0
276	Доплерівське розширення	9	0	2	1.0
277	Дослід радіоактивності Антуаном Анрі Беккерелем	52	0	7	2.0
278	Дослід Штерна-Герлаха	159	0	27	3.0
279	Доцентрове прискорення	2234	5	301	46.0
280	Дробовий квантовий ефект Холла	13	0	3	1.0
281	Дроплетон	4	0	2	0.0
282	Друга в'язкість	11	0	3	1.0
283	Друга космічна швидкість	558	4	49	16.0
284	Другий звук	2	0	1	0.0
285	Дуант	1	0	1	0.0
286	Дубній	129	0	14	4.0
287	Духи Фаддєєва — Попова	15	0	2	0.0
288	Еванесцентне поле	35	0	3	1.0
289	Евтектика	208	0	14	7.0
290	Ейнштейн (одиниця)	11	0	2	1.0
291	Ейнштейній	139	1	10	4.0
292	Ейрі кільця	8	0	1	0.0
293	Екзотичний атом	4	0	1	0.0
294	Екранування заряду	55	0	5	2.0
295	Ексимерна люмінесценція	5	0	2	0.0
296	Ексиплексна люмінесценція	3	0	1	0.0
297	Екситон	34	0	5	1.0
298	Екситон Ваньє-Мотта	8	0	3	0.0
299	Екситон Френкеля	4	0	1	0.0
300	Експеримент з олійними краплями	118	0	13	4.0
301	Експеримент Майкельсона — Морлі	77	0	11	2.0
302	Ексцентриситет орбіти	94	0	11	2.0
303	Електрети	94	0	21	2.0
304	Електрика	2284	23	150	66.0
305	Електрична енергія	1439	10	118	43.0
306	Електрична напруга	7471	28	408	258.0
307	Електричне коло	3464	11	235	114.0
308	Електричне поле	5616	17	534	181.0
309	Електричний дипольний момент	317	0	22	10.0
310	Електричний заряд	5414	19	390	204.0
311	Електричний імпеданс	227	2	19	7.0
312	Електричний потік	53	0	5	2.0
313	Електроадгезія	2	0	1	0.0
314	Електроізоляція	207	1	16	7.0
315	Електрокалоричний ефект	7	0	1	1.0
316	Електромагнітна індукція	3158	9	552	58.0
317	Електромагнітна хвиля	2020	17	130	58.0
318	Електромагнітне випромінювання	1054	10	86	27.0
319	Електромагнітне поле	1273	5	89	40.0
320	Електрон	3210	14	184	103.0
321	Електрон провідності	58	0	7	1.0
322	Електрон-діркова рідина	17	0	5	1.0
323	Електрон-фононна взаємодія	4	0	1	0.0
324	Електронна гармата	48	0	8	1.0
325	Електронна густина	74	0	7	2.5
326	Електронна енергія	1	0	1	0.0
327	Електронна лавина	26	0	4	1.0
328	Електронна оболонка	2269	4	160	74.0
329	Електронна пара	516	0	37	16.0
330	Електронна спектроскопія	26	0	5	1.0
331	Електронне нейтрино	57	0	6	2.0
332	Електронний генератор	168	0	15	5.0
333	Електронний мікроскоп	2257	17	159	64.0
334	Електронний парамагнітний резонанс	178	0	19	4.0
335	Електронний стан	13	0	4	1.0
336	Електронно-променева установка	3	0	1	0.0
337	Електрооптичний ефект	16	0	4	1.0
338	Електрорушійна сила	4885	13	384	116.0
339	Електростатика	699	5	46	23.0
340	Електростатична індукція	263	1	20	9.0
341	Електростатична лінза	23	0	6	0.5
342	Електростатичний генератор Ван де Граафа	93	0	12	3.0
343	Електростатичний потенціал	2192	14	140	65.0
344	Елементарна частинка	797	9	71	24.0
345	Емітанс пучка	2	0	1	0.0
346	Енергетичний рівень	1011	1	95	32.0
347	Енергетичний спектр	57	0	11	1.0
348	Енергія вакууму	38	0	4	1.0
349	Енергія зв'язку	250	1	40	6.0
350	Еніон	8	0	2	0.0
351	Ентропія змішування	12	0	1	1.0
352	Ербій	98	0	8	3.0
353	Ергодична гіпотеза	7	0	2	0.0
354	Ета-мезон	6	0	1	0.0
355	Ефект Вігнера	11	0	2	1.0
356	Ефект де Гааза-ван Альфена	10	0	3	1.0
357	Ефект Джоуля-Томсона	164	0	41	2.0
358	Ефект Доплера	678	7	46	20.0
359	Ефект Зеемана	77	0	7	2.0
360	Ефект Зеєбека	168	1	12	5.0
361	Ефект Казимира	99	0	7	3.0
362	Ефект Керра	27	0	4	1.0
363	Ефект Кея	12	0	8	0.0
364	Ефект конденсатного диску	47	0	7	1.0
365	Ефект Кондо	12	0	2	1.0
366	Ефект Коттона — Мутона	4	0	3	0.0
367	Ефект Мейснера	101	0	9	3.0
368	Ефект Міхеєва — Смирнова — Вольфенштейна	3	0	1	0.0
369	Ефект Нернста	5	0	1	0.0
370	Ефект Овергаузера	10	0	3	0.0
371	Ефект Оже	23	0	4	1.0
372	Ефект Пельтьє	194	1	17	6.0
373	Ефект Перселла	12	0	3	1.0
374	Ефект Рамана	0	0	0	0.0
375	Ефект Рамзауера	12	0	2	1.0
376	Ефект Рашби	11	0	2	1.0
377	Ефект Реннера	0	0	0	0.0
378	Ефект Реннера — Теллера	9	0	8	0.0
379	Ефект Тіндаля	692	0	77	16.0
380	Ефект Томсона	64	0	6	1.0
381	Ефект Фарадея	44	0	7	1.0
382	Ефект Франца-Келдиша	3	0	2	0.0
383	Ефект Штарка	20	0	3	1.0
384	Ефективна густина станів	14	0	3	0.0
385	Ефективна маса	19	0	3	1.0
386	Ефективна площа розсіювання	66	0	6	2.0
387	Ефективна температура	65	0	8	1.0
388	Ефективний коефіцієнт розмноження нейтронів	14	0	4	1.0
389	Ехолокація	130	0	12	4.0
390	Європій	194	0	23	4.0
391	Жаропродуктивність	4	0	1	0.0
392	Загальна коваріантність	13	0	2	1.0
393	Задача трьох тіл	102	0	7	3.5
394	Закон Ампера	3576	12	244	93.0
395	Закон Архімеда	2114	21	124	62.0
396	Закон Беца	16	0	3	1.0
397	Закон Бугера — Ламберта — Бера	301	1	28	8.0
398	Закон всесвітнього тяжіння	2379	16	153	71.0
399	Закон Гука	1888	8	174	62.0
400	Закон Ґейґера — Неттола	5	0	1	0.0
401	Закон Дальтона	359	2	53	8.5
402	Закон Дебая	16	0	2	0.5
403	Закон Джоуля — Ленца	2869	9	206	79.0
404	Закон дисперсії	144	0	20	4.0
405	Закон Дюлонга — Пті	133	0	24	4.0
406	Закон збереження енергії	2357	25	163	76.0
407	Закон збереження імпульсу	1053	0	100	31.0
408	Закон збереження маси	2175	8	166	63.0
409	Закон Мозлі	210	0	24	4.0
410	Закон рівнорозподілу	20	0	3	1.0
411	Закон Снеліуса	145	0	22	4.0
412	Закони термодинаміки	427	3	31	13.0
413	Закони Фіка	274	2	22	8.0
414	Залишкова намагніченість	48	0	6	2.0
415	Залізний пік	8	0	2	0.0
416	Залізо	7689	35	470	252.0
417	Заломлення	706	3	61	21.0
418	Замерзання	111	0	8	4.0
419	Запізнення	28	0	7	1.0
420	Заряджена частинка	318	0	30	8.0
421	Заряджений струм	4	0	3	0.0
422	Зарядове спряження	24	0	6	1.0
423	Збіднений уран	44	0	6	1.0
424	Зброя спрямованої енергії	39	0	6	1.0
425	Збуджений стан квантовомеханічної системи	78	0	7	2.0
426	Зведена маса	41	0	10	1.0
427	Зворотність	80	0	10	2.0
428	Звукова енергія	21	0	3	1.0
429	Звуковий удар	42	0	4	1.0
430	Згасаюча хвиля	4	0	1	0.0
431	Зминання	5	0	2	0.5
432	Змінний конденсатор	54	0	5	1.5
433	Змінний струм	3756	49	211	113.0
434	Змінні дія — кут	4	0	2	0.0
435	Золото	3840	32	232	129.0
436	Зона провідності	56	0	7	2.0
437	Зонне плавлення	15	0	4	0.0
438	Зоряний нуклеосинтез	25	0	6	1.0
439	Ізобари (ядерна фізика)	103	0	9	4.0
440	Ізовалентна домішка	2	0	1	0.0
441	Ізоентропійний процес	36	0	4	1.0
442	Ізолятор Мотта	9	0	3	0.0
443	Ізотермічний процес	697	3	50	22.0
444	Ізотопи	4815	24	349	142.0
445	Ізотопічний спін	37	0	3	1.0
446	Ізотопна поширеність	25	0	6	1.0
447	Імплозія (фізика)	26	0	4	1.0
448	Імпульсна модуляція	61	0	8	1.5
449	Імпульсно-кодова модуляція	107	0	15	2.0
450	Інваріант (фізика)	50	0	5	1.5
451	Інваріанти електромагнітного поля	14	0	2	1.0
452	Інверсна заселеність	34	0	5	1.0
453	Індій	356	3	29	11.0
454	Індуктивність	1032	7	62	32.0
455	Індукційний струм	2233	2	526	28.0
456	Інерційна система відліку	836	3	63	25.0
457	Інерція	1227	7	104	36.0
458	Інжекція носіїв заряду	36	0	6	1.0
459	Інженерно-фізичний факультет НТУУ «КПІ»	28	0	4	1.0
460	Інкремент наростання	3	0	2	0.0
461	Інтеграл вздовж траєкторій	100	0	11	3.0
462	Інтеграл перекриття	3	0	1	0.0
463	Інтенсивна величина	47	0	4	1.0
464	Інтеркомбінаційна конверсія	6	0	1	0.0
465	Інтерференція хвиль	444	3	29	13.0
466	Інтерферометр Майкельсона	41	0	10	1.0
467	Інтерферометр Фабрі-Перо	27	0	7	1.0
468	Інформаційна ентропія	826	4	59	25.0
469	Інфразвук	586	4	44	17.0
470	Інфразвукова зброя	109	0	9	3.5
471	Іон	3056	26	174	97.0
472	Іонізаційна рівновага	16	0	3	1.0
473	Іоністор	248	2	16	8.0
474	Іонна пастка	14	0	7	0.0
475	Іонний звук	2	0	1	0.0
476	Іпсилон-мезон	3	0	1	0.0
477	Іридій	329	4	23	10.0
478	Іскрова камера	9	0	2	0.0
479	Іскровий розряд	506	0	107	8.0
480	Історія механіки	365	1	30	10.5
481	Історія телескопа	645	1	51	20.0
482	Історія фізики	3879	9	602	76.0
483	Ітербій	80	0	6	2.0
484	Ітрій	264	2	19	8.0
485	Йод	4139	19	261	143.0
486	Йод-131	154	0	12	5.0
487	Йодид калію	567	4	30	19.0
488	Йонний кристал	96	0	14	3.0
489	Кадмій	521	4	32	17.0
490	Калібрувальна інваріантність	49	0	5	2.0
491	Калібрувальний бозон	33	0	10	1.0
492	Калій	3708	11	191	111.0
493	Каліфорній	336	4	31	9.0
494	Калорія	730	12	37	24.0
495	Кальцій	3908	19	220	118.0
496	Камера Вільсона	349	3	36	9.0
497	Каналювання	13	0	7	0.0
498	Канонічне перетворення	19	0	4	0.5
499	Канонічний ансамбль (фізика)	15	0	3	1.0
500	Каони	18	0	3	0.0
501	Капілярний ефект	153	0	20	5.0
502	Каустика	29	0	4	1.0
503	Квадратурно-амплітудна модуляція	81	0	6	2.0
504	Квадратурно-фазова модуляція	10	0	3	0.0
505	Квадрупольний момент	32	0	7	1.0
506	Квазікласичне наближення	72	0	8	2.0
507	Квазікристал	38	0	4	1.0
508	Квазічастинка	41	0	11	1.0
509	Квант магнітного потоку	26	0	3	1.0
510	Квантова гравітація	77	0	9	2.0
511	Квантова декогеренція	50	0	5	1.0
512	Квантова дротина	13	0	3	0.5
513	Квантова інформація	27	0	4	1.0
514	Квантова криптографія	57	0	6	1.0
515	Квантова логіка	17	0	2	1.0
516	Квантова механіка	998	12	59	33.0
517	Квантова телепортація	75	0	7	2.0
518	Квантова точка	64	0	7	2.0
519	Квантова тривіальність	7	0	2	0.0
520	Квантова хімія	112	1	8	3.0
521	Квантова хромодинаміка	51	0	6	1.0
522	Квантова яма	31	0	6	1.0
523	Квантовий байєсіанізм	17	0	2	1.0
524	Квантовий вихід	28	0	3	1.0
525	Квантовий ефект	1	0	1	0.0
526	Квантовий ефект Холла	60	0	8	1.0
527	Квантовий комп'ютер	1718	12	184	47.0
528	Квантовий перехід	13	0	2	1.0
529	Квантовий стан	80	0	8	2.0
530	Квантовий стрибок	66	0	6	3.0
531	Квантовий хаос	8	0	1	0.0
532	Квантування Дірака	5	0	2	0.0
533	Кварк	799	8	84	21.0
534	Кварконій	9	0	2	0.0
535	Кільця Ньютона	127	0	23	3.0
536	Кінематика	2613	6	160	85.0
537	Кінетична енергія	3945	18	294	112.0
538	Кінетична теорія	896	4	59	27.0
539	Кінетичне рівняння	39	0	7	1.0
540	Кінцевий ефект	40	0	4	1.0
541	Класична електродинаміка	702	2	60	16.0
542	Класична фізика	118	0	13	3.0
543	Кластер (фізика)	22	0	4	1.0
544	Клин (механіка)	61	0	7	2.0
545	Клістрон	68	0	6	2.0
546	Кліщі вимірювальні	42	0	4	2.0
547	КМОН	164	1	13	4.0
548	Кобальт	1028	6	53	34.0
549	Когезія	133	0	10	4.0
550	Когерентність	682	8	46	21.0
551	Коефіцієнт дифузії	136	0	12	4.0
552	Коефіцієнт екстинкції	75	0	7	2.0
553	Коефіцієнт жорсткості	1117	10	83	34.0
554	Коефіцієнт корисної дії	1739	18	113	51.0
555	Коефіцієнт підсилення антени	60	0	11	2.0
556	Коефіцієнт рекомбінації	1	0	1	0.0
557	Коефіцієнт самодифузії	12	0	6	0.0
558	Коефіцієнт теплового розширення	492	6	34	15.0
559	Колайдер	227	1	17	7.0
560	Колапс хвильової функції	47	0	5	2.0
561	Коливальний контур	664	5	60	19.0
562	Коливання	2083	9	132	64.0
563	Коліматор	101	0	10	2.0
564	Колірна температура	460	8	30	13.0
565	Кольоровий заряд	63	0	12	1.5
566	Комірка Вігнера — Зейтца	15	0	2	0.0
567	Компенсований напівпровідник	17	0	5	1.0
568	Комплекс з переносом заряду	9	0	1	1.0
569	Композити	740	8	46	26.0
570	Комптонівське розсіювання	201	0	14	6.0
571	Конденсація Бозе — Ейнштейна	221	0	37	4.0
572	Контактна різниця потенціалів	125	1	12	4.0
573	Конфайнмент	113	1	9	4.0
574	Копенгагенська інтерпретація	67	0	6	2.0
575	Коперницій	124	1	13	3.0
576	Кореляційна енергія	3	0	1	0.0
577	Коронний розряд	599	1	89	11.0
578	Космологічна сингулярність	96	0	10	3.0
579	Космологічна стала	41	0	6	1.0
580	Космологічний масштабний фактор	3	0	1	0.0
581	Котушка Гельмгольца	19	0	4	1.0
582	Криптон	732	4	59	19.0
583	Кристалізація сплавів	158	1	18	4.0
584	Критерій Ліндеманна	9	0	3	1.0
585	Критична точка	91	0	10	2.0
586	Критичний тиск	28	0	6	1.0
587	Критичні індекси	6	0	2	0.0
588	Кріоелектронна мікроскопія	73	0	13	2.0
589	Кріолюмінесценція	6	0	2	0.0
590	Крутильні ваги	15	0	2	1.0
591	Ксенон	648	1	44	18.0
592	Ксі-баріон	7	0	1	0.0
593	Кубічний метр	2822	55	157	83.0
594	Кулон (одиниця)	968	5	84	27.0
595	Куперівська пара	27	0	4	1.0
596	Кут Брюстера	68	0	8	3.0
597	Кут змочування	72	0	10	2.0
598	Кутова модуляція	7	0	2	0.0
599	Кутова швидкість	3077	7	380	68.0
600	Кутове прискорення	1055	1	106	28.0
601	Кюрій	101	0	14	2.5
602	Лабораторна система	9	0	1	1.0
603	Лазер на вільних електронах	20	0	3	1.0
604	Лазерна абляція	24	0	4	1.0
605	Лазерний гіроскоп	25	0	4	1.0
606	Лазерний далекомір	55	0	8	2.0
607	Лампа біжної хвилі	32	0	3	1.0
608	Лантан	186	1	16	6.0
609	Лантаноїди	997	5	74	28.0
610	Ланцюгова реакція	219	1	23	6.0
611	Ларморова частота	12	0	3	0.0
612	Лембів зсув	7	0	1	0.0
613	Лептон	392	3	31	12.0
614	Лептонний заряд	51	0	5	1.5
615	Ліверморій	140	0	15	4.0
616	Ліквідус	50	0	10	1.0
617	Лінза	875	4	68	27.0
618	Лінійне середовище	4	0	2	0.0
619	Лінійчастий спектр	159	0	25	3.5
620	Літій	3789	20	234	113.0
621	Лічильник Гейгера	290	2	25	8.0
622	Локалізація Андерсона	5	0	2	0.0
623	Локалізований плазмон	16	0	3	1.0
624	Локалізований стан	19	0	3	1.0
625	Лоренц-коваріантність	13	0	2	1.0
626	Лоуренсій	143	1	11	4.0
627	Лужна батарейка	294	3	18	9.0
628	Луна (акустичне явище)	193	1	13	6.0
629	Людвіг Валентин Лоренц	3	0	1	0.0
630	Люмінесценція	392	0	25	12.0
631	Лютецій	245	0	51	4.0
632	Лямбда-баріон	8	0	2	0.0
633	Лямбда-точка	1	0	1	0.0
634	М-теорія	78	0	8	2.0
635	Магічні числа	34	0	6	1.0
636	Магічні ядра	50	0	5	1.0
637	Магнетизм	1425	7	194	34.0
638	Магнетон Бора	91	0	9	3.0
639	Магнетоопір	33	0	4	1.0
640	Магнетрон	524	7	27	17.0
641	Магній	4407	20	260	142.0
642	Магнітна еквівалентність	0	0	0	0.0
643	Магнітна лінза	22	0	6	1.0
644	Магнітне динамо	24	0	5	1.0
645	Магнітне екранування ядра	3	0	1	1.0
646	Магнітне квантове число	338	0	34	10.0
647	Магнітне перез'єднання	3	0	1	0.0
648	Магнітний домен	55	0	4	2.0
649	Магнітний момент	518	0	67	15.0
650	Магнітний момент протона	8	0	2	0.0
651	Магнітний монополь	82	0	6	3.0
652	Магнітний перехід	0	0	0	0.0
653	Магнітний потік	810	1	83	17.0
654	Магнітний резонанс	115	1	8	4.0
655	Магнітогідродинаміка	16	0	3	0.0
656	Магніторушійна сила	58	0	6	2.0
657	Магнон	31	0	7	0.5
658	Майорон	8	0	2	0.0
659	Майстер-рівняння	6	0	2	0.0
660	Майтнерій	70	0	5	2.0
661	Манган	2824	11	150	90.0
662	Маса електрона	664	0	52	21.0
663	Масове число	3680	5	288	111.0
664	Матеріал	1530	9	94	52.0
665	Матеріальна точка	4111	4	242	147.0
666	Матриці Дірака	19	0	4	1.0
667	Матриця густини	19	0	3	1.0
668	Матриця жорсткості	28	0	6	1.0
669	Матриця розсіяння	20	0	3	1.0
670	Матрична механіка	27	0	4	1.0
671	Маятник	532	2	43	15.0
672	Межа Чандрасекара	45	0	5	1.0
673	Мезони	146	1	18	3.0
674	Мезоскопічна фізика	12	0	2	0.0
675	Менделевій	90	0	6	3.0
676	Металічний водень	56	0	7	2.0
677	Металічний зв'язок	2523	1	212	74.0
678	Метастабільний стан	50	0	7	2.0
679	Метод Гартрі — Фока	12	0	1	0.5
680	Метод матриць переходу	5	0	1	0.0
681	Метод Чохральського	70	0	12	2.0
682	Метрика простору-часу	37	0	4	1.0
683	Метрика Фрідмана-Леметра-Робертсона-Вокера	13	0	2	1.0
684	Метрика Шварцшильда	48	0	5	1.0
685	Механізм Хіггса	45	0	5	1.0
686	Механічна рівновага	264	0	21	8.0
687	Мідь	7973	53	567	243.0
688	Міжатомна взаємодія	51	0	7	1.0
689	Міжнародний експериментальний термоядерний реактор	371	2	54	8.0
690	Мікроскопічний масштаб	21	0	4	1.0
691	Міліметрові хвилі	45	0	5	1.0
692	Мільйонна частка	399	3	34	11.0
693	Модель Габбарда	8	0	4	0.5
694	Модель Гарячого Всесвіту	93	0	14	2.0
695	Модель желе	13	0	3	0.0
696	Модель Ізінга	34	0	5	1.0
697	Модифікована ньютонівська динаміка	4	0	1	0.0
698	Модулі пружності	91	0	8	2.0
699	Модулометр	7	0	1	1.0
700	Модуль зсуву	226	0	24	6.0
701	Модуль Юнга	1138	11	89	37.0
702	Модуляція (фізика)	378	3	32	9.0
703	Модуляція добротності	14	0	2	1.0
704	Молекула	8696	22	562	308.0
705	Молекулярна динаміка	24	0	4	0.0
706	Молекулярна орбіталь	290	1	21	9.0
707	Молекулярна рефракція	42	0	7	2.0
708	Молекулярні кристали	67	0	13	2.0
709	Молекулярно-променева епітаксія	21	0	4	1.0
710	Молібден	926	10	55	30.0
711	Момент сили	1825	11	127	54.0
712	Монохроматична плоска хвиля	128	0	11	4.0
713	Монохроматор	46	0	7	1.0
714	Монохромія	204	2	13	7.0
715	Московій	378	4	27	11.0
716	Мультиплетність	21	0	3	1.0
717	Мультипольний момент	14	0	4	1.0
718	Мюон	116	0	13	3.0
719	Мюоній	7	0	1	0.0
720	Наближення ефективного середовища	1	0	1	0.0
721	Наближення сильного зв'язку	19	0	6	0.5
722	Нагніт лазера	10	0	2	1.0
723	Надвипромінювання Діке	3	0	2	0.0
724	Надґратка	23	0	12	0.0
725	Надзвукова швидкість	423	7	31	13.0
726	Надкритична рідина	15	0	3	0.0
727	Надплинність	96	0	7	3.0
728	Надпорогова іонізація	1	0	1	0.0
729	Надтверді матеріали	34	0	14	1.0
730	Нанодротини	14	0	4	0.0
731	Наноелектромеханічні системи	21	0	3	1.0
732	Наноіоніка	1	0	1	0.0
733	Нанооболонка	1	0	1	0.0
734	Наноскопічний масштаб	4	0	1	0.0
735	Нанотехнології	3462	29	333	98.0
736	Наночастинка	154	1	11	4.0
737	Напівметал (спінтроніка)	10	0	3	0.5
738	Напівпровідник	3145	20	251	84.0
739	Напівпровідник p-типу	291	0	38	7.0
740	Напівтінь	46	0	13	1.0
741	Напруженість магнітного поля	501	1	32	14.0
742	Напруження	597	1	56	16.0
743	Народження пар	35	0	7	1.0
744	Насичена пара	315	3	23	10.0
745	Нат (одиниця вимірювання)	38	0	5	1.0
746	Натрій	5084	9	270	171.0
747	Наукова містифікація	16	0	2	1.0
748	Небо	575	5	56	15.0
749	Нейтраліно	27	0	4	1.0
750	Нейтральна частинка	71	0	9	2.0
751	Нейтрино	408	5	25	13.0
752	Нейтрон	1873	18	116	58.0
753	Нейтронно-адсорбційний аналіз	2	0	2	0.0
754	Нелінійна система	98	0	9	3.0
755	Нематик	21	0	3	1.0
756	Ненасичена пара	74	0	7	2.0
757	Неодим	202	1	16	7.0
758	Неон	1473	5	96	43.0
759	Непрямий екситон	0	0	0	0.0
760	Нептуній	142	0	11	4.0
761	Нерозв'язані проблеми фізики	449	3	84	7.0
762	Нікель	1358	13	72	39.0
763	Ніобій	308	3	27	9.0
764	Ніхоній	203	1	18	5.0
765	Нобелій	63	0	6	2.0
766	Нормальний порядок	1	0	1	0.0
767	Нормальні коливання	28	0	3	1.0
768	Нормальні умови	667	4	42	20.0
769	Носії заряду	1104	0	176	18.0
770	Нотація бра-кет	40	0	4	1.0
771	Нуклеація	20	0	2	1.0
772	Нуклеосинтез	135	0	10	4.0
773	Нуклід	1651	11	104	54.0
774	Нуклон	528	1	39	15.0
775	Нульовий звук	2	0	1	0.0
776	Нульовий стан квантової системи	9	0	3	0.0
777	Нульові коливання	94	0	9	3.0
778	Об'єднана теорія поля	47	0	5	1.0
779	Об'єднаний інститут ядерних досліджень	21	0	5	0.5
780	Обернений простір	7	0	2	0.0
781	Обернений сантиметр	25	0	3	1.0
782	Обертання	894	4	69	29.0
783	Обійдені ядра	5	0	1	0.0
784	Область збіднення	15	0	4	0.5
785	Обмінна взаємодія	31	0	7	1.0
786	Оболонкова модель ядра	22	0	4	1.0
787	Обчислювальна гідродинаміка для зміни фази матеріалів	1	0	1	0.0
788	Обчислювальна механіка	2	0	1	0.0
789	Обчислювальна фізика	31	0	8	1.0
790	Оганесон	727	3	50	21.0
791	Одноатомний газ	26	0	3	1.0
792	Одноелектронне наближення	10	0	3	0.0
793	Оже-рекомбінація	7	0	2	1.0
794	Оже-спектроскопія	31	0	5	1.0
795	Оксиген	9159	22	569	286.0
796	Омега-баріон	5	0	1	0.0
797	Омега-мезон	7	0	1	0.0
798	Омічний контакт	23	0	4	1.0
799	Ондулятор	17	0	3	1.0
800	Оперативний запас реактивності	10	0	2	0.0
801	Оператор еволюції	16	0	4	1.0
802	Оператор числа частинок	7	0	2	0.0
803	Оператори народження та знищення	24	0	4	1.0
804	Операція молекулярної машини	2	0	1	0.0
805	Опорний сигнал	28	0	5	1.0
806	Опромінення	358	2	22	11.0
807	Оптика тонких плівок	15	0	3	1.0
808	Оптична активність	98	1	14	2.0
809	Оптична вісь	55	0	15	1.0
810	Оптична вісь кристалу	14	0	3	1.0
811	Оптична густина	339	1	29	8.0
812	Оптична сила	273	0	24	9.0
813	Оптична теорема	0	0	0	0.0
814	Оптичне випромінювання	165	0	25	2.0
815	Оптичний параметричний осцилятор	7	0	3	0.0
816	Оптичний стіл	3	0	1	0.0
817	Оптичний телескоп	120	0	17	2.0
818	Оптичний фонон	11	0	2	1.0
819	Оптично активні речовини	127	0	23	3.0
820	Оптоволокно	812	5	46	26.0
821	Орбітальне квантове число	270	1	22	7.0
822	Орбітон	2	0	1	0.0
823	Органічний світлодіод	289	2	19	9.0
824	Органічні напівпровідники	40	0	12	1.0
825	Освітленість	604	4	39	17.0
826	Осмій	326	1	23	10.0
827	Основна фізична величина	981	4	56	31.0
828	Осцилятор Лоренца	13	0	2	1.0
829	Осциляції нейтрино	19	0	3	1.0
830	Осциляції Рабі	7	0	2	0.0
831	Осциляції Шубнікова — де Гааза	37	0	6	1.0
832	П'єзоелектрики	102	0	12	3.0
833	П'єзоефект	204	2	16	6.0
834	Паладій	546	5	32	16.0
835	Пара	323	0	22	10.0
836	Парадокс близнят	97	0	9	2.0
837	Парадокс Еренфеста	14	0	3	0.5
838	Парадокс субмарини	25	0	4	1.0
839	Парамагнетики	1392	1	128	41.0
840	Пасивна радіолокація	32	0	5	1.0
841	Пентакварк	27	0	3	1.0
842	Перетворення Гільберта	27	0	6	1.0
843	Перехресна ентропія	45	0	7	1.0
844	Період напіврозпаду	875	9	68	22.0
845	Питомий імпульс	41	0	5	1.0
846	Питомий коефіцієнт поглинання електромагнітної енергії	43	0	5	1.0
847	Піони	94	0	9	2.5
848	Плазмон	33	0	4	0.5
849	Платина	880	13	43	29.0
850	Плутоній	399	5	24	12.0
851	Плутоній-239	160	0	13	6.0
852	Повне внутрішнє відбиття	358	0	52	8.0
853	Поділ ядра	347	3	23	12.0
854	Позитрон	307	3	26	9.0
855	Позитроній	16	0	3	0.0
856	Полоній	571	5	43	17.0
857	Поляритон	12	0	3	0.0
858	Полярон	18	0	3	0.0
859	Померон	8	0	1	0.0
860	Попов Олександр Степанович	366	2	28	12.0
861	Посудина Дьюара	409	2	30	12.0
862	Поширення радіохвиль	209	2	14	7.0
863	Празеодим	81	0	8	2.0
864	Припустиме затухання	4	0	2	0.0
865	Проект Y	33	0	5	1.0
866	Прометій	105	0	12	3.0
867	Протактиній	54	0	6	1.0
868	Протій	143	0	18	3.0
869	Протон	3155	18	184	100.0
870	Радар	473	7	33	15.0
871	Радар із синтезованою апертурою	85	0	8	2.0
872	Радіаційна аварія	270	0	20	7.0
873	Радій	878	7	49	29.0
874	Радіоелектронна протидія	45	0	5	1.5
875	Радіозв'язок	362	3	29	11.0
876	Радіолокаційні перешкоди	28	0	3	1.0
877	Радіофотонна РЛС	28	0	6	1.0
878	Радон	958	13	55	31.0
879	Реактивний рух	410	2	35	12.0
880	Резерфордій	128	0	10	4.0
881	Рейкотрон	113	0	8	3.5
882	Реній	194	1	15	6.0
883	Рентгеній	88	1	7	3.0
884	Рівняння Греда — Шафранова	6	0	2	1.0
885	Рівняння дифузії	91	0	8	3.5
886	Рівняння Смолюховського	9	0	2	1.0
887	Рівняння Шредінгера	354	5	20	11.0
888	Рідкі кристали	2327	6	232	66.0
889	Ро-мезон	2	0	1	0.0
890	Родій	296	4	18	8.0
891	Розходження Кульбака — Лейблера	39	0	5	1.0
892	Ротон	9	0	3	0.0
893	Ртуть	2802	37	137	97.0
894	Рубідій	967	3	83	28.0
895	Рутеній	309	1	51	9.0
896	Самарій	136	0	12	4.0
897	Свинець	1869	27	92	60.0
898	Світлодіод	800	4	63	23.0
899	Селен	1724	19	120	57.0
900	Сигма-баріон	6	0	1	0.0
901	Сигма-дельта-модуляція	29	0	8	1.0
902	Сила Лоренца	1756	8	144	44.0
903	Силіцій	3993	18	250	133.0
904	Сіборгій	99	0	10	3.0
905	Сірка	8435	17	586	240.0
906	Скандій	858	4	80	25.0
907	Спектральна ефективність	33	0	4	1.0
908	Спектрофотометр	109	0	11	3.0
909	Список позначень у фізиці	8477	28	513	289.0
910	Спільна ентропія	29	0	4	1.0
911	Сплутані квантові стани	196	1	17	5.0
912	Срібло	3127	38	195	105.0
913	Стандартний стан	251	2	17	7.0
914	Станум	1384	17	68	49.0
915	Статистичний шум	4	0	2	0.0
916	Стерильне нейтрино	9	0	2	0.0
917	Стибій	1087	5	85	31.0
918	Стронцій	980	4	63	33.0
919	Супергетеродинний радіоприймач	80	0	14	1.0
920	Суперсиметрія	96	0	9	3.0
921	Супутниковий зв'язок	289	1	31	8.0
922	Сферміон	5	0	1	0.0
923	Сцинтиляційні лічильники	31	0	5	1.0
924	Талій	406	2	30	12.0
925	Тантал (хімічний елемент)	378	3	23	11.0
926	Тау-лептон	55	0	5	2.0
927	Тахіони	160	1	10	5.0
928	Телур	597	3	46	20.0
929	Теннессин	251	1	25	7.0
930	Теорія де Бройля — Бома	38	0	3	1.0
931	Теплобачення	236	0	35	5.0
932	Тербій	90	0	8	3.0
933	Термоядерна енергія	201	0	18	6.0
934	Тета-мезон	4	0	2	0.0
935	Тетракварк	10	0	3	0.0
936	Технецій	277	3	19	9.0
937	Титан (хімічний елемент)	1688	25	92	54.0
938	Томаш Станецький	0	0	0	0.0
939	Торій	203	1	15	6.0
940	Траєкторія	3466	2	242	116.0
941	Трансфермієві війни	35	0	12	1.0
942	Тритій	501	5	37	15.0
943	Тріон	15	0	3	0.0
944	Тулій	61	0	8	1.0
945	Уран (хімічний елемент)	1064	14	60	33.0
946	Уран-235	510	6	35	16.0
947	Фазова модуляція	107	0	16	3.0
948	Фазована антенна решітка	96	0	8	3.0
949	Фермій	65	0	6	2.0
950	Ферміон	208	1	17	6.0
951	Фі-мезон	2	0	1	0.0
952	Фізика	12728	40	1330	331.0
953	Фізика низьких температур (журнал)	22	0	6	1.0
954	Флеровій	103	0	10	3.0
955	Фонон	97	0	9	3.0
956	Формула Койде	6	0	2	0.0
957	Фосфор	5914	28	329	177.0
958	Фотон	1082	14	60	32.0
959	Францій	752	2	46	28.0
960	Фтор	2818	7	161	85.0
961	Фундаментальна частинка	94	0	24	2.0
962	Фундаментальні взаємодії	641	3	64	19.0
963	Функція розподілу (статистична фізика)	14	0	4	1.0
964	Халькогени	596	1	58	14.0
965	Хлор	6106	18	367	161.0
966	Хром	1983	15	109	62.0
967	Хронологія квантових обчислень	20	0	2	1.0
968	Цезій	980	8	67	30.0
969	Церій	190	2	14	6.0
970	Циклотронна маса	3	0	1	0.0
971	Цинк	3155	15	193	105.0
972	Цирконій	641	9	34	20.0
973	Частотна модуляція	217	1	18	6.0
974	Черенковське випромінювання	194	1	14	5.0
975	Число Авогадро	1518	14	78	52.0
976	Число Маха	541	9	33	17.0
977	Шипіння (ядерна зброя)	6	0	2	0.0
978	Шлях (фізика)	5768	3	351	162.0
979	Ядерна енергетика	573	7	33	19.0
980	Ядерне випробування	176	0	15	5.0
981	Ядерний вибух	487	4	48	13.0
982	Ядро атома	3719	11	268	119.0
983	B-кварк	39	0	4	1.0
984	B-мезон	11	0	2	0.0
985	BeamForming	37	0	4	1.0
986	C-кварк	29	0	7	0.5
987	CERN	510	7	45	16.0
988	D-кварк	47	0	7	1.0
989	D-мезон	5	0	1	0.0
990	J/ψ-мезон	13	0	2	0.0
991	Ku-діапазон	41	0	3	1.0
992	S-кварк	26	0	3	1.0
993	T-кварк	27	0	3	1.0
994	T-мезон	10	0	2	0.5
995	U-кварк	66	0	6	2.0
996	W- і Z-бозони	40	0	5	1.0
997	Wendelstein 7-X	18	0	4	1.0
998	X та Y бозони	14	0	2	0.5
