1	5-фторурацил	87	0	9	2.5
2	Абакавір	26	0	6	1.0
3	Абакавір/Ламівудин	2	0	1	0.0
4	Абарестезія	6	0	1	0.0
5	Абатестезія	9	0	2	0.0
6	Абдоміналізація серця	19	0	3	1.0
7	Абдомінопластика	136	0	9	4.0
8	Абсанс	337	4	23	11.0
9	Абсцес	2245	41	103	74.0
10	Абсцес легень	1049	11	66	33.0
11	Август Вагенманн	0	0	0	0.0
12	Авітамінози	1850	8	138	44.0
13	Австралійський кліщовий рикетсіоз	19	0	3	1.0
14	Автоімунні захворювання	1900	29	109	59.0
15	Агнозія	372	2	30	10.0
16	Агомелатин	60	0	9	2.0
17	Агорафобія	723	8	44	23.0
18	Агранулоцитоз	575	5	40	16.0
19	Адалімумаб	157	0	13	5.0
20	Адам Крістіян Тебезій	3	0	1	0.0
21	Аддералл	3058	68	216	88.0
22	Аддісонова хвороба	1197	15	84	37.0
23	Аделькі Негрі	6	0	1	0.0
24	Аденовіруси	362	1	43	9.0
25	Аденовірусна інфекція	1050	14	65	32.0
26	Аденома гіпофіза	220	2	20	6.0
27	Аденома щитоподібної залози	241	1	18	7.0
28	Адинамія	81	0	7	2.0
29	Адонізид	56	0	7	2.0
30	Адреналектомія	30	0	3	1.0
31	Адреногенітальний синдром	431	3	27	14.0
32	Адренокортикальна аденома	56	1	8	2.0
33	Адренокортикальна карцинома	32	0	4	1.0
34	Адренокортикотропний гормон	379	5	22	13.0
35	Адсорбована коклюшно-дифтерійно-правцева вакцина	1679	14	94	54.0
36	Аерофагія	93	0	8	3.0
37	Азеластин	23	0	4	1.0
38	Азилсартан	47	0	4	1.0
39	Азитроміцин	561	8	28	19.0
40	Азлоцилін	12	0	3	0.0
41	Азооспермія	120	0	10	4.0
42	Азотемія	106	0	8	3.0
43	Азтреонам	69	0	29	1.5
44	Айван Магілл	15	0	5	0.0
45	Айзенберг Олександр Абрамович	10	0	2	1.0
46	Аймалін	30	0	5	1.0
47	Акінезія	68	0	8	2.0
48	Акне	2560	60	150	78.0
49	Акривастин	12	0	3	0.0
50	Акрихін	20	0	4	1.0
51	Акромегалія	556	3	43	16.0
52	Актиномікоз	262	3	17	8.0
53	Актовегін	178	1	17	5.0
54	Акушерка	173	1	11	5.0
55	Алберт Аґуайо	17	0	12	0.0
56	Александер Флемінг	875	11	67	28.0
57	Алексія	96	0	8	3.0
58	Алемтузумаб	31	0	6	1.0
59	Алергічний дерматит	347	4	22	11.0
60	Алергія на латекс	74	0	8	2.0
61	Алессандра Джиліані	3	0	1	0.0
62	Алкоголізм	3401	59	157	114.0
63	Алоїз Альцгеймер	72	0	7	2.0
64	Алоїз Капуано	0	0	0	0.0
65	Алпразолам	733	12	36	22.0
66	Альбендазол	262	2	16	8.0
67	Альберто Асколі	1	0	1	0.0
68	Альберто Бартон	5	0	2	0.0
69	Альбумінурія	64	0	8	2.0
70	Альдостерон	517	6	33	16.0
71	Альфа-адреноблокатори	448	5	26	15.0
72	Альфа-клітина	18	0	2	0.0
73	Альфа-фетопротеїн	670	6	44	22.0
74	Альфонс Якоб	4	0	1	0.0
75	Альфред Вельпо	11	0	2	1.0
76	Альфузозин	30	0	5	1.0
77	Амантадин	111	0	11	4.0
78	Амбазон	65	0	5	2.0
79	Амбліопія	970	11	52	31.0
80	Амброксол	306	2	18	9.0
81	Амебіаз	764	7	59	25.0
82	Аменорея	704	8	39	23.0
83	Американська колегія хірургів	7	0	2	0.5
84	Амізон	207	2	14	7.0
85	Амікацин	169	1	11	5.0
86	Амілоїд	280	1	28	7.0
87	Амілоїдоз	1131	10	75	33.0
88	Амімія	29	0	7	1.0
89	Аміноглікозиди	503	4	42	15.0
90	Амінотрансферази	261	2	23	7.0
91	Аміодарон	224	2	15	6.0
92	Амітриптилін	587	9	38	18.0
93	Амлодипін	246	2	16	7.0
94	Амнезія	543	6	31	18.0
95	Амніоцентез	93	0	12	2.5
96	Амоксицилін	735	10	37	21.0
97	Амоксицилін/клавуланова кислота	251	1	15	8.0
98	Амосов Микола Михайлович	3613	47	176	124.0
99	Ампренавір	4	0	1	0.0
100	Ампутація	225	2	21	7.0
101	Амрінон	50	0	12	1.0
102	Амтолметин гуацил	16	0	2	1.0
103	Амузія	14	0	3	1.0
104	Амфетамін	3991	89	176	130.0
105	Амфотерицин В	61	0	6	2.0
106	Анагрелід	16	0	3	1.0
107	Анапластичний рак щитоподібної залози	40	0	6	1.0
108	Анасарка	477	6	31	16.0
109	Анастомоз	306	4	18	9.0
110	Анастрозол	71	0	6	2.0
111	Анатоксин	274	1	21	8.0
112	Анатомічний театр Київського університету Св. Володимира	45	0	6	2.0
113	Анатомо-терапевтично-хімічна класифікація	178	1	11	5.0
114	Анафілаксія	667	5	56	21.0
115	Анафілактичний шок	2262	23	122	78.0
116	Ангіологія	75	0	12	2.0
117	Ангіома	325	3	19	10.0
118	Ангіосаркома	40	0	5	1.0
119	Ангіосаркома щитоподібної залози	3	0	1	0.0
120	Ангіоспазм	143	1	10	4.5
121	Ангіостронгільоз	0	0	0	0.0
122	Андрейчин Михайло Антонович	131	0	12	3.0
123	Андрогени	485	5	36	14.0
124	Андростендіон	122	1	8	4.0
125	Аневризма	1393	22	71	45.0
126	Аневризма аорти	570	4	36	19.0
127	Анемія	7144	109	315	246.0
128	Анестезія	925	9	63	27.0
129	Анеуплоїдія	423	6	27	13.0
130	Анідулафунгін	11	0	2	0.5
131	Анізакіди	30	0	4	1.0
132	Анізакідоз	38	0	4	2.0
133	Анізокорія	522	5	30	17.0
134	Анкілоз	399	3	27	12.0
135	Анкілозуючий спондилоартрит	1372	21	82	43.0
136	Анкілостомози	85	0	8	2.0
137	Анорексія (симптом)	1355	22	75	44.0
138	Антагоністи альдостерону	123	0	9	4.0
139	Антиаритмічні препарати	572	5	46	17.0
140	Антигіпертензивні препарати	1184	15	72	39.0
141	Антитіла	2603	21	178	76.0
142	Антифосфоліпідний синдром	269	1	16	7.0
143	Антон Вексельбаум	2	0	1	0.0
144	Антоні Крупський	3	0	1	0.0
145	Антраль	1023	17	50	33.0
146	Антропоноз	671	4	50	20.0
147	Анурія	323	1	19	10.0
148	Аортальна недостатність	255	1	21	8.0
149	Апатія (медицина)	1381	27	63	46.0
150	Апендицит	2526	59	114	79.0
151	Апное	536	3	34	16.0
152	Апное уві сні	623	11	32	20.0
153	Аполіпопротеїн A1	25	0	3	1.0
154	Апраксія	330	4	28	10.0
155	Аптека	403	2	30	12.0
156	Арахноїдит	302	1	25	9.0
157	Арбідол	86	0	8	3.0
158	Арбовірусні хвороби	130	0	21	3.5
159	Аргентинська геморагічна гарячка	33	0	4	1.0
160	Арман Труссо	8	0	2	0.5
161	Артеріальна гіпертензія	5507	86	252	183.0
162	Артеріальна гіпотензія	1694	28	82	53.0
163	Артеріосклероз	81	0	12	2.0
164	Артерія м'яза-підіймача яєчка	19	0	6	1.0
165	Артерія сім'явивідної протоки	16	0	2	1.0
166	Артерія яєчка	86	0	8	3.0
167	Артралгія	306	3	22	10.0
168	Артремфіт	83	0	7	3.0
169	Артрит	2283	40	113	75.0
170	Артроз плечового суглоба	148	0	12	5.0
171	Артропластика	71	0	10	2.0
172	Артур Ернест Гведел	7	0	2	0.0
173	Асептика	1719	7	106	56.0
174	Аскарида людська	2181	23	190	67.0
175	Аскаридоз	1284	17	64	44.0
176	Аспарагіназа	39	0	6	2.0
177	Аспергільоз	149	1	12	4.0
178	Астазія	30	0	8	1.0
179	Астемізол	11	0	2	1.0
180	Астенія	1710	31	83	55.0
181	Астма бронхіальна	2816	36	147	95.0
182	Асфіксія	2270	30	143	71.0
183	Асцит	667	11	36	21.0
184	Атазанавір	14	0	2	1.0
185	Атаксія	560	6	34	18.0
186	Атезолізумаб	39	0	4	1.0
187	Ателектаз легені	1292	15	85	41.0
188	Атеросклероз	4194	44	219	134.0
189	Атетоз	100	0	8	3.0
190	Атипова пневмонія	250	2	17	8.0
191	Атлант (анатомія)	770	1	53	24.0
192	Атоваквон	16	0	3	0.0
193	Атонія	212	2	17	6.0
194	Аторвастатин	134	0	12	3.0
195	Атропін	696	10	37	23.0
196	Атрофія	905	8	51	28.0
197	Аура (симптом)	157	1	13	5.0
198	Аускультація	718	2	74	22.0
199	Аутопсія	680	9	49	19.0
200	Аутотрансплантація	64	0	8	2.0
201	Афект первинний	39	0	3	1.0
202	Афонія	97	0	10	2.0
203	Афти	126	1	10	4.0
204	Ахілів рефлекс	241	0	29	7.0
205	Ахондроплазія	193	1	17	5.5
206	Ацеклофенак	61	0	6	2.0
207	Аценокумарол	154	0	17	4.0
208	Ацетилсаліцилова кислота/гідроксид магнію	73	0	6	2.0
209	Ацетилцистеїн	404	6	26	13.0
210	Ацикловір	346	4	22	11.0
211	Бабезіоз	363	2	35	10.0
212	Базиліксимаб	2	0	1	0.0
213	Базофілопенія	7	0	1	0.0
214	Бактеріємія	184	1	14	6.0
215	Балантидіаз	163	1	28	4.0
216	Барабанна струна	103	0	7	3.0
217	Бардах Яків Юлійович	22	0	6	1.0
218	Барлова хвороба	35	0	5	1.0
219	Баротравма	184	2	13	5.0
220	Бартолініт	57	0	6	2.0
221	Бартолінові залози	361	5	24	11.0
222	Бартонельози	74	0	8	2.0
223	Баттологія	25	0	4	1.0
224	Бацилярний ангіоматоз	32	0	3	1.0
225	Бацилярний пурпурний гепатит	19	0	4	1.0
226	Бевацизумаб	61	0	6	2.0
227	Бедаквілін	95	0	9	2.0
228	Беджель	93	0	10	3.0
229	Безифлоксацин	8	0	3	0.0
230	Безоар	111	0	17	3.0
231	Безредка Олександр Михайлович	105	0	18	2.0
232	Безсоння	721	8	43	23.0
233	Беклометазон	91	0	10	2.0
234	Беміпарин	20	0	5	0.0
235	Беназеприл	17	0	2	1.0
236	Бендамустин	26	0	5	1.0
237	Бенджамін Раш	14	0	2	0.0
238	Бенедикт Ваґнер	0	0	0	0.0
239	Бензатин бензилпеніцилін	133	0	30	3.0
240	Бензатин феноксиметилпеніцилін	2	0	1	0.0
241	Бензобарбітал	26	0	5	1.0
242	Бенфлуорекс	23	2	8	4.0
243	Бепридил	11	0	2	1.0
244	Бері-бері	549	4	51	14.0
245	Бернгард Нохт	0	0	0	0.0
246	Бета-2-адреностимулятори	241	1	18	8.0
247	Бета-блокатор	1306	17	75	41.0
248	Бета-клітина	59	0	8	1.0
249	Бета-лактамази	109	1	10	3.0
250	Бетаксолол	23	0	4	1.0
251	Бешиха	3866	85	197	120.0
252	Бівалірудин	1	0	1	0.0
253	Бігуняк Володимир Васильович	19	0	2	1.0
254	Бікалутамід	35	0	5	1.0
255	Біла гарячка	1231	20	71	36.0
256	Біластин	122	1	13	3.0
257	Біль	1124	10	73	34.0
258	Біль за грудиною	79	0	6	2.0
259	Біодоступність	513	3	59	13.0
260	Біохімічний аналіз крові	3224	49	162	120.0
261	Біпериден	14	0	2	1.0
262	Біполярний афективний розлад	3726	62	287	112.0
263	Біфоназол	34	0	5	1.0
264	Бічний аміотрофічний склероз	1605	11	199	47.0
265	Бленорея	211	1	25	4.5
266	Блеоміцин	30	0	5	1.0
267	Блефарит	310	1	19	9.0
268	Близькосхідний коронавірусний респіраторний синдром	76	1	5	2.5
269	Бліда куля	86	0	13	2.0
270	Блокатори кальцієвих каналів	1006	7	58	35.0
271	Блокатори H2-гістамінових рецепторів	419	5	29	13.0
272	Блювання	451	5	24	15.0
273	Богданов Іван Лукіянович	7	0	2	0.0
274	Бокавірусна інфекція	51	0	7	2.0
275	Болівійська геморагічна гарячка	16	0	2	1.0
276	Бородавка	1394	24	76	46.0
277	Борозна (мозок)	238	2	15	7.0
278	Ботулізм	2565	35	154	76.0
279	Боцепревір	13	0	2	1.0
280	Брадикардія	1492	28	74	45.0
281	Брахідактилія	89	0	9	3.0
282	Браян Артур Селлік	18	0	3	1.0
283	Брентуксимаб ведотин	48	0	5	2.0
284	Бретилію тозилат	25	0	3	1.0
285	Бривудин	3	0	1	0.0
286	Брижа (кишечник)	199	2	15	6.0
287	Бринцидофовір	7	0	3	0.0
288	Бромгексин	240	2	17	7.0
289	Бромокриптин	114	0	10	4.0
290	Бронхіт	3952	37	215	121.0
291	Бронхоектатична хвороба	1280	15	78	38.0
292	Бронхоспазм	239	2	13	8.0
293	Бругіоз	16	0	3	1.0
294	Бруцельоз	763	5	53	25.0
295	Бубновський Сергій Михайлович	399	3	22	12.0
296	Бубон (медицина)	119	1	12	4.0
297	Бубонна чума	599	9	38	19.0
298	Будесонід	172	0	12	5.0
299	Булімія	1976	44	86	64.0
300	Бупренорфін	358	5	20	11.0
301	Бупропіон	101	1	10	3.0
302	Бурсит	620	10	34	19.0
303	Бусерелін	13	0	2	1.0
304	Буспірон	238	2	17	8.0
305	Бусульфан	13	0	2	0.5
306	Бутоконазол	4	0	2	0.0
307	Буторфанол	149	1	17	4.5
308	Вавжинєц Прессен	1	0	1	0.0
309	Вагінальний кандидоз	3333	67	166	106.0
310	Вазоактивний інтестинальний пептид	19	0	2	1.0
311	Вазопресин	869	10	47	28.0
312	Вакцина проти гепатиту А	84	0	7	3.0
313	Вакцина проти епідемічного паротиту	110	0	8	3.0
314	Вакцина проти кору	640	4	51	18.0
315	Вакцинація	1253	15	94	34.0
316	Вакцини	2517	37	170	74.0
317	Вакцини проти холери	66	0	7	3.0
318	Валацикловір	108	1	9	4.0
319	Валганцикловір	11	0	2	1.0
320	Валсартан	105	0	9	3.0
321	Вальпроєва кислота	203	2	19	6.0
322	Варикоз	1239	19	59	40.0
323	Варфарин	244	0	19	7.0
324	Васкуліт	555	5	29	18.0
325	Ведолізумаб	26	0	5	1.0
326	Везикульозний рикетсіоз	79	0	8	2.0
327	Великий кам'янистий нерв	69	0	7	2.0
328	Великогомілкова кістка	503	6	41	17.0
329	Венеричні хвороби	1258	18	78	40.0
330	Венерологія	199	1	11	6.0
331	Венесуельський енцефаломієліт	28	0	5	1.0
332	Венлафаксин	112	0	16	3.0
333	Верапаміл	197	1	14	6.0
334	Вернакалант	29	0	6	1.0
335	Вертикальний механізм передачі інфекції	170	1	13	5.0
336	Верхнє слиновидільне ядро	22	0	3	1.0
337	Верхній гортанний нерв	17	0	3	1.0
338	Верхньощелепна артерія	239	0	18	9.0
339	Верхньощелепна вена	2	0	2	0.0
340	Верхня гортанна артерія	0	0	0	0.0
341	Верхня щитоподібна артерія	22	0	3	1.0
342	Верхня щитоподібна вена	2	0	1	0.0
343	Випадкова смерть та інвалідність: знехтуване захворювання сучасного суспільства	5	0	2	0.0
344	Виразка Бурулі	78	1	8	2.0
345	Висип	2023	33	101	68.0
346	Висівкоподібний (різнокольоровий) лишай	3138	76	171	97.0
347	Високоактивна антиретровірусна терапія	274	2	17	8.0
348	Високович Володимир Костянтинович	83	0	16	2.0
349	Висотна хвороба	766	8	53	18.0
350	Висхідна глоткова артерія	20	0	4	1.0
351	Висхідна шийна артерія	22	0	4	1.0
352	Відрижка	276	3	15	8.0
353	Відшарування сітківки	437	7	25	14.0
354	Військова медицина в Україні	147	1	12	5.0
355	Військові медичні заклади України	263	1	21	7.0
356	Військово-лікарські комісії України	483	3	36	16.0
357	Віктор Бабеш	16	0	3	1.0
358	Вілем Душан Лямбль	14	0	3	1.0
359	Вілізієве коло	863	1	68	24.0
360	Вільгельм Ґрізінґер	3	0	1	0.0
361	Вільям Горгас	3	0	1	0.0
362	Віментин	17	0	3	1.0
363	Вінбластин	48	0	7	2.0
364	Вінорельбін	13	0	4	0.0
365	ВІПома	20	0	4	1.0
366	Вірджинія Апгар	39	0	6	1.0
367	Вірус Епштейна — Барр	3821	55	282	121.0
368	Вірус Зіка	369	2	52	9.0
369	Вірус імунодефіциту людини	4398	44	278	119.0
370	Вірус Норуолк	215	0	31	6.0
371	Вірус папіломи людини	3138	60	139	103.0
372	Вірусемія	50	0	6	1.0
373	Віспа мавп	62	0	7	2.0
374	Вісцеральний лейшманіоз	53	0	5	2.0
375	Вітамін B12	2419	38	121	75.0
376	Вітряна віспа	4138	63	265	129.0
377	Внутрішнє вухо	844	2	60	27.0
378	Внутрішньоартеріальна ін'єкція	28	0	3	1.5
379	Внутрішньовенна ін'єкція	1143	11	71	37.0
380	Внутрішньолікарняна інфекція	1677	5	122	46.0
381	Внутрішньом'язова ін'єкція	1383	23	109	40.0
382	Внутрішньочерепна гіпертензія	702	7	48	22.0
383	Внутрішня грудна артерія	86	0	8	3.0
384	Внутрішня сонна артерія	242	1	19	7.0
385	Внутрішня яремна вена	358	2	21	12.0
386	Воєнно-медична доктрина України	93	0	15	2.0
387	Возіанова Жанна Іванівна	44	0	8	1.0
388	Войцех Жердинський	5	0	3	0.0
389	Волинська гарячка	141	0	10	5.0
390	Волянський Юрій Леонідович	12	0	2	1.0
391	Вориконазол	30	0	3	1.0
392	Вортіоксетин	59	0	5	2.0
393	Воші	2203	39	149	70.0
394	Всесвітній день боротьби з цукровим діабетом	56	0	7	2.0
395	Всеукраїнський центр професійної реабілітації інвалідів	208	1	28	6.0
396	Всеукраїнський центр радіохірургії	90	1	13	2.0
397	Вузлик	279	4	25	8.0
398	Вузликовий періартеріїт	225	1	19	8.0
399	Вухереріоз	17	0	4	0.0
400	Вушна раковина	210	0	22	6.0
401	Габапентин	244	2	17	7.0
402	Газова гангрена	894	8	57	29.0
403	Галітоз	178	1	15	5.0
404	Галоперидол	718	11	35	25.0
405	Галофантрин	4	0	1	0.0
406	Галюцинація	490	6	30	14.0
407	Гамалія Микола Федорович	679	0	67	17.0
408	Гангрена	2027	29	103	62.0
409	Ганс Сельє	179	1	17	6.0
410	Ганс Цінссер	11	0	2	0.0
411	Ганс-Герхард Кройцфельд	5	0	1	0.0
412	Ганцикловір	66	0	10	1.0
413	Гаплогрупа R1a	284	3	18	9.0
414	Гарячка	2004	25	107	64.0
415	Гарячка денге	424	3	27	12.0
416	Гарячка Західного Нілу	175	2	19	4.0
417	Гарячка Ласса	174	0	17	6.0
418	Гарячка лісу Барма	17	0	4	1.0
419	Гарячка лісу Семлікі	12	0	2	1.0
420	Гарячка паппатачі	54	0	5	2.0
421	Гарячка Ріфт Валлі	63	0	9	1.0
422	Гарячка Росс Рівер	33	0	3	1.0
423	Гарячка Сіндбіс	5	0	2	0.0
424	Гарячки від укусу пацюків	19	0	3	1.0
425	Гастринома	22	0	4	1.0
426	Гастрит	2315	41	117	79.0
427	Гастроезофагеальна рефлюксна хвороба	2455	39	139	83.0
428	Гатіфлоксацин	206	1	55	5.0
429	Гвайфенезин	768	12	41	24.0
430	Гексопреналін	20	0	3	1.0
431	Гельмінти	2170	25	163	60.0
432	Гельмінтози	734	7	43	23.0
433	Гемартроз	131	1	12	4.0
434	Гематома	1234	16	60	38.0
435	Гематурія	356	1	21	11.0
436	Геміпарез	584	4	34	20.0
437	Геміфлоксацин	13	0	3	0.5
438	Гемолітична анемія	652	4	41	20.0
439	Гемоперикард	26	0	3	1.0
440	Геморагічна гарячка	191	0	20	6.0
441	Геморагічна гарячка з нирковим синдромом	169	0	15	4.0
442	Геморагічний васкуліт	1166	10	66	36.0
443	Геморагічний інсульт	1203	22	73	40.0
444	Геморой	3629	83	157	115.0
445	Гемофілія	1955	28	110	57.0
446	Гемофільна інфекція	1195	15	63	39.0
447	Гемохроматоз	313	0	39	8.0
448	Гемцитабін	44	0	7	1.0
449	Генетичні хвороби	1217	12	74	41.0
450	Генрик Кадий	12	0	2	1.0
451	Генрик Мосінг	26	0	5	1.0
452	Генрі Коплік	60	1	7	3.0
453	Генріх Квінке	11	0	3	0.0
454	Гентаміцин	310	0	21	9.0
455	Георг Гаффкі	6	0	2	0.0
456	Георг Фернан Ізідор Відаль	3	0	2	0.0
457	Георгіос Папаніколау	28	0	7	1.0
458	Гепатит А	2069	27	141	64.0
459	Гепатит B	2548	42	130	87.0
460	Гепатит C	3261	67	151	101.0
461	Гепатит D	398	5	23	12.0
462	Гепатит E	282	3	22	8.0
463	Гепатомегалія	435	2	28	15.0
464	Гепатоцит	464	3	30	14.0
465	Герасун Борис Абрамович	69	0	10	2.0
466	Герман Музер	24	0	4	3.0
467	Герпес простий	1969	33	118	61.0
468	Герпесвіруси	378	2	38	9.0
469	Герпесвірусні інфекції	1134	19	63	32.0
470	Гестаційний цукровий діабет	243	0	25	7.0
471	Гефітиніб	16	0	2	1.0
472	Гикавка	763	13	41	23.0
473	Гіаліноз	318	0	28	8.0
474	Гіалоїдна мембрана	20	0	3	1.0
475	Гібернома	57	0	11	2.0
476	Гігантоклітинний артеріїт	96	0	11	2.0
477	Гігієна	3104	13	232	82.0
478	Гідазепам	2071	35	114	63.0
479	Гідрокодон	59	0	5	2.0
480	Гідроксизин	128	1	12	3.0
481	Гідроксикарбамід	17	0	3	1.0
482	Гідроксиметилхіноксиліндіоксид	40	0	6	1.5
483	Гідроксихлорохін	41	0	5	1.0
484	Гідронефроз	1265	17	65	40.0
485	Гідроторакс	369	3	23	11.0
486	Гідрофобія (симптом)	40	0	4	1.0
487	Гідрохлоротіазид	192	1	13	6.0
488	Гідроцефалія	2713	49	136	84.0
489	Гійом Дюпюїтрен	10	0	2	0.5
490	Гіменолепідоз	238	1	16	9.0
491	Гінгівіт	930	13	51	29.0
492	Гінеколог-ендокринолог	121	1	11	3.0
493	Гіперальдостеронізм	194	1	16	5.0
494	Гіперглікемічна кома	1358	19	80	40.0
495	Гіперглікемія	857	8	53	29.0
496	Гіперемія	738	8	46	24.0
497	Гіперестезія	219	2	17	7.0
498	Гіперкаліємія	397	5	21	13.0
499	Гіперкапнія	296	2	36	8.0
500	Гіперліпідемія	182	0	12	7.0
501	Гіперпаратиреоз	283	2	19	9.0
502	Гіперпролактинемія	296	2	21	9.0
503	Гіпертензивний криз	756	5	46	23.0
504	Гіпертиреоїдизм	446	3	26	15.0
505	Гіпноз	638	7	32	20.0
506	Гіповолемічний шок	769	5	43	25.0
507	Гіповолемія	449	4	35	14.0
508	Гіпоглікемічна кома	1253	11	127	37.0
509	Гіпоглікемія	904	14	51	28.0
510	Гіподинамія	843	5	135	19.0
511	Гіпокаліємія	174	0	12	5.0
512	Гіпоксемія	312	3	23	8.0
513	Гіпоманія	361	2	22	12.0
514	Гіпопаратиреоїдизм	130	1	12	4.0
515	Гіпопіон	21	0	4	1.0
516	Гіпотермія	781	4	42	26.0
517	Гіпотиреоїдизм	1787	26	101	55.0
518	Гіпотонус	91	0	10	2.0
519	Гіпотрофія	326	3	22	9.0
520	Гіппократ	2704	11	176	86.0
521	Гірська хвороба	913	9	69	23.0
522	Гістеректомія	347	1	21	11.0
523	Гістопатологія	54	0	5	2.0
524	Гістоплазмоз	99	0	8	3.0
525	Глатирамеру ацетат	43	0	8	1.0
526	Глаукома	1041	18	50	32.0
527	Глибока язикова артерія	3	0	1	0.0
528	Глибоке пахвинне кільце	125	1	10	3.0
529	Глібенкламід	78	0	10	2.0
530	Глікемічний індекс	595	6	29	20.0
531	Гліклазид	33	0	4	1.0
532	Гліобластома	3972	18	658	63.0
533	Гліома	429	4	83	8.0
534	Гломерулонефрит	2485	20	152	62.0
535	Глузман Семен Фішельович	373	1	57	10.0
536	Глюкагон	671	0	61	19.0
537	Глюкагонома	8	0	2	0.0
538	Глюкозурія	254	1	19	8.0
539	Глюкокортикоїди	836	11	44	26.0
540	Гній (медицина)	527	4	31	16.0
541	Гноячок	211	1	16	6.0
542	Говард Тейлор Рікеттс	12	0	2	0.5
543	Гозерелін	96	0	9	3.0
544	Голімумаб	24	0	5	1.0
545	Голка хірургічна	225	2	23	6.0
546	Головна вена	54	0	5	2.0
547	Головне ядро трійчастого нерва	15	0	4	1.0
548	Головний біль	1113	25	53	36.0
549	Головний біль напруги	760	10	38	26.0
550	Головний мозок людини	4634	48	237	154.0
551	Голосові зв'язки	486	5	30	15.0
552	Голубовська Ольга Анатоліївна	798	3	177	12.0
553	Гомілка	696	10	35	20.0
554	Гонгілонематоз	24	0	3	1.0
555	Гонорея	4405	87	190	142.0
556	Гончарук Євген Гнатович	96	0	10	3.0
557	Гормон росту 2	24	0	4	1.0
558	Городецький Марко Михайлович	24	0	4	1.0
559	Гортань	771	6	54	23.0
560	Госпітальна пневмонія	128	0	10	4.0
561	Гостра респіраторна вірусна інфекція	3278	39	202	100.0
562	Гостра серцева недостатність	789	9	45	26.0
563	Гостра судинна недостатність	531	5	36	17.0
564	Гострий апендицит	1118	12	60	34.0
565	Гострий гастрит	701	8	42	23.0
566	Гострий лімфобластний лейкоз	1327	11	89	40.0
567	Гострий мієлобластний лейкоз	458	4	32	15.0
568	Гострий панкреатит	1659	29	87	52.0
569	Гострий розсіяний енцефаломієліт	210	2	18	6.0
570	Гострий середній отит	1269	13	69	40.0
571	Гострий тонзиліт	4968	95	242	159.0
572	Гострі лейкози	569	6	53	16.0
573	Гранульоматозний амебний енцефаліт	17	0	2	1.0
574	Грепафлоксацин	3	0	1	0.0
575	Грижа	1553	24	87	51.0
576	Гризеофульвін	92	0	7	2.0
577	Грип	4806	16	360	125.0
578	Грицюк Олександр Йосипович	12	0	5	0.0
579	Громадське здоров'я	833	9	95	22.0
580	Громашевська Любов Леонтіївна	11	0	4	0.5
581	Громашевський Лев Васильович	110	0	16	3.0
582	Грудинно-ключично-соскоподібний м'яз	199	1	26	5.0
583	Грудинно-ключично-сосцеподібна артерія	3	0	3	0.0
584	Гуго Шоттмюллер	5	0	3	0.0
585	Гума (патологія)	94	0	6	3.0
586	Гураль Анатолій Леонтійович	17	0	5	1.0
587	Густав Гімза	3	0	2	0.0
588	Ґергард Гансен	2	0	1	0.0
589	Ґрелін	98	0	8	3.0
590	Дабігатран	49	0	9	2.0
591	Дазатиніб	14	0	4	1.0
592	Дакарбазин	7	0	2	0.0
593	Даклізумаб	3	0	1	0.0
594	Далекозорість	850	9	43	29.0
595	Дальтепарин	16	0	2	1.0
596	Данієль Алкідес Карріон	9	0	2	0.0
597	Данієль Елмер Сальмон	12	0	3	0.0
598	Дапсон	49	0	7	1.0
599	Даптоміцин	19	0	3	1.0
600	Дарунавір	10	0	3	0.0
601	ДВЗ-синдром	1287	6	96	35.0
602	Девід Брюс (мікробіолог)	7	0	2	0.0
603	Девід Веттер	44	0	8	1.0
604	Дегідратаційний шок	310	2	31	9.0
605	Дезлоратадин	232	1	15	7.0
606	Декаметоксин	555	8	32	17.0
607	Декваліній	112	1	12	3.0
608	Дексаметазон	1612	21	82	51.0
609	Дексібупрофен	84	0	9	2.5
610	Декскетопрофен	211	0	13	7.0
611	Декслансопразол	69	0	7	1.0
612	Декстрометорфан	210	1	14	7.0
613	Делавірдин	0	0	0	0.0
614	Делірій	977	18	48	32.0
615	Дельта-клітина	18	0	2	1.0
616	Деменція	3203	73	150	101.0
617	Демієлінізуючі захворювання	571	6	38	17.0
618	Демодекоз	3319	64	214	95.0
619	Деносумаб	78	0	6	2.0
620	Деперсоналізація	603	5	28	20.0
621	Дерматологія	796	11	64	21.0
622	Дерматоміозит	545	7	36	16.0
623	Десвенлафаксин	63	0	5	2.5
624	Десмоїд	84	0	7	3.0
625	Десмопресин	70	0	8	2.0
626	Джгут	898	3	70	24.0
627	Джеймс К. Стайнер	8	0	3	0.0
628	Джироламо Фракасторо	87	0	7	3.0
629	Джованні Баттіста Грассі	4	0	1	1.0
630	Джозаміцин	82	0	8	3.0
631	Джозеф Лістер	149	0	34	4.0
632	Джон Сноу	76	0	9	2.0
633	Джонатан Гатчінсон	5	0	1	1.0
634	Дивертикуліт	319	1	22	10.0
635	Дигітоксин	168	0	21	4.0
636	Диданозин	15	0	2	1.0
637	Дизартрія	509	4	29	16.0
638	Дизентерія	1891	27	155	58.0
639	Дизопірамід	38	0	3	1.0
640	Дийодтирозин	4	0	1	0.0
641	Дилтіазем	58	0	5	2.0
642	Дименгідринат	52	0	6	2.0
643	Диметилтриптамін	545	9	26	18.0
644	Диметинден	113	0	9	3.0
645	Дипілідіоз	107	1	8	3.0
646	Дипіридамол	151	1	11	4.0
647	Диплопія	236	2	16	7.0
648	Дирофіляріоз	458	2	31	14.0
649	Дисекція шиї	74	0	7	2.0
650	Дислокація мозку	71	0	7	2.0
651	Дисморфофобія	383	6	24	10.0
652	Диспансеризація	1077	11	69	34.0
653	Диспепсія	1160	16	58	38.0
654	Дисфагія	635	3	40	20.0
655	Дисфорія	326	3	27	10.0
656	Дифілоботріоз	206	0	19	7.0
657	Дифтерія	7237	101	944	212.0
658	Дифузний панбронхіоліт	25	0	3	1.0
659	Дифузний токсичний зоб	1022	15	57	31.0
660	Дихальна недостатність	741	7	42	24.0
661	Дихання Біота	400	2	29	11.0
662	Дихання Куссмауля	509	4	41	13.0
663	Дихання Чейна — Стокса	612	4	44	22.0
664	Діабетична нефропатія	176	1	14	5.0
665	Діагностична тріада Стімсона	48	0	5	1.5
666	Діагностичний і статистичний посібник з психічних розладів	266	1	23	7.0
667	Діазепам	830	11	51	25.0
668	Діапедез	127	0	12	3.0
669	Діарея	1854	31	98	59.0
670	Діарея мандрівників	280	1	21	9.0
671	Діацереїн	18	0	3	0.0
672	Дієта	968	5	64	29.0
673	Дієти за Певзнером	207	1	15	7.0
674	Діурез	900	12	60	28.0
675	Доброякісна гіперплазія передміхурової залози	1250	20	56	42.0
676	Доброякісна пухлина	1092	15	60	36.0
677	Доказова медицина	392	3	35	11.0
678	Доксазозин	121	0	11	3.0
679	Доксепін	102	0	8	3.0
680	Доксиламін	148	0	12	4.5
681	Доксициклін	420	5	34	12.0
682	Долонно-підошовний синдром	39	0	5	1.0
683	Долутегравір	57	0	6	2.5
684	Домінік-Жан Ларрей	39	0	4	1.0
685	Домперидон	184	2	15	5.0
686	Дональд Гендерсон	18	0	7	1.0
687	Допінг-тест	28	0	4	1.0
688	Доріпенем	9	0	2	1.0
689	Доступні ліки	60	0	8	2.0
690	Дофамін	1832	34	91	57.0
691	Дофетилід	22	0	2	1.0
692	Доцетаксел	80	0	8	3.0
693	Дракункульоз	120	0	15	3.0
694	Дробинський Ісаак Рудольфович	26	0	8	2.0
695	Дронедарон	24	0	6	1.0
696	Дротаверин	847	17	42	28.0
697	Друга холерна пандемія	9	0	2	0.0
698	Дуга аорти	244	1	20	7.0
699	Дудченко Іван Степанович	4	0	2	0.0
700	Дулоксетин	97	0	8	3.0
701	Дутастерид	71	0	5	3.0
702	Дяченко Сергій Степанович	17	0	4	1.0
703	Ебастин	23	0	4	1.0
704	Ебола (вірус)	2382	24	203	69.0
705	Еверолімус	33	0	4	2.0
706	Едвард Дженнер	323	1	41	9.0
707	Езомепразол	99	0	8	3.5
708	Езофагіт	498	5	35	16.0
709	Ейфорія	842	7	40	29.0
710	Екзема	2585	60	125	82.0
711	Екзофтальм	201	1	14	6.0
712	Еконазол	28	0	3	1.0
713	Ексеместан	24	0	4	1.0
714	Екстракорпоральна мембранна оксигенація	49	0	10	1.0
715	Екстрапірамідна система	731	7	55	22.0
716	Екстрастріарна кора	5	0	2	0.0
717	Екстрений медичний реагувальник	43	0	5	1.0
718	Екстрений медичний технік	89	0	11	2.0
719	Елвітегравір	2	0	1	0.0
720	Електрокардіографія	2661	19	162	83.0
721	Електротравма	963	6	81	26.0
722	Еліс Кетрін Еванс	3	0	1	0.0
723	Емануель Махек	5	0	1	0.0
724	Емболія	1052	8	81	30.0
725	Еметин	7	0	2	0.0
726	Еміль Адольф фон Берінг	99	0	8	3.0
727	Еміль ван Ерменґем	4	0	1	0.0
728	Еміль Шарль Ашар	1	0	1	0.0
729	Емоційно нестабільний розлад особистості	605	11	29	18.0
730	Емтрицитабін	20	0	3	1.0
731	Еналаприл	212	1	13	7.0
732	Ендартеріїт	224	1	22	5.0
733	Ендемічний висипний тиф	107	0	9	3.0
734	Ендемічний поворотний тиф	54	0	5	2.0
735	Ендемія	496	3	38	14.0
736	Ендокардит	613	7	46	19.0
737	Ендокринна хірургія	30	0	4	1.0
738	Ендокринні залози	3009	18	214	82.0
739	Ендорфіни	1381	25	68	46.0
740	Еноксапарин	77	0	7	2.0
741	Еноксацин	3	0	1	0.0
742	Енріке да Роше Ліма	9	0	2	0.0
743	Ентекавір	46	0	5	2.0
744	Ентерит	814	15	48	25.0
745	Ентерична нервова система	107	0	9	4.0
746	Ентеробіоз	1123	13	55	36.0
747	Ентеровірусні інфекції	2114	30	108	72.0
748	Ентерогастральний гальмівний рефлекс	3	0	2	0.0
749	Ентероколіт	987	11	65	28.0
750	Ентеросорбент	182	1	13	6.0
751	Енурез	478	7	31	14.0
752	Енфувіртид	3	0	1	0.0
753	Енцефаліт	1428	23	76	44.0
754	Енцефаліт долини Муррея	9	0	4	0.0
755	Енцефаліт Повассан	45	1	5	2.0
756	Енцефаліт Росіо	13	0	3	1.0
757	Енцефаліт Сент-Луїс	10	0	3	0.0
758	Енцефалопатія	2426	42	120	78.0
759	Еозинофілія	2461	28	126	80.0
760	Епідеміологія	1700	9	110	56.0
761	Епідемічний висипний тиф	742	3	49	25.0
762	Епідемічний паротит	2066	26	127	66.0
763	Епідемічний поворотний тиф	90	0	6	3.0
764	Епідемія	1221	4	97	41.0
765	Епікондиліт	558	5	34	18.0
766	Епірубіцин	14	0	2	1.0
767	Еплеренон	63	0	10	2.0
768	Епросартан	3	0	2	0.0
769	Ептифібатид	8	0	3	0.0
770	Ерадикація інфекційних хвороб	63	0	6	2.0
771	Ерготерапія	1159	20	57	36.0
772	Ерготизм	193	1	17	6.0
773	Ердостеїн	64	0	5	2.0
774	Еризипелоїд	212	1	19	7.0
775	Еритроміцин	441	5	23	14.0
776	Еритропоетин	219	1	16	7.0
777	Ерліхіоз	65	0	17	2.0
778	Ерлотиніб	24	0	4	1.0
779	Ертапенем	19	0	5	0.0
780	Есенціале	566	8	34	18.0
781	Есмолол	24	0	5	1.0
782	Естрадіол	573	7	36	18.0
783	Естрамустин	2	0	1	0.0
784	Есциталопрам	221	2	18	7.0
785	Етамбутол	55	0	5	1.0
786	Етанерцепт	19	0	3	1.0
787	Етацизин	67	0	7	2.0
788	Етифоксин	18	0	4	1.0
789	Етіологія (медицина)	1268	10	84	40.0
790	Етодолак	22	0	5	1.0
791	Етопозид	37	0	6	1.0
792	Еторикоксиб	98	0	9	3.0
793	Етравірин	2	0	1	0.0
794	Етторе Маркіафава	12	0	2	1.0
795	Еутиреоз	159	0	15	5.0
796	Ефавіренз	31	0	4	1.0
797	Ехінокандини	26	0	6	1.0
798	Ехінокок звичайний	283	1	25	6.0
799	Ехінококоз	888	13	58	28.0
800	Ехокардіографія	392	5	30	12.0
801	Ешерихіоз	1145	9	105	32.0
802	Європейська рада ресусцитації	30	0	5	1.0
803	Єрсиніоз кишковий	779	1	66	27.0
804	Єрсинія	154	0	13	5.0
805	Жан-Луї Петі	18	0	3	1.0
806	Жан-Луї Прево	5	0	2	0.0
807	Жданов Віктор Михайлович	37	0	7	1.0
808	Жовта гарячка	719	4	51	20.0
809	Жовтяниця (медицина)	2016	25	104	65.0
810	Жовчнокам'яна хвороба	1335	9	96	44.0
811	Жозеф-Фредерік-Бенуа Шарр'єр	5	0	2	0.0
812	Жувальний м'яз	279	2	29	7.0
813	Заболотний Данило Кирилович	2517	7	282	45.0
814	Забуті тропічні хвороби	183	1	12	5.0
815	Загальна клубова артерія	195	2	14	5.0
816	Загальна сонна артерія	665	10	43	21.0
817	Задишка	393	1	34	11.0
818	Задній сегмент ока	5	0	2	0.0
819	Задня вушна артерія	12	0	2	1.0
820	Задня мозкова артерія	124	0	12	3.5
821	Закидання голови-виведення підборіддя	18	0	3	1.0
822	Законодавство в екстреній медицині	186	0	19	6.0
823	Залеплон	28	0	4	1.0
824	Зальцитабін	1	0	1	0.0
825	Занамівір	61	0	6	2.0
826	Заочеревинний простір	250	2	23	6.0
827	Запалення	1934	21	111	59.0
828	Запор	1187	21	57	38.0
829	Зарицький Анатолій Минович	7	0	2	0.0
830	Застуда	943	10	58	30.0
831	Затримка місячних	4880	79	211	159.0
832	Західний енцефаломієліт коней	20	0	2	1.0
833	Зв'язка (анатомія)	341	3	23	10.0
834	Звивина	166	0	13	5.0
835	Зворотний гортанний нерв	106	1	11	3.0
836	Здорове харчування	2188	12	156	72.0
837	Зипразидон	25	0	13	1.0
838	Злоякісна анемія	391	4	27	11.0
839	Зміна поведінки (громадське здоров'я)	19	0	3	1.0
840	Знаменський Володимир Олексійович	6	0	1	1.0
841	Зневоднення організму	180	1	13	5.0
842	Зоб (хвороба)	1463	18	93	44.0
843	Зовнішній сітчастий шар	95	0	18	1.5
844	Зовнішня капсула	12	0	7	0.0
845	Зовнішня клубова артерія	99	0	11	2.5
846	Зовнішня сонна артерія	312	4	24	10.0
847	Зовнішня яремна вена	122	0	9	3.0
848	Золпідем	125	1	12	4.0
849	Зонд Сенґстакена — Блекмора	66	0	9	2.0
850	Зооноз	606	4	48	16.0
851	Зопіклон	151	1	14	4.0
852	Зоровий нерв	900	12	46	27.0
853	Зофеноприл	25	0	4	1.0
854	Зсідання крові	2475	27	126	82.0
855	Зуклопентиксол	7	1	6	3.5
856	Зюков Анатолій Матвійович	6	0	2	0.0
857	Івабрадин	126	1	8	4.0
858	Іванов Вадим Миколайович	19	0	4	0.5
859	Івар Сандстрьом	3	0	1	0.0
860	Ідарубіцин	5	0	1	0.0
861	Ідіопатичний фіброзуючий альвеоліт	356	1	24	11.0
862	Ізоконазол	7	0	1	0.0
863	Ізоксуприн	11	0	2	1.0
864	Ізопреналін	120	0	10	3.5
865	Ізосорбіду динітрат	135	0	14	4.0
866	Ізоспороз	34	0	5	1.0
867	Іматиніб	95	0	14	2.0
868	Іміпенем	78	0	6	3.0
869	Іміпрамін	56	0	13	2.0
870	Імунітет (медицина)	5356	25	451	140.0
871	Імуногістохімія	607	3	64	13.0
872	Інвагінація кишечника	338	4	21	10.0
873	Інгібітори 5-альфа-редуктази	57	0	8	1.0
874	Інгібітори АПФ	920	8	57	30.0
875	Інгібітори бета-лактамаз	59	0	7	2.0
876	Інгібітори протеази	248	0	24	4.0
877	Інгібітори рецепторів ангіотензину-ІІ	644	4	40	20.0
878	Інгібітори тирозинкінази	68	0	7	2.0
879	Індакатерол	14	0	4	1.0
880	Індапамід	122	0	17	3.0
881	Індинавір	6	0	1	0.0
882	Інозин	141	0	14	4.0
883	Інозин пранобекс	450	4	37	14.0
884	Інститут ендокринології та обміну речовин імені В. П. Комісаренка НАМН України	132	0	10	4.0
885	Інститут медичної реабілітації дітей з ураженням центральної нервової системи імені Януша Корчака	47	0	6	2.0
886	Інститут очних хвороб і тканинної терапії імені В. П. Філатова НАМН України	295	1	26	10.0
887	Інститут тропічної медицини імені Бернгарда Нохта	2	0	1	0.0
888	Інструктор курсів невідкладної допомоги	16	0	3	1.0
889	Інсулін	3327	33	229	99.0
890	Інсулінова помпа	215	1	18	6.5
891	Інсулінома	56	0	6	1.5
892	Інсулінотерапія	117	0	13	4.0
893	Інтерстиційний нефрит	163	1	11	5.0
894	Інтраопераційне гістологічне експрес-дослідження	55	0	5	2.0
895	Інтубація	101	0	11	3.0
896	Інфекційна еритема	451	6	23	14.0
897	Інфекційний мононуклеоз	4011	68	182	133.0
898	Інфекційні захворювання	13129	75	1169	322.0
899	Інфекція	2419	18	147	76.0
900	Інфекція, яку спричинює вірус Епштейна — Барр	1546	17	122	47.0
901	Інфекція, яку спричинює герпесвірус людини 6-го типу	207	2	15	6.0
902	Інфекція, яку спричинює герпесвірус людини 7-го типу	48	0	9	1.5
903	Інфекція, яку спричинює герпесвірус людини 8-го типу	101	1	9	3.0
904	Інфліксімаб	51	0	6	2.0
905	Іпохондрія	1190	24	54	38.0
906	Іпратропію бромід	168	1	20	5.0
907	Ірбесартан	31	0	4	1.0
908	Іринотекан	34	0	4	1.0
909	Ірит	77	0	9	2.5
910	Ісрадипін	5	0	2	0.0
911	Ітоприд	54	0	6	1.0
912	Ітраконазол	119	0	11	4.0
913	Іфосфамід	23	0	4	1.0
914	Ішемічна хвороба серця	3507	37	191	115.0
915	Ішемічний інсульт	1706	16	89	54.0
916	Ішурія	611	7	35	19.0
917	Йододефіцит	343	2	22	11.0
918	Кабазитаксел	3	0	1	0.0
919	Каберголін	62	0	7	2.0
920	Календар щеплень	908	7	56	27.0
921	Каліфорнійський енцефаліт	11	0	4	1.0
922	Кальцитонін	646	4	35	21.0
923	Кальцитріол	84	0	10	2.0
924	Кампілобактеріоз	225	0	18	7.0
925	Канакінумаб	9	0	3	0.0
926	Каналопатія	32	0	7	1.0
927	Канаміцин	71	0	8	2.0
928	Кандидоз	3068	60	139	99.0
929	Канцерогени	828	11	52	26.0
930	Капецитабін	99	0	10	2.0
931	Капреоміцин	17	0	3	1.0
932	Каптоприл	267	2	20	8.0
933	Карантин	504	4	42	15.0
934	Карбамазепін	399	4	26	13.0
935	Карбідопа	29	0	4	1.0
936	Карбоплатин	73	0	11	2.0
937	Карбоцистеїн	155	0	13	4.0
938	Карбункул (хвороба)	1188	16	62	38.0
939	Карведилол	96	0	10	3.0
940	Кардіалгія	267	3	22	8.0
941	Кардіоміопатія	1477	17	88	49.0
942	Кардіохірургія	107	0	8	3.0
943	Карл Вундерліх	2	0	1	0.0
944	Карл Йозеф Еберт	11	0	2	0.5
945	Карл фон Лібермейстер	5	0	2	0.0
946	Карлос Хуан Фінлей	4	0	1	0.0
947	Карлус Шагас	6	0	3	0.0
948	Кармустин	5	0	3	0.0
949	Каролінська університетська лікарня	21	0	5	0.0
950	Каротидний синус	84	0	8	2.0
951	Карфентаніл	108	0	10	3.0
952	Карциноїд	92	0	9	3.0
953	Карциноїдний синдром	90	0	7	3.0
954	Карцинома	3923	71	178	130.0
955	Каспофунгін	46	0	4	1.0
956	Катаракта	1011	18	55	31.0
957	Катастрофічний антифосфоліпідний синдром	45	0	4	1.0
958	Кафедра патологічної фізіології Національного медичного університету імені О. О. Богомольця	45	1	7	2.0
959	Кашель	740	11	42	21.0
960	Кашлюк	2882	53	185	94.0
961	Кветіапін	153	0	10	5.0
962	Квінаприл	18	0	4	1.0
963	Келвін Леунг	1	1	1	1.0
964	Кератит	652	8	38	20.0
965	Кертіс Лестер Мендельсон	2	0	1	0.0
966	Кесонна хвороба	1456	23	130	38.0
967	Кетоацидоз	413	5	30	13.0
968	Кетоконазол	175	0	13	6.0
969	Кетопрофен	268	2	19	8.0
970	Кеторолак	191	1	12	5.0
971	Кетотифен	121	0	14	3.0
972	Київська міська психіатрична лікарня	671	5	39	21.0
973	Київське обласне психіатрично-наркологічне медоб'єднання	186	1	13	5.0
974	Київський міський клінічний госпіталь ветеранів війни	186	1	13	6.0
975	Кила Шморля	959	13	46	32.0
976	Кишенькова маска	24	0	3	1.0
977	Кишечник	1784	33	83	56.0
978	Кишкова непрохідність	2199	33	134	69.0
979	Кільця Кайзера — Флайшера	142	0	29	2.0
980	Кінезітерапія	890	16	49	29.0
981	Кір	5486	92	271	173.0
982	Кіркова речовина надниркової залози	218	2	17	6.0
983	Кіста	2004	32	98	62.0
984	Кіста зябрової дуги	16	0	3	1.0
985	Кісточка (анатомія)	345	4	23	11.0
986	Кітасато Сібасабуро	31	0	8	1.0
987	Кіфоз	862	12	55	27.0
988	Клавдій Гален	1128	2	88	32.0
989	Клавуланова кислота	172	1	10	5.0
990	Кладрибін	20	0	3	1.0
991	Кларитроміцин	370	6	23	12.0
992	Класифікація кровотеч за Форестом	917	3	65	28.0
993	Кластер захворювання	13	0	2	1.0
994	Клемастин	42	0	5	1.0
995	Кленбутерол	192	1	11	6.0
996	Кліндаміцин	270	1	17	8.0
997	Клініка (медичний заклад)	254	2	18	7.0
998	Клінічна лікарня «Феофанія»	1043	13	155	24.0
999	Клінічна настанова	40	0	4	1.0
1000	Клінічний аналіз крові	2099	17	125	77.0
1001	Клінічний аналіз сечі	1533	16	86	47.0
1002	Кліщовий висипний тиф Північної Азії	32	0	4	1.0
1003	Кліщовий енцефаліт	939	7	64	27.0
1004	Кліщовий пароксизмальний рикетсіоз	13	0	2	1.0
1005	Клоксацилін	29	0	4	1.0
1006	Кломіпрамін	56	0	6	1.0
1007	Клоназепам	180	2	14	6.0
1008	Клонорхоз	84	0	6	3.0
1009	Клонус	170	0	16	5.0
1010	Клотримазол	495	7	27	15.0
1011	Клофазимін	59	0	6	2.0
1012	Ключиця	821	9	43	29.0
1013	Клятва Гіппократа	1317	22	94	39.0
1014	Коагулограма	1872	19	106	59.0
1015	Коагулопатія	324	2	22	10.0
1016	Козько Володимир Миколайович	19	0	3	1.0
1017	Коксиби	93	0	14	2.0
1018	Колапс (медицина)	1975	19	114	63.0
1019	Колінний суглоб	1360	19	91	40.0
1020	Колінчастий вузол	21	0	4	1.0
1021	Колістин	73	0	7	2.0
1022	Коліт	796	8	45	28.0
1023	Колоноскопія	1663	24	88	54.0
1024	Колорадська кліщова гарячка	32	0	4	1.0
1025	Колоректальний рак	1021	15	55	32.0
1026	Кома (медицина)	2415	36	121	83.0
1027	Комісаренко Ігор Васильович	42	0	4	1.0
1028	Конваллятоксин	3	0	2	0.0
1029	Конверсія (психологія)	44	0	4	2.0
1030	Контагіозність	378	4	33	11.0
1031	Контактний механізм передачі інфекції	435	1	44	11.0
1032	Контрактура Дюпюїтрена	370	3	27	11.0
1033	Конча-Заспа (санаторій)	121	1	12	3.0
1034	Кора головного мозку	1257	12	71	42.0
1035	Корбініан Бродман	10	0	2	0.0
1036	Корглікон	327	4	23	10.0
1037	Коров'яча віспа	247	1	18	7.0
1038	Корона голівки члена	182	1	10	6.0
1039	Коронавірусна інфекція	95	1	11	3.0
1040	Коронарна недостатність	253	3	15	8.0
1041	Короста	4232	88	186	138.0
1042	Короткозорість	1601	23	85	50.0
1043	Кортизол	1731	35	76	56.0
1044	Кортизон	247	3	23	7.0
1045	Кортикальний гомункулус	69	0	8	2.0
1046	Корчак-Чепурківський Овксентій Васильович	78	0	7	2.0
1047	Косоокість	614	5	38	18.0
1048	Крайня капсула	3	0	1	0.0
1049	Крайня плоть	623	9	34	21.0
1050	Краніофарингіома	38	0	4	1.0
1051	Краснуха	2176	36	126	66.0
1052	Крелін Юлій Зусманович	5	0	2	0.0
1053	Крим-Конго геморагічна гарячка	94	0	14	2.0
1054	Криптококоз	125	0	10	3.5
1055	Криптоспоридіоз	70	1	10	2.0
1056	Крістоф Вільгельм Гуфелянд	20	0	3	1.0
1057	Кров'яний тиск	900	9	41	30.0
1058	Кронтовський Олексій Антонінович	3	0	1	0.0
1059	Кропив'янка (хвороба)	3592	85	171	114.0
1060	Круп	1130	21	69	34.0
1061	Ксантелазма	250	0	17	9.0
1062	Ксантома	334	4	27	10.0
1063	Ксипамід	15	0	4	1.0
1064	Ку-гарячка	173	0	23	4.5
1065	Кульшовий суглоб	1158	14	76	33.0
1066	Курортологія	135	0	22	3.0
1067	Куру (хвороба)	1615	10	178	33.0
1068	Куряча сліпота (хвороба)	583	5	43	17.0
1069	Лабеталол	133	0	16	3.0
1070	Лагофтальм	114	0	8	4.0
1071	Лазарет	117	0	12	4.0
1072	Лакосамід	12	0	3	0.5
1073	Лакунарний інсульт	294	1	17	9.0
1074	Ламівудин	40	0	4	1.0
1075	Ламотригін	144	1	10	4.0
1076	Ланатозид C	53	0	6	1.0
1077	Лансопразол	61	0	6	2.0
1078	Ланцюг виживання	352	0	44	8.0
1079	Лапатиніб	24	0	5	1.0
1080	Лаппаконітину гідробромід	20	0	3	1.0
1081	Ларингіт	2937	42	193	85.0
1082	Ларингоспазм	389	1	36	12.0
1083	Латамоксеф	6	0	1	0.0
1084	Лацидипін	6	0	1	0.0
1085	Левамізол	174	0	9	6.0
1086	Леветирацетам	66	1	6	2.0
1087	Леводопа	231	0	15	7.0
1088	Леводопа/карбідопа	4	0	1	0.0
1089	Левомепромазин	15	0	2	1.0
1090	Леворин	49	0	4	2.0
1091	Левотироксин	188	1	12	7.0
1092	Левофлоксацин	425	7	19	13.0
1093	Левоцетиризин	180	1	11	5.0
1094	Легенева гіпертензія	941	13	58	30.0
1095	Легеневе серце	1000	9	179	29.0
1096	Легіонельоз	395	5	25	11.0
1097	Лейкемічний провал	262	1	31	7.0
1098	Лейкоз	3402	63	183	107.0
1099	Лейкоцитарна формула	842	7	55	27.0
1100	Лейоміома	369	1	24	11.0
1101	Лейпрорелін	42	0	6	1.0
1102	Лейшманіози	341	2	23	11.0
1103	Лектини С-типу	8	0	2	0.0
1104	Ленограстим	6	0	1	0.0
1105	Лепрозорій	199	1	16	5.0
1106	Лептин	292	3	20	9.0
1107	Лептоспіроз	3051	40	319	92.0
1108	Лерканідипін	48	0	4	2.0
1109	Летаргічний енцефаліт	87	1	10	2.0
1110	Летрозол	104	1	8	3.0
1111	Лефлуномід	45	0	4	1.0
1112	Леш Федір Олександрович	11	0	3	0.0
1113	Лихоманка	27	0	4	1.0
1114	Лицева артерія	106	1	11	3.0
1115	Лицевий нерв	1019	9	91	29.0
1116	Лікар	1303	17	74	42.0
1117	Лікар-ендокринолог	1532	16	76	52.0
1118	Лікарня	784	11	50	22.0
1119	Лікарня відновного лікування Міністерства внутрішніх справ України	515	4	28	18.0
1120	Лікарська рослина	1342	8	88	40.0
1121	Лікарський збірник	7	0	2	0.0
1122	Лікарські засоби	3105	32	159	113.0
1123	Ліктьовий суглоб	228	0	24	5.5
1124	Лімфангіт	146	1	12	4.0
1125	Лімфатичні філяріїдози	25	0	5	1.0
1126	Лімфогранулематоз	1423	22	70	48.0
1127	Лімфома	924	13	46	30.0
1128	Лімфома щитоподібної залози	25	0	3	1.0
1129	Лімфорея	53	1	6	1.5
1130	Лімфоцитарний хоріоменінгіт	44	0	6	1.0
1131	Лімфоцитоз	465	5	29	15.0
1132	Ліндеман Володимир Карлович	13	0	3	1.0
1133	Лінезолід	139	0	13	3.5
1134	Лінкозаміди	71	0	11	2.0
1135	Лінкоміцин	931	18	41	30.0
1136	Лістеріоз	430	4	24	14.0
1137	Літотрипсія	340	3	23	11.0
1138	Лоаоз	43	0	4	1.5
1139	Лобова частка (мозок)	727	5	49	21.0
1140	Лобово-скронева деменція	28	0	4	1.0
1141	Ловастатин	87	0	8	3.0
1142	Ломефлоксацин	20	0	2	1.0
1143	Лопатка	610	3	44	21.0
1144	Лоперамід	383	4	24	12.0
1145	Лопінавір	4	0	1	0.0
1146	Лопінавір/Ритонавір	18	0	6	1.0
1147	Лоразепам	176	1	11	6.0
1148	Лорноксикам	88	0	8	2.0
1149	Луї Пастер	1542	9	113	52.0
1150	Люмбальна пункція	985	13	53	31.0
1151	Лямбліоз	1187	22	79	37.0
1152	М'язова атрофія	675	7	36	21.0
1153	М'який шанкр	204	2	14	7.0
1154	Магнітно-резонансна томографія	3312	46	179	113.0
1155	Майкл Елліс ДеБейкі	55	0	23	1.0
1156	Макроглобулінемія Вальденстрема	133	0	18	3.0
1157	Макроліди	625	9	37	20.0
1158	Малеїн	3	0	1	0.0
1159	Малогомілкова кістка	182	1	15	5.0
1160	Малярія	2398	27	133	73.0
1161	Мапротилін	16	0	3	0.0
1162	Маравірок	5	0	1	0.0
1163	Маревний паразитоз	72	0	8	4.0
1164	Марі Буавен	5	0	1	0.0
1165	Марсельська гарячка	158	0	43	2.0
1166	Масаж	1363	24	68	44.0
1167	Мастит	1382	25	95	39.0
1168	Мастоїдит	381	4	39	11.0
1169	Мастопатія	1784	31	84	63.0
1170	Меатотомія	27	0	7	1.0
1171	Мебеверин	132	1	11	4.0
1172	Мебендазол	123	0	12	4.0
1173	Мебікар	321	3	24	10.0
1174	Мегестрол	40	0	4	2.0
1175	Медазепам	33	0	5	1.0
1176	Медаль Менсона	2	0	1	0.0
1177	Медицина	4927	36	399	144.0
1178	Медицина подорожей та хвороб мандрівників	63	0	7	2.0
1179	Медична акустика	386	3	25	13.0
1180	Медична діагностика	1740	10	103	61.0
1181	Медичне сортування	952	10	60	29.0
1182	Медичне страхування	466	3	42	14.0
1183	Медичний факультет Київського імператорського університету Святого Володимира	45	0	7	1.0
1184	Медроксипрогестерон	42	0	7	1.0
1185	Медулярний рак щитоподібної залози	299	2	17	8.0
1186	Мексилетин	44	0	4	2.0
1187	Меланома	1313	27	64	43.0
1188	Мелатонін	1733	27	86	54.0
1189	Меліоїдоз	104	0	11	3.0
1190	Мелперон	14	0	2	1.0
1191	Мелфалан	12	0	2	0.0
1192	Мельдоній	606	7	48	17.0
1193	Менінгеальний синдром	370	3	27	9.0
1194	Менінгеальні симптоми	780	7	58	23.0
1195	Менінгізм	122	0	11	3.0
1196	Менінгіт	3977	57	217	123.0
1197	Менінгокок	589	3	57	15.0
1198	Менінгококова інфекція	2404	25	289	71.0
1199	Меніск (анатомія)	1809	37	79	60.0
1200	Менопауза	1172	24	51	36.0
1201	Меркаптопурин	27	0	7	1.0
1202	Меропенем	53	0	6	2.0
1203	Месна	20	0	3	1.0
1204	Метаболізм лікарських засобів	412	6	29	12.0
1205	Метаквалон	226	1	14	8.0
1206	Метапневмовірусна інфекція	29	0	5	2.0
1207	Метастаз	1005	19	51	32.0
1208	Метациклін	21	0	3	1.0
1209	Метилпреднізолон	211	2	17	5.0
1210	Метилфенідат	389	3	27	13.0
1211	Метицилін	61	0	5	2.0
1212	Метод Сельдінгера	276	1	19	8.0
1213	Метоклопрамід	369	1	27	11.0
1214	Метоксифлуран	43	0	4	1.5
1215	Метопролол	96	0	10	3.0
1216	Метотрексат	458	5	38	13.0
1217	Метформін	712	9	45	23.0
1218	Мефедрон	2513	46	131	86.0
1219	Мефлохін	16	0	4	0.0
1220	Механізм передачі інфекції	1399	3	90	45.0
1221	Механотерапія	156	0	14	5.0
1222	Мечников Ілля Ілліч	4956	29	426	120.0
1223	Мигдалики	1407	17	80	44.0
1224	Миготіння передсердь	499	4	27	16.0
1225	Миготіння шлуночків	287	1	22	9.0
1226	Міансерин	52	0	5	2.0
1227	Мігрень	2679	57	118	89.0
1228	Мідазолам	85	1	8	3.0
1229	Мідекаміцин	25	0	4	1.0
1230	Мідріаз	431	6	33	13.0
1231	Мієліт	254	2	30	7.0
1232	Мієлодиспластичні синдроми	101	0	7	3.0
1233	Мієломна хвороба	1246	9	105	41.0
1234	Міжнародна класифікація функціонування, обмеження життєдіяльності та здоров’я (МКФ)	484	3	29	16.0
1235	Міжнародне агентство з дослідження раку	27	0	4	1.0
1236	Міжнародне нормалізоване відношення	1010	5	65	37.0
1237	Міжнародний класифікатор хвороб	2451	21	142	88.0
1238	Міжнародні медико-санітарні правила 2005 року	106	0	10	3.0
1239	Міжхребцева кила	2993	66	124	96.0
1240	Міжхребцевий диск	517	3	32	15.0
1241	Мікафунгін	10	0	3	0.0
1242	Міконазол	87	0	6	3.0
1243	Мікоплазмоз урогенітальний	606	4	54	19.0
1244	Мікофенолова кислота	50	0	10	1.0
1245	Мікроцефалія	587	4	34	18.0
1246	Мікседема	491	5	32	14.0
1247	Мілнаципран	19	0	4	1.0
1248	Мінералокортикоїди	131	0	13	4.0
1249	Міноксидил	860	11	51	28.0
1250	Мінх Григорій Миколайович	54	0	15	1.0
1251	Мінцер Озар Петрович	69	0	8	2.0
1252	Міозит	1002	13	55	32.0
1253	Міома матки	2123	33	117	70.0
1254	Міопатія	573	5	36	19.0
1255	Міофасціальний больовий синдром	302	1	23	9.0
1256	Міртазапін	130	1	10	3.0
1257	Мітоксантрон	20	0	3	1.0
1258	Мітоміцин	11	0	3	0.0
1259	МКХ-10: Клас I. Деякі інфекційні та паразитарні хвороби (A)	788	2	44	27.0
1260	МКХ-10: Клас I. Деякі інфекційні та паразитарні хвороби (B)	847	3	53	30.0
1261	МКХ-10: Клас V. Розлади психіки та поведінки	2964	35	151	97.0
1262	МКХ-10: Клас VI. Хвороби нервової системи	2961	25	137	113.0
1263	МКХ-10: Клас VII. Хвороби ока та його придаткового апарату	1427	6	76	54.0
1264	МКХ-10: Клас VIII. Хвороби вуха та соскоподібного відростка	626	2	44	22.0
1265	МКХ-10: Клас XVI. Окремі стани, що виникають в перинатальному періоді	576	4	36	20.0
1266	МКХ-10: Клас XVII. Вроджені вади розвитку, деформації та хромосомні аномалії	1781	13	93	67.0
1267	Множинна ендокринна неоплазія	54	0	7	2.0
1268	Множинна ендокринна неоплазія тип 1	25	0	5	1.0
1269	Множинна ендокринна неоплазія тип 2А	21	0	4	1.0
1270	Множинна ендокринна неоплазія тип 2Б	30	0	4	1.0
1271	Мобільний армійський хірургічний шпиталь	22	0	3	1.0
1272	Моексиприл	7	0	2	0.0
1273	Мозкова речовина надниркової залози	119	1	11	3.0
1274	Мозковий кровообіг	798	11	49	23.0
1275	Мозолисте тіло	352	4	23	11.0
1276	Моксифлоксацин	105	0	11	3.0
1277	Монобактами	69	0	7	2.0
1278	Монойодтирозин	6	0	2	0.0
1279	Моноклональні антитіла	392	3	22	13.0
1280	Монтелукаст	158	2	12	5.0
1281	Морацизин	17	0	3	1.0
1282	Морська хвороба	232	1	23	6.0
1283	Мосаприд	25	0	3	1.0
1284	Мочутковський Йосип Йосипович	36	0	12	1.0
1285	Моямоя	85	0	8	3.0
1286	Муковісцидоз	3136	49	158	101.0
1287	Мупіроцин	71	0	7	2.5
1288	Мутизм	206	2	15	6.0
1289	Набряк	713	12	40	22.0
1290	Набряк Квінке	2879	60	140	91.0
1291	Набряк легень	1248	14	64	42.0
1292	Набуметон	48	0	7	2.0
1293	Набутий імунітет	433	1	36	10.0
1294	Надгортанник	336	4	26	10.0
1295	Надіфлоксацин	2	0	1	0.0
1296	Надлопаткова артерія	13	0	2	0.0
1297	Надлопаткова вена	3	0	1	0.0
1298	Надниркова залоза	2143	29	145	66.0
1299	Надолол	11	0	2	1.0
1300	Надп'яткова кістка	156	0	13	5.0
1301	Надп'ятково-гомілковий суглоб	592	3	48	18.0
1302	Надропарин	33	0	4	1.0
1303	Налбуфін	623	3	192	12.0
1304	Налідиксова кислота	30	0	5	1.0
1305	Налорфін	42	0	7	1.0
1306	Напроксен	274	3	15	9.0
1307	Наталізумаб	23	0	4	1.0
1308	Натаміцин	99	0	23	2.0
1309	Натан Едвін Брілл	5	0	2	0.0
1310	Натрію пікосульфат	23	0	4	1.0
1311	Натуральна віспа	3396	38	355	85.0
1312	Науково-практичний центр профілактичної та клінічної медицини Державного управління справами	157	1	13	4.0
1313	Нафтифін	69	0	5	2.0
1314	Національна асоціація екстрених медичних техніків	101	0	14	2.0
1315	Національний військово-медичний клінічний центр «Головний військовий клінічний госпіталь»	1093	8	59	36.0
1316	Національний інститут раку (Україна)	504	5	67	14.0
1317	Національний музей медицини України	113	0	10	3.0
1318	Національний реєстр екстрених медичних техніків (США)	2	0	1	0.0
1319	Небіволол	121	0	8	4.0
1320	Невірапін	11	0	2	0.0
1321	Неврит	942	14	47	31.0
1322	Неврома	53	0	11	1.0
1323	Негоджкінська лімфома	795	9	85	21.0
1324	Негоспітальна пневмонія	412	3	37	13.0
1325	Нежить	1413	19	74	48.0
1326	Нейробластома	393	2	31	13.0
1327	Нейродерміт	751	10	42	24.0
1328	Нейроендокринна пухлина	101	0	9	3.0
1329	Нейроінфекції	701	6	37	23.0
1330	Нейропатія	743	13	35	25.0
1331	Нейрофіброматоз	596	5	48	15.0
1332	Нейрофіброматоз І типу	281	3	21	7.0
1333	Нейрофіброматоз II типу	83	0	7	2.0
1334	Некробацильоз	36	0	7	1.0
1335	Некроз	2571	21	132	84.0
1336	Некротичний фасциїт	0	0	0	0.0
1337	Нелфінавір	7	0	2	1.0
1338	Немоноксацин	7	0	2	0.0
1339	Ненуклеозидні інгібітори зворотньої транскриптази	12	0	3	1.0
1340	Неоміцин	144	0	11	5.0
1341	Непарна щитоподібна артерія	18	0	4	1.0
1342	Нервова анорексія	704	7	35	23.0
1343	Нервова система	11662	39	714	352.0
1344	Нервовий вузол	247	2	19	7.0
1345	Нереверсивна маска	98	0	24	3.0
1346	Неспецифічний виразковий коліт	1278	14	64	42.0
1347	Несправжній суглоб	125	0	14	3.0
1348	Нетилміцин	21	0	4	1.0
1349	Нефопам	28	0	5	1.0
1350	Нефротичний синдром	523	2	34	16.0
1351	Нецукровий діабет	473	5	29	15.0
1352	Нещадименко Марко Петрович	11	0	3	0.5
1353	Нижня щитоподібна артерія	34	0	5	1.0
1354	Нижня щитоподібна вена	8	0	2	0.0
1355	Низько-диференційований рак щитоподібної залози	68	0	8	2.0
1356	Нізатидин	11	0	5	0.0
1357	Нікардипін	12	0	2	0.0
1358	Ніклас Сальгрен	4	0	1	0.0
1359	Нікольський Петро Васильович	14	0	2	1.0
1360	Нікорандил	33	0	4	1.0
1361	Ніктурія	192	0	13	6.0
1362	Нілотиніб	15	0	2	1.0
1363	Нільс Алвалл	7	0	2	0.0
1364	Німесулід	557	7	42	17.0
1365	Німодипін	29	0	4	1.0
1366	Німоразол	11	0	2	1.0
1367	Німотузумаб	2	0	1	0.0
1368	Ністагм	949	10	62	27.0
1369	Нітразепам	82	0	9	2.0
1370	Нітрендипін	22	0	4	1.0
1371	Нітроксолін	501	5	32	15.0
1372	Нітрофурани	305	2	24	9.0
1373	Нітрофурантоїн	181	2	15	6.0
1374	Ніфедипін	321	0	24	11.0
1375	Ніфурател	77	0	7	2.0
1376	Ніфуроксазид	559	9	29	18.0
1377	Нобелівська премія з фізіології або медицини	473	1	42	13.0
1378	Новоутворення ендокринних залоз	59	0	5	2.0
1379	Нога людини	844	16	46	27.0
1380	Ножиці атравматичні	15	0	3	0.0
1381	Нозологія	1091	9	73	35.0
1382	Нокардіоз	41	0	4	1.0
1383	Нома	181	0	14	5.0
1384	Норовірусна інфекція	85	1	10	4.0
1385	Норфлоксацин	233	1	16	7.0
1386	Носова канюля	28	0	4	1.0
1387	Носова кровотеча	432	4	29	13.0
1388	Нудота	391	6	19	13.0
1389	Нуклеозидні інгібітори зворотньої транскриптази	51	0	10	1.0
1390	Нюховий горбок	18	0	3	1.0
1391	О'ньйонг'ньйонг	23	0	3	1.0
1392	Обідкова частка	28	0	4	1.0
1393	Обінутузумаб	3	0	1	0.0
1394	Обличчя великої панди (ознака)	9	0	2	0.0
1395	Образцов Василь Парменович	82	0	7	3.0
1396	Обрамлене застереження	20	0	4	1.0
1397	Огорожа (анатомія)	29	0	4	1.0
1398	Одеська обласна клінічна лікарня	45	0	6	2.0
1399	Ожиріння в Україні	72	0	9	2.0
1400	Окоруховий нерв	391	2	30	13.0
1401	Оксаліплатин	72	0	9	2.0
1402	Оксацилін	67	0	6	3.0
1403	Оксибутинін	79	0	11	3.0
1404	Оксиками	34	0	3	1.0
1405	Оксикодон	372	6	21	11.0
1406	Оксиконазол	11	0	2	1.0
1407	Окситоцин	1307	24	61	42.0
1408	Окскарбазепін	28	0	8	1.0
1409	Окспренолол	13	0	2	0.5
1410	Олеандоміцин	10	0	2	0.0
1411	Олігурія	396	4	27	12.0
1412	Олмесартан	41	0	6	1.0
1413	Олопатадин	38	0	4	1.0
1414	Омалізумаб	28	0	4	1.0
1415	Омепразол	577	8	42	16.0
1416	Омнопон	118	1	10	3.0
1417	Омоконазол	5	0	1	0.0
1418	Онейроїд	118	0	11	4.0
1419	Оніхофагія	40	0	5	1.0
1420	Онкологія	924	7	54	30.0
1421	Онкоцит	25	0	5	1.0
1422	Онхоцеркоз	119	0	11	3.0
1423	Операція Крайля	201	1	18	7.0
1424	Оперізуючий герпес	6759	165	285	220.0
1425	Опікова хвороба	604	5	47	19.0
1426	Опіковий шок	526	3	46	13.0
1427	Опісторхоз	735	4	44	25.0
1428	Опортуністична інфекція	290	1	19	10.0
1429	Орієнтовний перелік основних лікарських засобів, розроблений ВООЗ	137	0	15	4.0
1430	Орнідазол	279	2	16	9.0
1431	Орнітоз	420	5	29	12.0
1432	Орхіт	349	3	19	12.0
1433	Орципреналін	38	0	4	1.0
1434	Остеопороз	1883	32	101	57.0
1435	Остеосинтез	200	1	18	6.0
1436	Острівцева кора	122	1	10	3.0
1437	Осьовий хребець	572	4	46	19.0
1438	Отопластика	110	0	18	3.0
1439	Отруєння	1976	11	134	56.0
1440	Отруєння грибами	210	0	14	7.0
1441	Отруєння етиловим спиртом	259	1	18	7.0
1442	Отто Обермаєр	1	0	1	0.0
1443	Офатумумаб	1	0	1	0.0
1444	Офлоксацин	194	2	13	6.0
1445	Офтальмологія	803	13	45	26.0
1446	Офтальмоплегія	113	0	14	3.0
1447	Очеревина	427	7	26	13.0
1448	Очерки гнойной хирургии	14	0	3	0.5
1449	Очна артерія	94	0	8	3.0
1450	Очна ямка	689	1	55	21.0
1451	П'єр Фідель Бретонно	9	0	4	0.0
1452	П'єр-Шарль Александр Луї	5	0	3	0.0
1453	П'ята холерна пандемія	6	0	2	0.0
1454	П'яткова кістка	104	0	9	3.0
1455	Падалка Борис Якович	15	0	3	1.0
1456	Паклітаксел	131	0	10	4.0
1457	Панарицій	828	9	73	26.0
1458	Пандемія	916	9	90	25.0
1459	Пандемія грипу H1N1 (2009)	62	0	7	2.0
1460	Пандемія хвороби, яку спричинює вірус Зіка	30	0	4	1.0
1461	Панкреатична нейроендокринна пухлина	16	0	2	0.5
1462	Пантопразол	270	1	19	8.0
1463	Панцитопенія	251	1	19	8.0
1464	Папілома	1246	21	58	39.0
1465	Папілярний рак щитоподібної залози	448	3	35	14.0
1466	Парааміносаліцилова кислота	33	0	6	1.0
1467	Парагангліома	39	0	5	1.0
1468	Парагонімоз	38	0	4	1.0
1469	Парагрип	605	6	50	19.0
1470	Паразитарна інвазія	494	5	34	16.0
1471	Параліч	730	9	39	24.0
1472	Парамедик	584	9	42	16.0
1473	Паранеопластичний синдром	172	0	13	6.0
1474	Парапроктит	1575	29	100	48.0
1475	Паратгормон	1183	18	77	39.0
1476	Паратиреоїдектомія	30	0	4	1.0
1477	Паратифи	683	2	62	22.0
1478	Паратонзилярний абсцес	1131	26	56	34.0
1479	Паращитоподібна залоза	461	4	35	11.0
1480	Парвовірус В19	267	1	20	8.0
1481	Парекоксиб	10	0	3	0.0
1482	Парентеральне введення	1339	22	74	40.0
1483	Пароксетин	263	3	18	8.0
1484	Пароксизм	262	1	13	8.0
1485	Пароксизмальна тахікардія	1078	15	60	36.0
1486	Паромоміцин	13	0	2	0.0
1487	Паротит	306	0	17	10.0
1488	Парфанович Софія	85	0	12	2.0
1489	Патісіран	5	0	1	0.0
1490	Патогенез	979	7	70	29.0
1491	Патогенез бічного аміотрофічного склерозу	16	0	2	1.0
1492	Патогномонічний симптом	253	2	20	7.0
1493	Патологічна анатомія	1349	11	89	39.0
1494	Патрік Менсон (паразитолог)	9	0	3	0.0
1495	Пауль Лангерганс	15	0	3	0.0
1496	Пахвинна зв'язка	250	2	30	6.0
1497	Пахвинний канал	580	3	44	17.0
1498	Пахвова артерія	111	0	15	3.0
1499	Пахвова вена	34	0	5	1.0
1500	Пахова гранульома	156	1	12	5.0
1501	Пегільований інтерферон альфа-2а	91	0	10	2.5
1502	Пегільований інтерферон альфа-2b	40	0	5	1.0
1503	Пегфілграстим	16	0	2	1.0
1504	Педикульоз	2074	43	101	66.0
1505	Пелещук Анатолій Петрович	13	0	3	1.0
1506	Пембролізумаб	125	1	12	4.0
1507	Пеметрексед	37	0	4	1.0
1508	Пенетрація (медицина)	308	1	25	9.0
1509	Пеніцилін	2000	33	109	61.0
1510	Пентазоцин	32	0	5	1.0
1511	Пентамідин	14	0	3	1.0
1512	Пентобарбітал	153	0	11	5.0
1513	Пентоксифілін	230	2	13	7.0
1514	Пенцикловір	22	0	5	1.0
1515	Пептична виразка	1332	24	70	38.0
1516	Первинний амебний менінгоенцефаліт	38	0	10	1.0
1517	Передменструальний синдром	2198	56	107	66.0
1518	Передня мозкова артерія	105	0	9	3.5
1519	Передня яремна вена	51	1	7	2.0
1520	Передсердний натрійуретичний фактор	152	0	13	4.0
1521	Передчасна еякуляція	1007	16	54	32.0
1522	Переливання крові	1719	19	130	46.0
1523	Перелік інфекційних хвороб людини	4050	28	342	106.0
1524	Перелік курсів екстреної медичної допомоги	17	0	2	1.0
1525	Перелік паразитарних хвороб людини	82	0	21	2.0
1526	Переломи кісток	2146	21	151	57.0
1527	Перикардит	564	6	35	17.0
1528	Перитоніт	2797	59	167	88.0
1529	Періодонтоз	467	5	29	15.0
1530	Перкусія	1258	4	106	43.0
1531	Пероральний прийом лікарських засобів	1767	37	80	56.0
1532	Перстнещитоподібна артерія	0	0	0	0.0
1533	Пертузумаб	23	0	4	1.0
1534	Перша холерна пандемія	12	0	3	1.0
1535	Петер Крауснекер	4	0	1	0.0
1536	Петехія	526	6	39	16.0
1537	Пефлоксацин	25	0	4	1.0
1538	Печериста пазуха	209	0	21	6.0
1539	Печінка	3499	58	201	112.0
1540	Печінкова недостатність	708	6	57	22.0
1541	Печія	832	11	44	25.0
1542	Пирогов Микола Іванович	3117	23	199	93.0
1543	Півкулі головного мозку	846	9	66	25.0
1544	Під'язикова артерія	5	0	1	0.5
1545	Підвисоцький Володимир Валеріанович	75	0	6	2.0
1546	Підвішуюча зв'язка щитоподібної залози	4	0	3	0.0
1547	Підключична артерія	398	2	23	13.0
1548	Підключична вена	69	0	6	2.0
1549	Підотимод	11	0	2	1.0
1550	Підпід'язикова артерія	3	0	2	0.0
1551	Підшкірна ін'єкція	1140	13	74	34.0
1552	Підшкірний мансонельоз	40	0	5	1.0
1553	Підшкірні філяріїдози	29	0	3	1.0
1554	Пієлонефрит	3770	47	214	130.0
1555	Пімозид	23	0	3	1.0
1556	Піндолол	12	0	3	1.0
1557	Пінеалобластома	5	0	2	0.0
1558	Пінеалома	38	0	6	1.0
1559	Пінта (хвороба)	70	0	7	2.0
1560	Піодермія	1579	25	91	48.0
1561	Піпемідова кислота	21	0	3	1.0
1562	Піперазин	160	0	10	5.0
1563	Піперацилін	30	0	6	1.0
1564	Піразинамід	51	0	4	2.0
1565	Пірамідна система	793	8	55	22.0
1566	Пірантел	199	2	21	6.0
1567	Пірибедил	6	0	2	0.5
1568	Піріметамін	32	0	3	1.0
1569	Піріметамін/сульфадоксин	7	0	2	0.0
1570	Пірліндол	16	0	4	1.0
1571	Піроксикам	66	0	6	2.0
1572	Пітавастатин	10	0	2	1.0
1573	Пітуіцитома	18	0	5	0.0
1574	Плазмодій	1090	3	85	26.0
1575	Платифілін	349	3	20	11.0
1576	Плеврит	1904	21	99	63.0
1577	Плевромутилін	10	0	2	0.0
1578	Плечеголовна вена	45	0	9	1.0
1579	Плечоголовний стовбур	89	0	7	2.0
1580	Пліометрика	59	0	4	2.0
1581	Плоска бородавка	142	1	10	5.0
1582	Плоскоклітинна карцинома щитоподібної залози	35	0	4	1.0
1583	Пляма (висип)	229	2	18	7.0
1584	Плямиста гарячка Скелястих Гір	51	0	6	2.0
1585	Пневмоконіоз	442	2	40	13.0
1586	Пневмоторакс	1722	21	134	49.0
1587	Пневмоцистна пневмонія	247	2	24	7.5
1588	Побічна дія (медицина)	3738	85	181	113.0
1589	Поверхнева скронева артерія	76	0	13	2.0
1590	Повільні інфекції	172	1	21	4.0
1591	Повітряно-крапельний механізм передачі інфекції	559	2	41	15.0
1592	Поворотний тиф	116	1	9	3.0
1593	Подагра	4996	107	225	157.0
1594	Позаконазол	7	0	1	1.0
1595	ПоКіФоРо ІнРиКоЗ	22	0	4	1.0
1596	Поле Бродмана 4	15	0	4	1.0
1597	Поле Бродмана 5	7	0	3	0.0
1598	Поле Бродмана 6	15	0	2	1.0
1599	Поле Бродмана 7	7	0	2	0.0
1600	Поле Бродмана 8	12	0	3	0.5
1601	Поле Бродмана 9	11	0	3	1.0
1602	Поле Бродмана 10	31	0	3	1.0
1603	Поле Бродмана 11	8	0	2	0.0
1604	Поле Бродмана 12	8	0	2	0.0
1605	Поле Бродмана 13	10	0	6	0.0
1606	Поле Бродмана 14	7	0	4	0.0
1607	Поле Бродмана 15	3	0	3	0.0
1608	Поле Бродмана 16	2	0	1	0.0
1609	Поле Бродмана 20	6	0	2	0.0
1610	Поле Бродмана 21	8	0	3	0.0
1611	Поле Бродмана 22	14	0	3	1.0
1612	Поле Бродмана 23	8	0	2	0.5
1613	Поле Бродмана 24	3	0	1	0.0
1614	Поле Бродмана 25	17	0	5	1.0
1615	Поле Бродмана 26	7	0	4	0.0
1616	Поле Бродмана 27	12	0	4	0.0
1617	Поле Бродмана 28	12	0	4	0.5
1618	Поле Бродмана 29	6	0	2	0.0
1619	Поле Бродмана 30	5	0	2	0.0
1620	Поле Бродмана 31	1	0	1	0.0
1621	Поле Бродмана 32	6	0	2	0.0
1622	Поле Бродмана 33	1	0	1	0.0
1623	Поле Бродмана 34	9	0	5	0.0
1624	Поле Бродмана 35	8	0	3	0.0
1625	Поле Бродмана 36	4	0	2	0.0
1626	Поле Бродмана 37	9	0	3	0.0
1627	Поле Бродмана 38	18	0	3	0.0
1628	Поле Бродмана 39	8	0	2	0.0
1629	Поле Бродмана 40	20	0	3	1.0
1630	Поле Бродмана 43	6	0	4	0.0
1631	Поле Бродмана 44	12	0	2	1.0
1632	Поле Бродмана 45	15	0	7	0.5
1633	Поле Бродмана 46	9	0	2	0.5
1634	Поле Бродмана 47	10	0	3	0.0
1635	Поле Бродмана 48	1	0	1	0.0
1636	Поле Бродмана 49	2	0	2	0.0
1637	Поле Бродмана 52	2	0	1	0.0
1638	Поліартрит	787	11	41	26.0
1639	Полідипсія	149	1	13	5.0
1640	Полієнові антибіотики	86	0	9	2.0
1641	Полікістоз нирок	448	3	21	14.0
1642	Поліклініка № 1 Державного управління справами	145	0	13	4.5
1643	Поліневрит	399	3	49	12.0
1644	Поліноз	616	7	41	19.0
1645	Поліомієліт	4411	56	249	146.0
1646	Політравма	812	7	63	24.0
1647	Поліфагія (симптом)	112	0	13	3.0
1648	Поля Бродмана	228	1	27	6.0
1649	Поля Бродмана 17, 18, 19. Зорова кора.	45	0	5	1.0
1650	Поля Бродмана 41 і 42	7	0	2	0.0
1651	Поперечна артерія шиї	45	0	6	2.0
1652	Постцентральна звивина	53	0	9	2.0
1653	Потилична артерія	42	0	4	1.0
1654	Потилична частка	484	4	38	14.0
1655	Потрійний-А синдром	42	0	5	1.0
1656	Поясна кора	37	0	5	1.0
1657	Правастатин	14	0	2	0.0
1658	Правець	4181	70	185	140.0
1659	Правило Лібермейстера	14	0	2	1.0
1660	Правцева діагностична тріада	45	0	5	2.0
1661	Празиквантел	112	0	17	3.0
1662	Празозин	99	0	9	3.0
1663	Праміпексол	24	0	3	1.0
1664	Прамірацетам	31	0	8	1.0
1665	Прасугрель	43	0	5	1.5
1666	Прегабалін	685	13	43	22.0
1667	Преднізолон	786	11	37	26.0
1668	Примак Федір Якович	26	0	5	1.0
1669	Пріонові хвороби	3355	4	363	63.0
1670	Проба Шелестюка	159	1	21	5.0
1671	Прогестерон	1973	37	112	61.0
1672	Прогормон	15	0	2	1.0
1673	Прогресивний параліч	33	0	5	1.0
1674	Продромальний період	161	1	12	5.0
1675	Прозектор	16	0	3	1.0
1676	Проказа	2454	37	256	68.0
1677	Прокаїн	329	3	23	10.0
1678	Прокаїнамід	55	0	6	2.0
1679	Проктит	502	9	26	16.0
1680	Пролактин	1436	20	80	45.0
1681	Пролактинома	216	3	14	6.0
1682	Променева терапія	1278	5	85	38.0
1683	Променева хвороба	2174	16	206	73.0
1684	Променево-зап'ястковий суглоб	308	2	32	9.0
1685	Прометазин	90	1	6	2.5
1686	Пропафенон	51	0	8	1.5
1687	Пропілтіоурацил	18	0	3	1.0
1688	Пропранолол	287	0	16	9.0
1689	Пророксан	29	0	6	1.0
1690	Простагландини	549	8	37	16.0
1691	Простатит	3432	80	145	109.0
1692	Протиглисні засоби	78	0	7	2.0
1693	Протипаркінсонічні препарати	58	0	8	1.0
1694	Протіонамід	2	0	1	0.0
1695	Протрузія міжхребцевого диска	795	12	42	29.0
1696	Професійні хвороби	621	3	43	17.0
1697	Прохлорперазин	24	0	3	1.0
1698	Процедура Бенталла	29	0	3	1.0
1699	Псевдобульбарний синдром	500	6	28	17.0
1700	Псевдоефедрин	297	1	21	9.0
1701	Псевдотуберкульоз	653	3	42	20.0
1702	Психіатр	281	4	14	9.0
1703	Псоріаз	4895	95	299	150.0
1704	Пташиний грип	239	1	19	6.0
1705	Пульпіт	710	5	55	21.0
1706	Пульпозне ядро	30	0	5	1.0
1707	Пульс	2789	45	134	89.0
1708	Пульсометрія	62	0	5	2.0
1709	Пухир	240	2	17	7.0
1710	Пухлина головного мозку	2750	40	172	78.0
1711	Пухлинний маркер	389	2	20	13.0
1712	Рабдоміоліз	232	1	16	6.0
1713	Рабепразол	79	0	10	2.0
1714	Разагілін	7	0	2	1.0
1715	Рак легені	2992	50	143	98.0
1716	Рак молочної залози	1482	25	72	48.0
1717	Рак паращитоподібної залози	58	0	6	1.0
1718	Рак підшлункової залози	694	9	36	21.0
1719	Рак стравоходу	366	4	24	11.0
1720	Рак шийки матки	945	13	63	30.0
1721	Рак шкіри	1570	24	73	53.0
1722	Рак щитоподібної залози	651	10	35	19.0
1723	Раково-ембріональний антиген	227	1	13	8.0
1724	Ралтегравір	12	0	2	1.0
1725	Рана	958	4	73	27.0
1726	Рандомізоване контрольоване дослідження	113	0	11	3.0
1727	Ранолазин	85	1	6	3.0
1728	Рауль Бенсауд	1	0	1	0.0
1729	Рафаель Бланшар	75	0	5	3.0
1730	Рахіт	2020	26	123	62.0
1731	Реактивний артрит	961	10	50	32.0
1732	Реакція Асколі	24	0	5	1.0
1733	Реакція пасивної гемаглютинації	67	0	6	3.0
1734	Реанімація (медицина)	1878	19	130	58.0
1735	Ребаміпід	62	0	5	2.0
1736	Реберношийний стовбур	21	0	3	1.0
1737	Ревматизм	4366	58	214	148.0
1738	Ревматологія	569	5	31	18.0
1739	Рейкі	250	3	15	8.0
1740	Рене Лаенек	145	0	125	1.0
1741	Ренін	255	1	19	8.0
1742	Реноваскулярна гіпертензія	212	1	15	6.0
1743	Реовіруси	114	0	13	3.0
1744	Реовірусна інфекція	60	0	8	2.0
1745	Респіраторно-синцитіальна інфекція	287	1	24	9.5
1746	Рестриктивна кардіоміопатія	32	0	5	1.0
1747	Ретапамулін	0	0	0	0.0
1748	Реформа швидкої (екстреної) медичної допомоги в Україні з 2016 року	372	1	35	8.0
1749	Рецидив (медицина)	578	8	32	19.0
1750	Рибавірин	68	0	8	2.0
1751	Ривароксабан	194	1	15	6.0
1752	Ригідність потиличних м'язів	366	5	25	11.0
1753	Рикетсіози	274	1	30	8.0
1754	Римантадин	298	2	18	8.0
1755	Риновірусна інфекція	300	0	25	8.0
1756	Ритонавір	23	0	4	1.0
1757	Ритуксимаб	117	0	10	3.5
1758	Рифабутин	7	0	1	0.0
1759	Рифаксимін	84	0	6	3.0
1760	Рифаміцин	8	0	3	0.0
1761	Рифапентин	6	0	2	0.0
1762	Рідкісна хвороба	523	2	109	9.0
1763	Рілпівірин	4	0	1	0.0
1764	Роберт Кох	727	5	94	20.0
1765	Роботизована хірургія	88	0	13	2.0
1766	Рогівка	955	5	69	31.0
1767	Родимка	589	11	30	18.0
1768	Розлад особистості	466	6	27	15.0
1769	Розширена підтримка життя	130	0	14	4.0
1770	Роксатидин	4	0	1	0.0
1771	Рокситроміцин	24	0	3	1.0
1772	Рольфінг	30	0	3	1.0
1773	Романовський Дмитро Леонідович	4	0	1	1.0
1774	Ропінірол	10	0	3	1.0
1775	Ротавірусна інфекція	4001	69	184	123.0
1776	Ротиготин	2	0	1	0.0
1777	Рофекоксиб	55	0	6	1.5
1778	Рубець (медицина)	688	5	38	22.0
1779	Ручківський Сергій Никифорович	12	0	2	1.0
1780	С-клітина	34	0	6	1.0
1781	Савченко Іван Григорович	68	0	12	2.0
1782	Саквінавір	12	0	3	0.0
1783	Сальбутамол	422	5	28	13.0
1784	Сальгренська Університетська Лікарня	16	0	2	1.0
1785	Сальметерол	69	0	7	2.0
1786	Сальмонельоз	6091	89	305	215.0
1787	Санація (медицина)	581	6	31	19.0
1788	Сап	172	1	11	5.0
1789	Сапроноз	254	1	20	8.0
1790	Саркоїдоз	835	11	49	28.0
1791	Саркома	1584	30	79	52.0
1792	Саркома Капоші	388	3	22	12.0
1793	Саркома Юїнга	1213	8	287	19.0
1794	Саркоцистоз	20	0	5	1.0
1795	Свен Івар Сельдінгер	7	0	2	0.0
1796	Світлобоязнь	83	0	11	2.0
1797	Себастьяно Рівольта	63	1	10	4.0
1798	Севофлуран	123	0	9	4.0
1799	Сезонний афективний розлад	148	2	10	4.0
1800	Секнідазол	114	0	9	4.0
1801	Секретин	92	0	6	3.0
1802	Селегілін	28	0	9	1.0
1803	Сепсис	3570	66	204	110.0
1804	Септичний шок	589	8	42	18.0
1805	Середньомозкове ядро трійчастого нерва	6	0	2	0.0
1806	Середня мозкова артерія	176	2	13	6.0
1807	Середня щитоподібна вена	3	0	1	0.0
1808	Серозні мансонельози	4	0	1	0.0
1809	Серозні філяріїдози	5	0	2	0.0
1810	Серотонін	2372	48	108	76.0
1811	Сертаконазол	34	0	6	1.0
1812	Сертиндол	38	0	12	1.0
1813	Сертралін	255	1	19	8.0
1814	Серце людини	4009	41	193	130.0
1815	Серцева недостатність	3545	47	201	117.0
1816	Серцево-судинні захворювання	1526	16	103	46.0
1817	Сехіфенадин	16	0	2	1.0
1818	Сечокам'яна хвороба	1654	17	104	48.0
1819	Сибірка	1810	14	105	55.0
1820	Силікоз	491	4	38	14.0
1821	Силодозин	37	0	5	1.0
1822	Симпатикотонія	79	0	10	3.0
1823	Симптом	1277	18	77	41.0
1824	Симптом Аарона	15	0	3	1.0
1825	Симптом Абаді	4	0	1	0.0
1826	Симптом Бабінскі	192	4	20	11.0
1827	Симптом блідого носогубного трикутника	98	0	9	3.0
1828	Симптом випорожнень по типу «рисового відвару»	40	0	5	2.0
1829	Симптом Вінтерботтома	7	0	2	0.5
1830	Симптом Гієна	31	0	5	1.0
1831	Симптом Годельє	132	1	10	5.0
1832	Симптом двобічного збільшення потиличних лімфатичних вузлів	51	0	5	2.0
1833	Симптом Добровольської-Ніколадоні	3	0	1	0.0
1834	Симптом каптура	28	0	4	1.0
1835	Симптом каптура (психіатрія)	29	0	3	1.0
1836	Симптом Керніга	335	2	24	11.0
1837	Симптом Кіарі	34	0	5	1.0
1838	Симптом Копліка	469	7	22	15.0
1839	Симптом Курвуазьє	307	0	20	9.0
1840	Симптом Левіна	13	0	3	1.0
1841	Симптом Лессажа	33	0	4	1.0
1842	Симптом малинового желе	196	1	18	5.0
1843	Симптом малинового язика	183	2	13	5.0
1844	Симптом Мюссе	125	0	10	4.0
1845	Симптом Нікольського	170	3	16	8.5
1846	Симптом Падалки	252	2	17	9.0
1847	Симптом Пастіа	60	0	6	2.0
1848	Симптом Піка	11	0	2	1.0
1849	Симптом Романьї	9	0	2	0.5
1850	Симптом рукавичок і шкарпеток	96	0	9	3.0
1851	Симптом Стімсона	17	0	2	1.0
1852	Симптом Стокса	65	0	8	2.0
1853	Симптом триніжка	63	0	10	2.0
1854	Симптом Фаже	21	0	3	1.0
1855	Симптом Феррарі	15	0	5	1.0
1856	Симптом Флатау	41	0	8	1.0
1857	Симптом Форчгеймера	17	0	4	1.0
1858	Симптом Щоткіна-Блюмберга	518	4	31	17.0
1859	Симптоми Брудзинського	244	0	18	9.0
1860	Симптоми Тауссіга	2	0	2	0.0
1861	Синдактилія	246	1	24	7.5
1862	Синдром	997	13	69	30.0
1863	Синдром Аазе — Сміта	28	0	4	1.0
1864	Синдром Аарскога	55	0	6	2.0
1865	Синдром Абдалла — Девіса — Фарража	20	0	3	1.0
1866	Синдром Авелліса	14	0	2	1.0
1867	Синдром Адамса—Олівера	46	0	5	1.5
1868	Синдром Аді	56	0	5	2.0
1869	Синдром Аді—Крітчлі	7	0	2	0.0
1870	Синдром Аєрзи	46	0	8	1.0
1871	Синдром Акерманів	17	0	3	1.0
1872	Синдром Алажілля	71	1	12	2.0
1873	Синдром Аллана—Герндона—Дадлі	22	0	3	1.0
1874	Синдром Аллена—Гайнса	16	0	2	1.0
1875	Синдром Аллена—Мастерса	82	0	8	2.0
1876	Синдром Алстрема	44	0	4	1.0
1877	Синдром Альвареса	18	0	4	1.0
1878	Синдром Альпорта	187	1	17	5.0
1879	Синдром Андерманна	34	0	4	1.0
1880	Синдром Андерсен	28	0	9	1.0
1881	Синдром Антлі—Бікслера	21	0	5	1.0
1882	Синдром Аперта	142	0	38	3.0
1883	Синдром Аракава I	1	0	1	0.0
1884	Синдром Аракава II	2	0	1	0.0
1885	Синдром Аспергера	8675	33	2191	76.0
1886	Синдром Ачора—Сміта	3	0	2	0.0
1887	Синдром Ашара	39	0	4	1.0
1888	Синдром Ашара — Тьєра	18	0	3	1.0
1889	Синдром Ашера	41	0	5	2.0
1890	Синдром Ашермана	210	1	18	6.0
1891	Синдром Бадда — Кіарі	250	0	17	8.0
1892	Синдром Бехчета	181	0	13	6.0
1893	Синдром Бруннера	53	0	5	2.0
1894	Синдром Вегенера	346	5	40	10.0
1895	Синдром відміни	961	12	64	29.0
1896	Синдром Вільямса	327	3	21	9.0
1897	Синдром Вольфа-Паркінсона-Вайта	967	7	54	35.0
1898	Синдром Герстмана — Штройслера — Шейнкера	342	0	45	6.0
1899	Синдром Гієна — Барре	1284	15	137	35.0
1900	Синдром гіпоплазії лівих відділів серця	123	0	12	3.0
1901	Синдром Горнера	548	4	29	18.0
1902	Синдром Гудпасчера	111	0	9	4.0
1903	Синдром Дабіна — Джонсона	93	0	12	2.5
1904	Синдром де Тоні — Дебре — Фанконі	178	0	11	7.5
1905	Синдром Денді—Волкера	197	1	14	6.0
1906	Синдром Доріана Грея	53	0	4	2.0
1907	Синдром Дресслера	291	1	23	8.0
1908	Синдром Едвардса	631	6	35	20.0
1909	Синдром Ейкарді	38	0	6	1.0
1910	Синдром Елліса — ван Кревельда	70	1	12	2.0
1911	Синдром Жильбера	1336	20	82	45.0
1912	Синдром зап'ястного каналу	838	11	44	26.0
1913	Синдром Золлінгера — Еллісона	331	3	28	10.0
1914	Синдром Кавасакі	350	3	25	11.0
1915	Синдром Кейтеля	14	0	2	1.0
1916	Синдром китайського ресторану	51	0	5	2.0
1917	Синдром Корсакова	278	3	31	8.0
1918	Синдром космічної адаптації	73	0	7	2.5
1919	Синдром Котара	247	0	18	7.0
1920	Синдром котячого крику	533	7	30	15.0
1921	Синдром Криглера — Найяра	148	0	17	3.0
1922	Синдром Лаєлла	874	6	54	29.0
1923	Синдром Лауна — Ґанонґа — Левайна	239	1	17	8.0
1924	Синдром Лея	25	0	5	1.0
1925	Синдром Маккюна—Олбрайта	310	2	22	10.0
1926	Синдром Марфана	1513	19	88	44.0
1927	Синдром Морганьї — Адамса — Стокса	406	0	24	13.0
1928	Синдром Морріса	143	0	11	5.0
1929	Синдром Неємія Ашерсона	10	0	3	0.0
1930	Синдром Неймеген	110	0	11	3.0
1931	Синдром Патау	894	14	51	29.0
1932	Синдром Пейтца — Єгерса	168	1	11	5.5
1933	Синдром передчасного збудження шлуночків	91	0	14	2.0
1934	Синдром подразненого кишечника	1338	24	58	43.0
1935	Синдром порушення активності та уваги	1043	20	49	32.0
1936	Синдром раптової дитячої смерті	260	3	20	7.0
1937	Синдром Ретта	288	2	17	9.0
1938	Синдром Рея	400	3	28	12.0
1939	Синдром Ротора	56	0	5	2.0
1940	Синдром Сваєра	57	0	7	1.5
1941	Синдром системної запальної відповіді	251	1	23	6.0
1942	Синдром слабкості синусового вузла	421	5	23	15.0
1943	Синдром Стендаля	238	2	17	8.0
1944	Синдром Стівенса — Джонсона	730	12	44	22.0
1945	Синдром струшеної дитини	532	9	28	17.0
1946	Синдром Такаясу	272	1	25	6.0
1947	Синдром Тернера	902	5	61	27.0
1948	Синдром тривалої гарячки невідомого походження	164	0	12	5.0
1949	Синдром Ундіни	98	0	11	2.5
1950	Синдром хронічної втоми	875	12	40	29.0
1951	Синдром Шегрена	549	5	42	17.0
1952	Синостоз	240	1	18	7.0
1953	Синхондроз	176	0	22	5.0
1954	Сироваткова хвороба	215	2	17	7.0
1955	Сиролімус	28	0	5	1.0
1956	Система винагород	52	0	6	2.0
1957	Система груп крові AB0	283	5	17	9.0
1958	Системна склеродермія	863	12	66	23.0
1959	Системний бартонельоз	29	0	7	1.0
1960	Системний червоний вовчак	4522	44	766	86.0
1961	Сифіліс	9513	131	1648	255.0
1962	Сім'яний канатик	213	1	17	6.0
1963	Сім'яні залози	689	7	44	21.0
1964	Сіра речовина	827	5	71	24.0
1965	Сіріл Гарнем	1	0	1	0.0
1966	Сітківка	1131	6	67	39.0
1967	Сказ	4808	55	326	141.0
1968	Скальпована рана	78	0	14	2.0
1969	Скарлатина	4286	58	257	132.0
1970	Сколіоз	1546	24	90	45.0
1971	Скронева кістка	1366	6	92	44.0
1972	Скронева частка	443	0	36	12.0
1973	Скроневий м'яз	136	0	15	3.5
1974	Слоновість	192	2	16	5.0
1975	Смугасте тіло	214	0	18	6.0
1976	СНІД	7041	80	474	206.0
1977	Содоку	55	0	7	2.0
1978	Сокол Олександра Семенівна	14	0	4	1.0
1979	Соліфенацин	8	0	2	0.0
1980	Соматосенсорна система	39	0	5	1.0
1981	Соматостатин	182	0	14	6.0
1982	Соматостатинома	4	0	1	0.0
1983	Соматотропний гормон	755	11	42	24.0
1984	Сонна хвороба	621	5	38	19.0
1985	Сорафеніб	23	0	4	1.0
1986	Соталол	31	0	6	1.0
1987	Софосбувір	2155	2	142	81.0
1988	Сочевицеподібне ядро	59	0	8	2.0
1989	Спадкові захворювання	1154	3	85	35.0
1990	Спалах інфекційної хвороби	70	0	7	2.0
1991	Спарганоз	18	0	3	1.0
1992	Спарфлоксацин	13	0	3	1.0
1993	Спектиноміцин	26	0	4	1.0
1994	Спинномозкова рідина	1216	15	75	41.0
1995	Спинномозкове ядро трійчастого нерва	24	0	4	1.0
1996	Список лауреатів Нобелівської премії з фізіології або медицини	1510	6	174	34.0
1997	Список спадкових хвороб	546	2	45	17.0
1998	Спінальна анестезія	722	5	42	22.0
1999	Спіраміцин	55	0	6	2.0
2000	Спіраприл	2	0	1	0.0
2001	Спленомегалія	180	0	12	6.0
2002	Справжня поліцитемія	812	7	48	25.0
2003	Стабілізатор мастоцитів	31	0	5	1.0
2004	Ставудин	5	0	2	0.0
2005	Станіслав фон Провасек	10	0	4	0.0
2006	Статини	854	8	46	28.0
2007	Стафілокок	5710	87	316	196.0
2008	Стафілокок золотистий	1739	24	82	57.0
2009	Стафілококова інфекція	3397	63	181	109.0
2010	Стеноз	495	6	42	15.0
2011	Стеноз мітрального клапана	292	2	27	8.0
2012	Стефанський В'ячеслав Карлович	30	0	10	1.0
2013	Стравохід	1287	12	109	38.0
2014	Стрептобацильоз	24	0	4	1.0
2015	Стрептококовий фарингіт	1193	23	51	39.0
2016	Стригучий лишай	290	4	19	9.0
2017	Стрічка Брозлоу для екстреної педіатричної допомоги	12	0	3	1.0
2018	Стронгілоїдоз	356	3	23	11.0
2019	Строфантин	234	3	17	6.0
2020	Стьожак	171	0	19	4.0
2021	Субарахноїдальний крововилив	775	11	47	23.0
2022	Субдуральна гематома	639	8	45	17.0
2023	Субталамічне ядро	73	0	8	2.0
2024	Суглоб	2676	13	190	79.0
2025	Сулодексид	109	0	7	4.0
2026	Сульбактам	94	0	9	2.0
2027	Сульпірид	189	2	10	6.0
2028	Сульфадиметоксин	85	0	7	2.0
2029	Сульфадимідин	13	0	3	0.5
2030	Сульфадіазин	30	0	4	1.0
2031	Сульфадоксин	27	0	3	1.0
2032	Сульфаметоксазол	59	0	6	2.0
2033	Сульфаметоксазол/триметоприм	256	3	16	8.0
2034	Сульфаметрол	4	0	2	0.0
2035	Сульфаніламід	292	2	18	9.0
2036	Сульфацетамід	46	0	4	1.0
2037	Сунітиніб	39	0	6	1.0
2038	Суперечка щодо насичених жирів	16	0	3	1.0
2039	СХ614	1	0	1	0.0
2040	Східний енцефаломієліт коней	166	1	15	4.0
2041	Сьома холерна пандемія	54	1	4	2.0
2042	Т-клітинна терапія лейкозу	13	0	3	1.0
2043	Таблетки, що розпадаються в ротовій порожнині	51	0	6	1.0
2044	Таксани	26	0	4	1.0
2045	Таласемія	515	3	33	17.0
2046	Талінолол	26	0	5	1.0
2047	Тамоксифен	174	2	10	5.0
2048	Тамсулозин	119	1	11	3.0
2049	Тегасерод	20	0	3	1.0
2050	Тегафур	10	0	3	0.0
2051	Тедизолід	9	0	3	0.0
2052	Теїксобактин	37	0	5	1.0
2053	Тейкопланін	40	0	6	1.0
2054	Телапревір	3	0	2	0.0
2055	Телбівудин	2	0	1	0.0
2056	Телемедицина	469	2	36	12.0
2057	Телітроміцин	12	0	3	1.0
2058	Телмісартан	57	0	7	2.0
2059	Темозоломід	22	0	3	1.0
2060	Теніази	26	0	3	1.0
2061	Теніаринхоз	229	0	20	6.0
2062	Теніоз	223	1	16	7.0
2063	Теноксикам	19	0	3	1.0
2064	Тенонітрозол	9	0	2	0.0
2065	Тенофовір	142	1	12	4.0
2066	Тенофовір/Емтрицитабін	49	0	6	2.0
2067	Теобальд Сміт	15	0	3	1.0
2068	Тепловий удар	1247	13	66	39.0
2069	Теразозин	32	0	5	1.0
2070	Тератома	725	3	126	16.0
2071	Тербінафін	80	1	8	3.0
2072	Тербуталін	13	0	3	0.0
2073	Теризидон	3	0	1	0.0
2074	Термінальний нерв	18	0	2	1.0
2075	Терфенадин	27	0	4	1.0
2076	Тестостерон	1744	32	93	54.0
2077	Тетраплегія	174	0	23	5.0
2078	Тизанідин	88	0	7	3.0
2079	Тикагрелор	108	0	11	3.0
2080	Тикарцилін	29	0	4	1.0
2081	Тиклопідин	45	0	4	2.0
2082	Тимолол	36	0	3	1.0
2083	Тинзапарин	9	0	2	0.0
2084	Тинідазол	99	0	11	3.0
2085	Типранавір	4	0	1	0.0
2086	Тиреоглобулін	778	5	48	27.0
2087	Тиреоїдектомія	277	2	19	10.0
2088	Тиреоїдит Хашимото	1270	21	64	42.0
2089	Тиреопероксидаза	342	2	22	10.0
2090	Тиреотропний гормон	1816	20	101	62.0
2091	Тироксин	833	10	65	26.0
2092	Тиротрицин	345	5	27	11.0
2093	Тиф	807	12	42	27.0
2094	Тіамазол	73	0	7	2.0
2095	Тіамфенікол	17	0	6	0.0
2096	Тіанептин	52	0	5	2.0
2097	Тігециклін	19	0	2	1.0
2098	Тім'яна частка	496	3	50	14.0
2099	Тіогуанін	9	0	2	0.5
2100	Тіопентал натрію	237	1	18	7.0
2101	Тіоридазин	50	0	6	2.0
2102	Тіотриазолін	374	5	25	12.0
2103	Тіотропію бромід	124	0	28	2.0
2104	Тітов Михайло Борисович	22	0	9	1.0
2105	Тобраміцин	89	0	9	3.0
2106	Токсичний багатовузловий зоб	186	1	19	5.0
2107	Токсокароз	1169	21	62	36.0
2108	Токсоплазмоз	2293	40	127	73.0
2109	Толперизон	78	0	8	2.0
2110	Толтеродин	18	0	6	1.0
2111	Томас Сиденгам	10	0	2	1.0
2112	Тонкоголкова аспіраційна пункційна біопсія	272	2	22	8.0
2113	Топотекан	19	0	3	1.0
2114	Тореміфен	19	0	3	1.0
2115	Тоцилізумаб	33	0	4	2.0
2116	Трандолаприл	11	0	2	0.0
2117	Трансмісивний механізм передачі інфекції	360	3	26	11.0
2118	Трансплантат	47	0	7	1.0
2119	Трансплантація	825	7	48	26.0
2120	Трансплантація печінки	202	2	15	6.0
2121	Трансплантологія	113	0	8	3.0
2122	Трапецієподібний м'яз	309	3	23	7.0
2123	Трастузумаб	124	1	12	3.5
2124	Трахеїт	955	9	50	32.0
2125	Трахома	203	1	13	7.0
2126	Трематодози	31	0	4	1.0
2127	Третиноїн	81	0	7	2.5
2128	Третій шлуночок	143	0	13	4.0
2129	Третя пандемія чуми	61	0	7	1.5
2130	Третя холерна пандемія	7	0	2	0.0
2131	Триамцинолон	103	0	7	3.0
2132	Тригексифенідил	93	1	8	2.0
2133	Трийодтиронін	228	1	18	7.0
2134	Трикутник Пирогова	262	1	24	6.0
2135	Тримебутин	75	0	8	3.0
2136	Тримеперидин	115	1	11	3.0
2137	Триметазидин	177	0	12	6.0
2138	Триметоприм	90	1	8	3.0
2139	Трипаносомози	89	0	8	3.0
2140	Трипторелін	53	0	11	1.0
2141	Трифлузал	36	0	5	1.0
2142	Трифлуоперазин	40	0	4	1.0
2143	Трихінельоз	425	3	30	14.0
2144	Трихомоноз	2890	44	140	97.0
2145	Трихоцефальоз	258	0	15	8.0
2146	Трициклічні антидепресанти	340	3	21	9.0
2147	Тріада Гатчінсона	67	0	8	2.0
2148	Трійчастий вузол	39	0	7	1.5
2149	Трійчастий нерв	2180	24	165	62.0
2150	Тровафлоксацин	16	0	2	1.0
2151	Тромбоемболія легеневої артерії	2210	22	131	72.0
2152	Тромбоз	862	12	62	27.0
2153	Тромбоз глибоких вен	575	6	31	17.0
2154	Тромбофлебіт	793	10	41	25.0
2155	Тромбоцитопенія	850	8	53	29.0
2156	Тропічна медицина	14	0	2	0.0
2157	Тропічні хвороби	81	0	8	3.0
2158	Троподифен	33	0	5	2.0
2159	Тропонін	649	6	42	21.0
2160	Туберкульоз	9579	120	521	300.0
2161	Туберозний склероз	164	1	20	4.0
2162	Туляремія	704	3	68	19.0
2163	Тулярин	6	0	3	0.0
2164	Тяжкий гострий респіраторний синдром	276	0	32	7.0
2165	Увеїт	477	6	32	14.0
2166	Ударний об'єм	66	0	7	2.0
2167	Українська військово-медична академія	255	3	16	8.0
2168	Українська спілка психотерапевтів	37	0	7	1.0
2169	Український лепрозорій	122	1	9	4.0
2170	Ундециленова кислота	18	0	3	1.0
2171	Урапідил	87	0	9	3.0
2172	Уремія	379	3	22	13.0
2173	Уропепсин	5	0	2	0.0
2174	Устекінумаб	23	0	2	1.0
2175	Фавіпіравір	7	0	1	0.0
2176	Фамотидин	83	0	7	2.0
2177	Фамцикловір	42	0	6	1.0
2178	Фарбування гематоксиліном-еозином	198	2	19	5.0
2179	Фарбування за ван Гізоном	56	0	6	2.0
2180	Фарбування за Романовським—Гімзою	240	0	24	7.0
2181	Фарбування за Цілем — Нільсеном	620	3	62	17.0
2182	Фарингіт	2737	46	127	87.0
2183	Фармацевтика	244	0	32	7.0
2184	Фармація	589	6	44	19.0
2185	Фасціольоз	292	2	20	9.0
2186	Фасція (анатомія)	618	4	45	17.0
2187	Фатальне сімейне безсоння	1420	0	166	24.0
2188	Фекально-оральний механізм	618	3	41	20.0
2189	Фексофенадин	90	0	8	3.0
2190	Фелодипін	31	0	5	1.0
2191	Фенетилін	80	0	11	2.5
2192	Фенілбутазон	34	0	4	1.0
2193	Феніндіон	11	0	2	1.0
2194	Фенітоїн	94	0	7	3.0
2195	Феноксиметилпеніцилін	22	0	4	1.0
2196	Фенотерол	84	0	9	3.0
2197	Фенспірид	84	0	7	3.0
2198	Фентиконазол	38	0	5	1.0
2199	Фентоламін	152	0	13	5.0
2200	Феохромоцитома	502	5	32	14.0
2201	Фердинанд фон Гебра	4	0	1	0.0
2202	Фердинанд Штехер	5	0	1	0.0
2203	Фіброгастродуоденоскопія	256	1	18	8.0
2204	Фіброзне кільце	53	0	6	1.5
2205	Філатов Володимир Петрович	1593	6	146	41.0
2206	Філграстим	44	0	7	1.0
2207	Філіппо Пачіні	3	0	1	0.0
2208	Філяріїдози	162	0	16	5.0
2209	Фінастерид	152	0	14	5.0
2210	Фінголімод	16	0	2	1.0
2211	Флегмона	852	10	46	29.0
2212	Флекаїнід	31	0	3	1.0
2213	Флувастатин	24	0	4	1.0
2214	Флувоксамін	33	0	6	1.0
2215	Флударабін	20	0	3	1.0
2216	Флуконазол	461	3	24	15.0
2217	Флуоксетин	759	9	45	24.0
2218	Флупіртин	9	0	3	0.0
2219	Флурбіпрофен	88	0	8	3.0
2220	Флутамід	74	1	8	2.0
2221	Флуфеназин	24	0	4	1.0
2222	Флуцитозин	21	0	3	1.0
2223	Флюоресцентна гібридизація in situ	168	0	29	3.0
2224	Флюпентиксол	47	0	13	1.0
2225	Фозиноприл	26	0	5	1.0
2226	Фолікулярна клітина	91	0	12	3.0
2227	Фолікулярний рак щитоподібної залози	111	0	11	3.0
2228	Фондапаринукс	25	0	3	1.0
2229	Формотерол	25	0	5	1.0
2230	Фосампренавір	3	0	1	0.0
2231	Фоскарнет	32	0	6	1.0
2232	Фосфазид	1	0	1	0.0
2233	Фосфоміцин	301	2	19	10.0
2234	Фотемустин	2	0	1	0.0
2235	Фрамбезія	166	1	20	5.0
2236	Фраміцетин	54	0	9	2.0
2237	Франц Бабель де Фронсберґ	2	0	2	0.0
2238	Франц де Пауля Нойгаузер	1	0	1	0.0
2239	Фрідріх Гаас	19	0	3	1.0
2240	Фрідріх Фюллеборн	4	0	1	1.0
2241	Фріц Шаудін	43	0	4	2.0
2242	Фталилсульфатіазол	49	0	7	2.0
2243	Фтивазид	22	0	5	0.0
2244	Фторлак	13	0	2	1.0
2245	Фторхінолони	665	3	56	21.0
2246	Фузафунгін	32	0	4	1.0
2247	Фузидова кислота	51	0	5	1.0
2248	Фульвестрант	13	0	4	1.0
2249	Фуразидин	72	0	8	2.0
2250	Фуразолідон	156	1	12	5.0
2251	Фурункульоз	2617	59	132	81.0
2252	Хантавірусний легеневий синдром	32	0	5	1.0
2253	Харчові отруєння	1952	16	133	54.0
2254	Хасімото Хакару	2	0	1	0.0
2255	Хвороба «рука-нога-рот»	636	12	60	19.0
2256	Хвороба Альцгеймера	5335	102	256	167.0
2257	Хвороба Андерсен	16	0	2	1.0
2258	Хвороба Боуена	292	2	22	8.0
2259	Хвороба Верльгофа	797	3	49	25.0
2260	Хвороба Вільсона	811	4	47	27.0
2261	Хвороба Вільяма Александера	55	0	6	2.0
2262	Хвороба Гантінгтона	666	9	41	18.0
2263	Хвороба Гюнтера	112	0	14	3.0
2264	Хвороба Іценка — Кушинга	649	5	38	20.0
2265	Хвороба К'ясанурського лісу	16	0	2	1.0
2266	Хвороба котячих подряпин	814	10	65	21.0
2267	Хвороба Кройцфельда — Якоба	1236	4	110	36.0
2268	Хвороба Лайма	4721	93	303	140.0
2269	Хвороба Менкеса	48	0	9	1.0
2270	Хвороба Паркінсона	4989	102	261	156.0
2271	Хвороба Пейроні	233	1	29	6.0
2272	Хвороба Пертеса	535	5	26	18.0
2273	Хвороба Пламмера	2	0	1	0.0
2274	Хвороба Рандю — Ослера	245	1	19	7.0
2275	Хвороба Рейно	1276	13	78	41.0
2276	Хвороба Росаі — Дорфман	4	0	1	0.0
2277	Хвороба Тея — Сакса	348	2	26	9.5
2278	Хвороба Фарбера	48	0	6	1.5
2279	Хвороба Шагаса	227	2	20	7.0
2280	Хвороба Шамберга	131	0	13	4.0
2281	Хвороба, яку спричинює вірус Ебола	1810	10	166	47.0
2282	Хвороба, яку спричинює вірус Зіка	332	3	24	10.0
2283	Хвороба, яку спричинює вірус Марбург	290	1	29	7.0
2284	Хвороба, яку спричинює вірус Ніпах	62	0	6	2.0
2285	Хвороба, яку спричинює вірус Хендра	50	0	7	2.0
2286	Хвороби, що передаються статевим шляхом	2862	51	166	93.0
2287	Хвостате ядро	87	0	14	3.0
2288	Хидей Ногучі	7	0	1	0.0
2289	Хілоторакс	139	0	13	4.0
2290	Хілурія	38	0	5	1.5
2291	Хінідин	105	0	11	3.0
2292	Хінолони	92	0	11	3.0
2293	Хірургічна операція	1346	11	86	41.0
2294	Хірургія	1031	13	70	32.0
2295	Хіфенадин	22	0	3	1.0
2296	Хламідійна лімфогранульома	226	1	19	7.0
2297	Хламідіоз	3673	67	185	120.0
2298	Хлорамбуцил	22	0	4	1.0
2299	Хлорамфенікол	337	2	33	11.0
2300	Хлордіазепоксид	40	0	6	2.0
2301	Хлоропірамін	96	0	7	3.0
2302	Хлорохін	53	0	8	2.0
2303	Хлорфенамін	152	0	11	5.0
2304	Хлорхінальдол	13	0	3	1.0
2305	Холангіт	357	3	24	11.0
2306	Холера	3158	32	221	86.0
2307	Холерний вібріон	578	3	47	14.0
2308	Холестатичний синдром	583	9	38	18.0
2309	Холецистектомія	271	0	20	9.0
2310	Хоменко Григорій Гнатович	12	0	3	1.0
2311	Хондрит (хвороба)	18	0	4	1.0
2312	Хоріонічний гонадотропін	1877	16	113	63.0
2313	Хоріосклероз	48	1	5	2.0
2314	Хржонщевський Никанор Адамович	54	0	10	2.0
2315	Хромафінні клітини	35	0	3	1.0
2316	Хронічна ниркова недостатність	803	9	50	23.0
2317	Хронічний гастрит	819	8	48	29.0
2318	Хронічний гепатит	576	2	46	17.0
2319	Хронічний лімфолейкоз	181	1	12	5.0
2320	Хронічний мієлоцитарний лейкоз	154	0	15	4.0
2321	Хронічний панкреатит	875	10	47	28.0
2322	Цві Ларон	7	0	1	1.0
2323	Целекоксиб	153	0	13	4.0
2324	Центральний госпіталь Міністерства внутрішніх справ України	411	3	27	14.0
2325	Центральний госпіталь Служби безпеки України	344	3	27	10.0
2326	Центральний клінічний госпіталь Державної прикордонної служби України	424	1	36	13.0
2327	Ценуроз	22	0	6	1.0
2328	Церивастатин	19	0	3	1.0
2329	Цетиризин	240	2	13	8.0
2330	Цетуксимаб	36	0	8	1.0
2331	Цефадроксил	30	0	4	1.0
2332	Цефазолін	131	0	12	4.0
2333	Цефаклор	27	0	3	1.0
2334	Цефалексин	176	0	14	5.0
2335	Цефалоспорини	793	7	40	26.0
2336	Цефалотин	19	0	4	1.0
2337	Цефамандол	18	0	3	1.0
2338	Цефепім	91	0	11	2.0
2339	Цефіксим	245	1	19	8.0
2340	Цефоперазон	77	0	8	2.0
2341	Цефотаксим	210	2	15	6.0
2342	Цефпірамід	1	0	1	0.0
2343	Цефпіром	18	0	4	1.0
2344	Цефподоксим	249	2	13	8.0
2345	Цефпрозил	30	0	4	1.0
2346	Цефрадин	21	0	4	1.0
2347	Цефтазидим	51	0	7	1.0
2348	Цефтаролін	45	0	4	1.5
2349	Цефтібутен	16	0	5	0.0
2350	Цефтізоксим	2	0	1	0.0
2351	Цефтобіпрол	30	0	3	1.0
2352	Цефтріаксон	1205	24	53	38.0
2353	Цефуроксим	145	1	11	4.0
2354	Цеце	446	5	48	12.0
2355	Цидофовір	18	0	4	1.0
2356	Цизаприд	70	0	7	2.0
2357	Циклосерин	24	0	4	1.0
2358	Циклоспорин	123	0	21	3.0
2359	Циклофосфамід	93	0	9	3.0
2360	Цилазаприл	10	0	7	0.0
2361	Цилостазол	54	0	9	2.0
2362	Циметидин	53	0	7	1.0
2363	Цинаризин	307	4	19	10.0
2364	Ципрогептадин	81	1	6	2.5
2365	Ципротерон	115	0	23	2.0
2366	Ципрофлоксацин	567	5	33	18.0
2367	Цироз печінки	1684	31	101	50.0
2368	Цисплатин	108	0	9	3.0
2369	Цистит	2279	44	106	70.0
2370	Цистицеркоз	329	4	17	11.0
2371	Циталопрам	118	0	12	3.0
2372	Цитарабін	33	0	4	1.0
2373	Цитиколін	231	1	20	8.0
2374	Цитомегаловірус	1600	19	92	56.0
2375	Цитомегаловірусна інфекція	1669	21	90	57.0
2376	Ціп'як бичачий	1099	10	114	33.0
2377	Ціп'як свинячий	585	2	95	14.0
2378	Ціп'як собачий	108	0	9	3.0
2379	Цукровий діабет	7763	134	361	252.0
2380	Цукровий діабет тип 1	565	5	37	16.0
2381	Цукровий діабет тип 2	2680	52	112	92.0
2382	Цуцугамуші	46	0	8	1.0
2383	Червоне ядро	60	0	7	1.0
2384	Черевний тиф	3109	23	195	102.0
2385	Черепні нерви	2614	28	158	90.0
2386	Черепно-мозкова травма	1909	24	106	64.0
2387	Чернов Василь Єгорович	17	0	3	1.0
2388	Четверта холерна пандемія	3	0	1	0.0
2389	Четвертий шлуночок	133	0	15	4.0
2390	Чікунгунья	83	0	7	2.0
2391	Чоловіча статева система	6559	148	273	214.0
2392	Чорна речовина	146	0	16	5.0
2393	Чорна смерть	1462	18	75	49.0
2394	Чорна Тамара Трохимівна	3	0	1	0.0
2395	Чума	4276	60	260	131.0
2396	Чума Юстиніана	202	0	19	6.0
2397	Чумна паличка	227	1	21	6.0
2398	Шагома	3	0	2	0.0
2399	Шарлотта Кліверлі-Бісман	27	0	3	1.0
2400	Шарль Манту	23	0	3	1.0
2401	Шевчук Віктор Григорович	36	0	4	1.5
2402	Шигелла Бойда	10	0	2	1.0
2403	Шигельоз	1733	15	131	46.0
2404	Шизофренія	7044	176	305	229.0
2405	Шийний відділ хребта	1655	13	127	53.0
2406	Шина (медицина)	205	1	29	5.0
2407	Шистосомози	140	0	10	4.0
2408	Шия	487	2	40	14.0
2409	Шкала Франкеля	143	0	14	4.0
2410	Шкурба Андрій Вікторович	33	0	4	1.0
2411	Шлунково-кишкова кровотеча	1488	25	86	45.0
2412	Шлунок	2528	28	180	76.0
2413	Шок (медицина)	2385	25	141	81.0
2414	Шоста холерна пандемія	7	0	2	0.0
2415	Шпательний тест	18	0	4	1.0
2416	Шпиталь	272	2	16	8.0
2417	Щербак Юрій Миколайович	274	1	16	8.0
2418	Щитоподібна залоза	5188	56	287	163.0
2419	Щитоподібний хрящ	109	0	10	4.0
2420	Щитошийний стовбур	42	0	4	2.0
2421	Щока	139	0	10	5.0
2422	Юкстагломерулярний апарат	82	0	12	3.0
2423	Юстинус Кернер	9	0	2	1.0
2424	Яворовський Олександр Петрович	35	0	4	1.0
2425	Ядро Едінгера-Вестфаля	56	0	8	2.0
2426	Ядро лицевого нерва	22	0	3	1.0
2427	Ядро одинокого шляху	44	0	7	1.5
2428	Ядро окорухового нерва	43	0	4	2.0
2429	Язикова артерія	27	0	3	1.0
2430	Язикова вена	5	0	2	0.0
2431	Яйцеклітина	3494	21	230	114.0
2432	Ящур	802	4	49	24.0
2433	Aedes albopictus	62	0	7	2.0
2434	Anoplura	84	0	6	2.0
2435	ATC код A	40	0	5	1.0
2436	ATC код B	29	0	4	1.0
2437	ATC код C	24	0	4	1.0
2438	ATC код G	12	0	4	0.5
2439	ATC код H	12	0	3	0.0
2440	ATC код J	13	0	2	1.0
2441	ATC код L	11	0	2	0.0
2442	ATC код N	22	0	3	0.5
2443	ATC код P	8	0	3	0.0
2444	ATC код S	7	0	2	0.0
2445	BMJ	38	0	5	1.0
2446	BRCA1	93	0	8	3.0
2447	Chlamydophila psittaci	41	0	4	1.0
2448	Clostridium botulinum	236	0	15	7.0
2449	D-димер	794	9	37	27.0
2450	Déviation conjuguée	16	0	2	1.0
2451	Francisella tularensis	29	0	5	1.0
2452	G-клітина	22	0	4	1.0
2453	H5N1	50	0	9	2.0
2454	Helicobacter pylori	2057	29	94	68.0
2455	HeRAMS	11	0	3	0.0
2456	International Trauma Life Support	21	0	4	1.0
2457	Medscape	30	0	4	1.0
2458	Mycobacterium ulcerans	15	0	4	1.0
2459	OMIM	87	0	7	2.0
2460	Plasmodium falciparum	99	0	11	3.0
2461	Plasmodium knowlesi	9	0	2	1.0
2462	Plasmodium malariae	224	0	29	7.0
2463	Plasmodium ovale	42	0	5	1.0
2464	Plasmodium vivax	106	1	11	3.0
2465	PubMed	353	3	72	8.0
2466	SAMPLE	137	1	11	4.0
2467	Tc-99m-MIBI	19	0	3	0.5
2468	Terminologia Anatomica	37	0	16	1.0
2469	The Lancet	63	0	5	2.0
2470	Torch-інфекції	3441	48	174	121.0
2471	UniProt	39	0	11	1.0
2472	Whonamedit?	6	0	1	0.0
2473	Yersinia enterocolitica	102	0	8	3.0
2474	Yersinia pseudotuberculosis	50	0	7	1.0
2475	ZMapp	76	0	14	2.0
